   -0.5000000000         141.7510700         6.881897000         84.91916600        -34.12100176         182.7539688         4.741127622         2.635839579       -0.4500000000    
   -0.4982387476         140.2504581         6.865425364         83.53311222        -33.33299603         180.4488795         4.741127622         2.635839579       -0.4482387476    
   -0.4964774951         138.7616953         6.848874181         82.15949352        -32.55329569         178.1638651         4.741127622         2.635839579       -0.4464774951    
   -0.4947162427         137.2847814         6.832243453         80.79830991        -31.78190865         175.8989335         4.741127622         2.635839579       -0.4447162427    
   -0.4929549902         135.8197165         6.815533178         79.44956140        -31.01884292         173.6540926         4.741127622         2.635839579       -0.4429549902    
   -0.4911937378         134.3665006         6.798743356         78.11324797        -30.26410667         171.4293507         4.741127622         2.635839579       -0.4411937378    
   -0.4894324853         132.9251338         6.781873989         76.78936963        -29.51770817         169.2247159         4.741127622         2.635839579       -0.4394324853    
   -0.4876712329         131.4956159         6.764925075         75.47792637        -28.77965587         167.0401968         4.741127622         2.635839579       -0.4376712329    
   -0.4859099804         130.0779470         6.747896615         74.17891821        -28.04995830         164.8758019         4.741127622         2.635839579       -0.4359099804    
   -0.4841487280         128.6721271         6.730788608         72.89234513        -27.32862416         162.7315399         4.741127622         2.635839579       -0.4341487280    
   -0.4823874755         127.2781562         6.713601055         71.61820714        -26.61566224         160.6074195         4.741127622         2.635839579       -0.4323874755    
   -0.4806262231         125.8960343         6.696333956         70.35650425        -25.91108147         158.5034497         4.741127622         2.635839579       -0.4306262231    
   -0.4788649706         124.5257614         6.678987311         69.10723643        -25.21489090         156.4196396         4.741127622         2.635839579       -0.4288649706    
   -0.4771037182         123.1673375         6.661561119         67.87040371        -24.52709966         154.3559983         4.741127622         2.635839579       -0.4271037182    
   -0.4753424658         121.8207626         6.644055381         66.64600608        -23.84771702         152.3125350         4.741127622         2.635839579       -0.4253424658    
   -0.4735812133         120.4860367         6.626470097         65.43404353        -23.17675231         150.2892591         4.741127622         2.635839579       -0.4235812133    
   -0.4718199609         119.1631598         6.608805266         64.23451607        -22.51421499         148.2861800         4.741127622         2.635839579       -0.4218199609    
   -0.4700587084         117.8521319         6.591060889         63.04742371        -21.86011456         146.3033073         4.741127622         2.635839579       -0.4200587084    
   -0.4682974560         116.5529529         6.573236966         61.87276643        -21.21446062         144.3406505         4.741127622         2.635839579       -0.4182974560    
   -0.4665362035         115.2656230         6.555333497         60.71054423        -20.57726280         142.3982193         4.741127622         2.635839579       -0.4165362035    
   -0.4647749511         113.9901421         6.537350481         59.56075713        -19.94853080         140.4760234         4.741127622         2.635839579       -0.4147749511    
   -0.4630136986         112.7265102         6.519287919         58.42340511        -19.32827434         138.5740724         4.741127622         2.635839579       -0.4130136986    
   -0.4612524462         111.4747272         6.501145811         57.29848819        -18.71650317         136.6923762         4.741127622         2.635839579       -0.4112524462    
   -0.4594911937         110.2347933         6.482924156         56.18600635        -18.11322701         134.8309445         4.741127622         2.635839579       -0.4094911937    
   -0.4577299413         109.0067084         6.464622955         55.08595960        -17.51845559         132.9897869         4.741127622         2.635839579       -0.4077299413    
   -0.4559686888         107.7904724         6.446242208         53.99834794        -16.93219858         131.1689132         4.741127622         2.635839579       -0.4059686888    
   -0.4542074364         106.5860855         6.427781914         52.92317137        -16.35446562         129.3683330         4.741127622         2.635839579       -0.4042074364    
   -0.4524461840         105.3935476         6.409242075         51.86042988        -15.78526622         127.5880559         4.741127622         2.635839579       -0.4024461840    
   -0.4506849315         104.2128586         6.390622688         50.81012348        -15.22460981         125.8280911         4.741127622         2.635839579       -0.4006849315    
   -0.4489236791         103.0440187         6.371923756         49.77225218        -14.67250566         124.0884481         4.741127622         2.635839579       -0.3989236791    
   -0.4471624266         101.8870277         6.353145277         48.74681596        -14.12896287         122.3691359         4.741127622         2.635839579       -0.3971624266    
   -0.4454011742         100.7418858         6.334287252         47.73381483        -13.59399034         120.6701634         4.741127622         2.635839579       -0.3954011742    
   -0.4436399217         99.60859280         6.315349681         46.73324878        -13.06759672         118.9915392         4.741127622         2.635839579       -0.3936399217    
   -0.4418786693         98.48714884         6.296332563         45.74511783        -12.54979036         117.3332718         4.741127622         2.635839579       -0.3918786693    
   -0.4401174168         97.37755387         6.277235900         44.76942196        -12.04057930         115.6953691         4.741127622         2.635839579       -0.3901174168    
   -0.4383561644         96.27980790         6.258059689         43.80616119        -11.53997119         114.0778388         4.741127622         2.635839579       -0.3883561644    
   -0.4365949119         95.19391093         6.238803933         42.85533550        -11.04797326         112.4806881         4.741127622         2.635839579       -0.3865949119    
   -0.4348336595         94.11986296         6.219468630         41.91694490        -10.56459225         110.9039238         4.741127622         2.635839579       -0.3848336595    
   -0.4330724070         93.05766398         6.200053781         40.99098938        -10.08983437         109.3475521         4.741127622         2.635839579       -0.3830724070    
   -0.4313111546         92.00731400         6.180559386         40.07746896        -9.623705206         107.8115786         4.741127622         2.635839579       -0.3813111546    
   -0.4295499022         90.96881302         6.160985444         39.17638363        -9.166209700         106.2960082         4.741127622         2.635839579       -0.3795499022    
   -0.4277886497         89.94216104         6.141331956         38.28773338        -8.717352033         104.8008450         4.741127622         2.635839579       -0.3777886497    
   -0.4260273973         88.92735805         6.121598922         37.41151822        -8.277135574         103.3260925         4.741127622         2.635839579       -0.3760273973    
   -0.4242661448         87.92440406         6.101786341         36.54773815        -7.845562790         101.8717532         4.741127622         2.635839579       -0.3742661448    
   -0.4225048924         86.93329906         6.081894214         35.69639317        -7.422635159         100.4378284         4.741127622         2.635839579       -0.3725048924    
   -0.4207436399         85.95404307         6.061922541         34.85748327        -7.008353082         99.02431869         4.741127622         2.635839579       -0.3707436399    
   -0.4189823875         84.98663607         6.041871322         34.03100847        -6.602715785         97.63122317         4.741127622         2.635839579       -0.3689823875    
   -0.4172211350         84.03107806         6.021740556         33.21696875        -6.205721212         96.25853983         4.741127622         2.635839579       -0.3672211350    
   -0.4154598826         83.08736906         6.001530244         32.41536413        -5.817365922         94.90626522         4.741127622         2.635839579       -0.3654598826    
   -0.4136986301         82.15550905         5.981240386         31.62619459        -5.437644973         93.57439441         4.741127622         2.635839579       -0.3636986301    
   -0.4119373777         81.23549804         5.960870981         30.84946013        -5.066551802         92.26292082         4.741127622         2.635839579       -0.3619373777    
   -0.4101761252         80.32733602         5.940422030         30.08516077        -4.704078100         90.97183615         4.741127622         2.635839579       -0.3601761252    
   -0.4084148728         79.43102300         5.919893533         29.33329650        -4.350213683         89.70113022         4.741127622         2.635839579       -0.3584148728    
   -0.4066536204         78.54655898         5.899285490         28.59386731        -4.004946354         88.45079083         4.741127622         2.635839579       -0.3566536204    
   -0.4048923679         77.67394396         5.878597900         27.86687321        -3.668261764         87.22080362         4.741127622         2.635839579       -0.3548923679    
   -0.4031311155         76.81317793         5.857830764         27.15231421        -3.340143265         86.01115196         4.741127622         2.635839579       -0.3531311155    
   -0.4013698630         75.96426090         5.836984081         26.45019028        -3.020571762         84.82181675         4.741127622         2.635839579       -0.3513698630    
   -0.3996086106         75.12719287         5.816057853         25.76050145        -2.709525555         83.65277628         4.741127622         2.635839579       -0.3496086106    
   -0.3978473581         74.30197383         5.795052078         25.08324771        -2.406980184         82.50400609         4.741127622         2.635839579       -0.3478473581    
   -0.3960861057         73.48860379         5.773966756         24.41842905        -2.112908270         81.37547882         4.741127622         2.635839579       -0.3460861057    
   -0.3943248532         72.68708275         5.752801889         23.76604549        -1.827279348         80.26716399         4.741127622         2.635839579       -0.3443248532    
   -0.3925636008         71.89741071         5.731557475         23.12609701        -1.550059710         79.17902789         4.741127622         2.635839579       -0.3425636008    
   -0.3908023483         71.11958766         5.710233515         22.49858362        -1.281212236         78.11103341         4.741127622         2.635839579       -0.3408023483    
   -0.3890410959         70.35361361         5.688830008         21.88350532        -1.020696233         77.06313985         4.741127622         2.635839579       -0.3390410959    
   -0.3872798434         69.59948856         5.667346956         21.28086210       -0.7684672787         76.03530279         4.741127622         2.635839579       -0.3372798434    
   -0.3855185910         68.85721250         5.645784356         20.69065398       -0.5244770585         75.02747392         4.741127622         2.635839579       -0.3355185910    
   -0.3837573386         68.12678544         5.624142211         20.11288094       -0.2886732203         74.03960087         4.741127622         2.635839579       -0.3337573386    
   -0.3819960861         67.40820738         5.602420519         19.54754299       -0.6099922788E-01     73.07162713         4.741127622         2.635839579       -0.3319960861    
   -0.3802348337         66.70147831         5.580619282         18.99464013        0.1586057737         72.12349182         4.741127622         2.635839579       -0.3302348337    
   -0.3784735812         66.00659824         5.558738497         18.45417236        0.3702070820         71.19512966         4.741127622         2.635839579       -0.3284735812    
   -0.3767123288         65.32356717         5.536778167         17.92613968        0.5738745492         70.28647079         4.741127622         2.635839579       -0.3267123288    
   -0.3749510763         64.65238510         5.514738290         17.41054208        0.7696826777         69.39744071         4.741127622         2.635839579       -0.3249510763    
   -0.3731898239         63.99305202         5.492618867         16.90737958        0.9577106997         68.52796019         4.741127622         2.635839579       -0.3231898239    
   -0.3714285714         63.34556794         5.470419897         16.41665216         1.138042636         67.67794520         4.741127622         2.635839579       -0.3214285714    
   -0.3696673190         62.70993286         5.448141382         15.93835983         1.310767332         66.84730691         4.741127622         2.635839579       -0.3196673190    
   -0.3679060665         62.08614677         5.425783320         15.47250259         1.475978475         66.03595162         4.741127622         2.635839579       -0.3179060665    
   -0.3661448141         61.47420968         5.403345711         15.01908044         1.633774572         65.24378082         4.741127622         2.635839579       -0.3161448141    
   -0.3643835616         60.87412159         5.380828557         14.57809337         1.784258912         64.47069124         4.741127622         2.635839579       -0.3143835616    
   -0.3626223092         60.28588250         5.358231856         14.14954140         1.927539491         63.71657486         4.741127622         2.635839579       -0.3126223092    
   -0.3608610568         59.70949240         5.335555609         13.73342451         2.063728898         62.98131911         4.741127622         2.635839579       -0.3108610568    
   -0.3590998043         59.14495130         5.312799815         13.32974271         2.192944173         62.26480694         4.741127622         2.635839579       -0.3090998043    
   -0.3573385519         58.59225919         5.289964475         12.93849600         2.315306625         61.56691704         4.741127622         2.635839579       -0.3073385519    
   -0.3555772994         58.05141609         5.267049589         12.55968438         2.430941606         60.88752407         4.741127622         2.635839579       -0.3055772994    
   -0.3538160470         57.52242198         5.244055157         12.19330785         2.539978253         60.22649888         4.741127622         2.635839579       -0.3038160470    
   -0.3520547945         57.00527686         5.220981178         11.83936640         2.642549177         59.58370887         4.741127622         2.635839579       -0.3020547945    
   -0.3502935421         56.49998075         5.197827653         11.49786004         2.738790120         58.95901828         4.741127622         2.635839579       -0.3002935421    
   -0.3485322896         56.00393312         5.174599642         11.16622658         2.829765276         58.34876749         4.741127622         2.635839579       -0.2985322896    
   -0.3467710372         55.51234905         5.151306452         10.83975158         2.917253757         57.74640174         4.741127622         2.635839579       -0.2967710372    
   -0.3450097847         55.02512451         5.127948288         10.51833256         3.001319528         57.15175327         4.741127622         2.635839579       -0.2950097847    
   -0.3432485323         54.54225950         5.104525148         10.20196951         3.081990410         56.56479424         4.741127622         2.635839579       -0.2932485323    
   -0.3414872798         54.06375403         5.081037034         9.890662434         3.159295667         55.98549540         4.741127622         2.635839579       -0.2914872798    
   -0.3397260274         53.58960809         5.057483944         9.584411332         3.233266043         55.41382599         4.741127622         2.635839579       -0.2897260274    
   -0.3379647750         53.11982169         5.033865879         9.283216205         3.303933788         54.84975378         4.741127622         2.635839579       -0.2879647750    
   -0.3362035225         52.65439482         5.010182839         8.987077051         3.371332686         54.29324497         4.741127622         2.635839579       -0.2862035225    
   -0.3344422701         52.19332748         4.986434824         8.695993872         3.435498075         53.74426423         4.741127622         2.635839579       -0.2844422701    
   -0.3326810176         51.73661968         4.962621834         8.409966668         3.496466873         53.20277464         4.741127622         2.635839579       -0.2826810176    
   -0.3309197652         51.28427141         4.938743868         8.128995437         3.554277592         52.66873768         4.741127622         2.635839579       -0.2809197652    
   -0.3291585127         50.83628267         4.914800928         7.853080181         3.608970354         52.14211324         4.741127622         2.635839579       -0.2791585127    
   -0.3273972603         50.39265347         4.890793012         7.582220899         3.660586904         51.62285958         4.741127622         2.635839579       -0.2773972603    
   -0.3256360078         49.95338380         4.866720122         7.316417591         3.709170611         51.11093331         4.741127622         2.635839579       -0.2756360078    
   -0.3238747554         49.51847366         4.842582256         7.055670258         3.754766477         50.60628944         4.741127622         2.635839579       -0.2738747554    
   -0.3221135029         49.08792306         4.818379415         6.799978899         3.797421134         50.10888134         4.741127622         2.635839579       -0.2721135029    
   -0.3203522505         48.66173200         4.794111599         6.549343514         3.837182834         49.61866076         4.741127622         2.635839579       -0.2703522505    
   -0.3185909980         48.23990046         4.769778808         6.303764103         3.874101445         49.13557782         4.741127622         2.635839579       -0.2685909980    
   -0.3168297456         47.82242846         4.745381042         6.063240667         3.908228427         48.65958108         4.741127622         2.635839579       -0.2668297456    
   -0.3150684932         47.40931599         4.720918301         5.827773204         3.939616815         48.19061748         4.741127622         2.635839579       -0.2650684932    
   -0.3133072407         47.00056306         4.696390584         5.597361716         3.968321192         47.72863245         4.741127622         2.635839579       -0.2633072407    
   -0.3115459883         46.59616966         4.671797893         5.372006203         3.994397651         47.27356990         4.741127622         2.635839579       -0.2615459883    
   -0.3097847358         46.19613580         4.647140226         5.151706663         4.017903763         46.82537226         4.741127622         2.635839579       -0.2597847358    
   -0.3080234834         45.80046146         4.622417584         4.936463098         4.038898525         46.38398052         4.741127622         2.635839579       -0.2580234834    
   -0.3062622309         45.40914667         4.597629967         4.726275507         4.057442313         45.94933432         4.741127622         2.635839579       -0.2562622309    
   -0.3045009785         45.02219140         4.572777375         4.521143890         4.073596822         45.52137195         4.741127622         2.635839579       -0.2545009785    
   -0.3027397260         44.63959567         4.547859808         4.321068248         4.087425003         45.10003047         4.741127622         2.635839579       -0.2527397260    
   -0.3009784736         44.26135947         4.522877266         4.126048580         4.098990988         44.68524575         4.741127622         2.635839579       -0.2509784736    
   -0.2992172211         43.88748281         4.497829748         3.936084886         4.108360018         44.27695254         4.741127622         2.635839579       -0.2492172211    
   -0.2974559687         43.51796568         4.472717256         3.751177166         4.115598355         43.87508458         4.741127622         2.635839579       -0.2474559687    
   -0.2956947162         43.15280808         4.447539788         3.571325421         4.120773190         43.47957468         4.741127622         2.635839579       -0.2456947162    
   -0.2939334638         42.79201002         4.422297346         3.396529650         4.123952551         43.09035481         4.741127622         2.635839579       -0.2439334638    
   -0.2921722114         42.43557149         4.396989928         3.226789853         4.125205193         42.70735622         4.741127622         2.635839579       -0.2421722114    
   -0.2904109589         42.08349249         4.371617535         3.062106030         4.124600490         42.33050954         4.741127622         2.635839579       -0.2404109589    
   -0.2886497065         41.73577303         4.346180167         2.902478182         4.122208319         41.95974488         4.741127622         2.635839579       -0.2386497065    
   -0.2868884540         41.39241310         4.320677824         2.747906308         4.118098937         41.59499199         4.741127622         2.635839579       -0.2368884540    
   -0.2851272016         41.05341271         4.295110506         2.598390408         4.112342851         41.23618036         4.741127622         2.635839579       -0.2351272016    
   -0.2833659491         40.71877185         4.269478212         2.453930482         4.105010684         40.88323938         4.741127622         2.635839579       -0.2333659491    
   -0.2816046967         40.38849052         4.243780944         2.314526531         4.096173036         40.53609843         4.741127622         2.635839579       -0.2316046967    
   -0.2798434442         40.06256873         4.218018700         2.180178554         4.085900337         40.19468709         4.741127622         2.635839579       -0.2298434442    
   -0.2780821918         39.74100647         4.192191482         2.050886551         4.074262700         39.85893525         4.741127622         2.635839579       -0.2280821918    
   -0.2763209393         39.42380374         4.166299288         1.926650522         4.061329759         39.52877327         4.741127622         2.635839579       -0.2263209393    
   -0.2745596869         39.11096055         4.140342119         1.807470468         4.047170517         39.20413215         4.741127622         2.635839579       -0.2245596869    
   -0.2727984344         38.80247689         4.114319975         1.693346388         4.031853177         38.88494369         4.741127622         2.635839579       -0.2227984344    
   -0.2710371820         38.49835277         4.088232856         1.584278282         4.015444978         38.57114064         4.741127622         2.635839579       -0.2210371820    
   -0.2692759295         38.19858818         4.062080761         1.480266150         3.998012020         38.26265692         4.741127622         2.635839579       -0.2192759295    
   -0.2675146771         37.90318312         4.035863692         1.381309993         3.979619092         37.95942772         4.741127622         2.635839579       -0.2175146771    
   -0.2657534247         37.61213759         4.009581648         1.287409810         3.960329494         37.66138975         4.741127622         2.635839579       -0.2157534247    
   -0.2639921722         37.32545160         3.983234628         1.198565601         3.940204858         37.36848137         4.741127622         2.635839579       -0.2139921722    
   -0.2622309198         37.04312515         3.956822633         1.114777366         3.919304963         37.08064282         4.741127622         2.635839579       -0.2122309198    
   -0.2604696673         36.76515822         3.930345663         1.036045106         3.897687554         36.79781633         4.741127622         2.635839579       -0.2104696673    
   -0.2587084149         36.49155083         3.903803718        0.9623688198         3.875408155         36.51994640         4.741127622         2.635839579       -0.2087084149    
   -0.2569471624         36.22230298         3.877196798        0.8937485080         3.852519883         36.24697989         4.741127622         2.635839579       -0.2069471624    
   -0.2551859100         35.95741466         3.850524903        0.8301841704         3.829073259         35.97886630         4.741127622         2.635839579       -0.2051859100    
   -0.2534246575         35.69688587         3.823788033        0.7716758071         3.805116020         35.71555788         4.741127622         2.635839579       -0.2034246575    
   -0.2516634051         35.44071661         3.796986188        0.7182234180         3.780692931         35.45700987         4.741127622         2.635839579       -0.2016634051    
   -0.2499021526         35.18890279         3.770119538        0.6698228620         3.755845945         35.20317638         4.741127622         2.635839579       -0.1999021526    
   -0.2481409002         34.93997420         3.743249212        0.6249915809         3.730733224         34.95249018         4.741127622         2.635839579       -0.1981409002    
   -0.2463796477         34.69274401         3.716424555        0.5825327613         3.705473464         34.70369510         4.741127622         2.635839579       -0.1963796477    
   -0.2446183953         34.44721223         3.689645569        0.5424464030         3.680081853         34.45677595         4.741127622         2.635839579       -0.1946183953    
   -0.2428571429         34.20337886         3.662912252        0.5047325061         3.654572977         34.21171814         4.741127622         2.635839579       -0.1928571429    
   -0.2410958904         33.96124390         3.636224605        0.4693910705         3.628960794         33.96850771         4.741127622         2.635839579       -0.1910958904    
   -0.2393346380         33.72080735         3.609582628        0.4364220964         3.603258599         33.72713138         4.741127622         2.635839579       -0.1893346380    
   -0.2375733855         33.48206920         3.582986321        0.4058255836         3.577478992         33.48757653         4.741127622         2.635839579       -0.1875733855    
   -0.2358121331         33.24502946         3.556435683        0.3776015322         3.551633844         33.24983130         4.741127622         2.635839579       -0.1858121331    
   -0.2340508806         33.00968812         3.529930716        0.3517499422         3.525734263         33.01388457         4.741127622         2.635839579       -0.1840508806    
   -0.2322896282         32.77604519         3.503471418        0.3282708136         3.499790560         32.77972605         4.741127622         2.635839579       -0.1822896282    
   -0.2305283757         32.54410067         3.477057790        0.3071641464         3.473812215         32.54734625         4.741127622         2.635839579       -0.1805283757    
   -0.2287671233         32.31385456         3.450689832        0.2884299405         3.447807836         32.31673656         4.741127622         2.635839579       -0.1787671233    
   -0.2270058708         32.08530685         3.424367544        0.2720681960         3.421785129         32.08788927         4.741127622         2.635839579       -0.1770058708    
   -0.2252446184         31.85845756         3.398090925        0.2580789129         3.395750855         31.86079763         4.741127622         2.635839579       -0.1752446184    
   -0.2234833659         31.63330666         3.371859976        0.2464620912         3.369710796         31.63545584         4.741127622         2.635839579       -0.1734833659    
   -0.2217221135         31.40985418         3.345674698        0.2372177308         3.343669714         31.41185916         4.741127622         2.635839579       -0.1717221135    
   -0.2199608611         31.18810010         3.319535089        0.2303458318         3.317631310         31.19000388         4.741127622         2.635839579       -0.1699608611    
   -0.2181996086         30.96804443         3.293441149        0.2258463943         3.291598189         30.96988739         4.741127622         2.635839579       -0.1681996086    
   -0.2164383562         30.74968717         3.267392880        0.2237194181         3.265571814         30.75150823         4.741127622         2.635839579       -0.1664383562    
   -0.2146771037         30.53302831         3.241390281        0.2239649032         3.239552469         30.53486612         4.741127622         2.635839579       -0.1646771037    
   -0.2129158513         30.31806786         3.215433351        0.2265828498         3.213539210         30.31996200         4.741127622         2.635839579       -0.1629158513    
   -0.2111545988         30.10480582         3.189522091        0.2315732577         3.187529832         30.10679808         4.741127622         2.635839579       -0.1611545988    
   -0.2093933464         29.89324218         3.163656501        0.2389361270         3.161520818         29.89537786         4.741127622         2.635839579       -0.1593933464    
   -0.2076320939         29.68337695         3.137836581        0.2486714577         3.135507298         29.68570624         4.741127622         2.635839579       -0.1576320939    
   -0.2058708415         29.47521013         3.112062330        0.2607792498         3.109483004         29.47778946         4.741127622         2.635839579       -0.1558708415    
   -0.2041095890         29.26874172         3.086333750        0.2752595032         3.083440226         29.27163524         4.741127622         2.635839579       -0.1541095890    
   -0.2023483366         29.06397171         3.060650839        0.2921122181         3.057369766         29.06725278         4.741127622         2.635839579       -0.1523483366    
   -0.2005870841         28.86090011         3.035013598        0.3113373943         3.031260895         28.86465281         4.741127622         2.635839579       -0.1505870841    
   -0.1988258317         28.65952692         3.009422027        0.3329350319         3.005101301         28.66384764         4.741127622         2.635839579       -0.1488258317    
   -0.1970645793         28.45985213         2.983876126        0.3569051309         2.978877052         28.46485120         4.741127622         2.635839579       -0.1470645793    
   -0.1953033268         28.26187575         2.958375894        0.3832476912         2.952572542         28.26767910         4.741127622         2.635839579       -0.1453033268    
   -0.1935420744         28.06559778         2.932921333        0.4119627129         2.926170452         28.07234866         4.741127622         2.635839579       -0.1435420744    
   -0.1917808219         27.87101821         2.907512441        0.4430501961         2.899651699         27.87887896         4.741127622         2.635839579       -0.1417808219    
   -0.1900195695         27.67813706         2.882149219        0.4765101406         2.872995394         27.68729088         4.741127622         2.635839579       -0.1400195695    
   -0.1882583170         27.48695431         2.856831667        0.5123425464         2.846178801         27.49760717         4.741127622         2.635839579       -0.1382583170    
   -0.1864970646         27.29746996         2.831559784        0.5505474137         2.819177285         27.30985246         4.741127622         2.635839579       -0.1364970646    
   -0.1847358121         27.10968403         2.806333572        0.5911247423         2.791964278         27.12405332         4.741127622         2.635839579       -0.1347358121    
   -0.1829745597         26.92359650         2.781153029        0.6340745323         2.764511236         26.94023829         4.741127622         2.635839579       -0.1329745597    
   -0.1812133072         26.73920737         2.756018156        0.6793967837         2.736787596         26.75843793         4.741127622         2.635839579       -0.1312133072    
   -0.1794520548         26.55651666         2.730928953        0.7270914965         2.708760744         26.57868487         4.741127622         2.635839579       -0.1294520548    
   -0.1776908023         26.37552435         2.705885420        0.7771586706         2.680395978         26.40101379         4.741127622         2.635839579       -0.1276908023    
   -0.1759295499         26.19623045         2.680887557        0.8295983062         2.651656476         26.22546153         4.741127622         2.635839579       -0.1259295499    
   -0.1741682975         26.01863495         2.655935363        0.8844104031         2.622503266         26.05206705         4.741127622         2.635839579       -0.1241682975    
   -0.1724070450         25.84273787         2.631028840        0.9415949614         2.592895202         25.88087150         4.741127622         2.635839579       -0.1224070450    
   -0.1706457926         25.66853919         2.606167986         1.001151981         2.562788945         25.71191823         4.741127622         2.635839579       -0.1206457926    
   -0.1688845401         25.49603891         2.581352802         1.063081462         2.532138940         25.54525278         4.741127622         2.635839579       -0.1188845401    
   -0.1671232877         25.32523705         2.556583287         1.127383405         2.500897412         25.38092292         4.741127622         2.635839579       -0.1171232877    
   -0.1653620352         25.15613359         2.531859443         1.194057808         2.469014353         25.21897868         4.741127622         2.635839579       -0.1153620352    
   -0.1636007828         24.98872854         2.507181268         1.263104674         2.436437528         25.05947228         4.741127622         2.635839579       -0.1136007828    
   -0.1618395303         24.82302189         2.482548764         1.334524000         2.403112479         24.90245818         4.741127622         2.635839579       -0.1118395303    
   -0.1600782779         24.65901366         2.457961929         1.408315788         2.368982539         24.74799304         4.741127622         2.635839579       -0.1100782779    
   -0.1583170254         24.49670382         2.433420763         1.484480037         2.333988858         24.59613573         4.741127622         2.635839579       -0.1083170254    
   -0.1565557730         24.33609240         2.408925268         1.563016748         2.298070430         24.44694724         4.741127622         2.635839579       -0.1065557730    
   -0.1547945205         24.17717938         2.384475443         1.643925920         2.261164138         24.30049069         4.741127622         2.635839579       -0.1047945205    
   -0.1530332681         24.01996478         2.360071287         1.727207554         2.223204802         24.15683126         4.741127622         2.635839579       -0.1030332681    
   -0.1512720157         23.86444857         2.335712801         1.812861649         2.184125239         24.01603613         4.741127622         2.635839579       -0.1012720157    
   -0.1495107632         23.71057828         2.311408657         1.900824867         2.143875620         23.87811131         4.741127622         2.635839579       -0.9951076321E-01
   -0.1477495108         23.55740051         2.287316324         1.989947000         2.102746160         23.74197068         4.741127622         2.635839579       -0.9774951076E-01
   -0.1459882583         23.40456038         2.263494422         2.079799887         2.060832191         23.60722261         4.741127622         2.635839579       -0.9598825832E-01
   -0.1442270059         23.25205789         2.239942949         2.170383525         2.018101827         23.47389901         4.741127622         2.635839579       -0.9422700587E-01
   -0.1424657534         23.09989303         2.216661907         2.261697917         1.974522838         23.34203210         4.741127622         2.635839579       -0.9246575342E-01
   -0.1407045010         22.94806580         2.193651295         2.353743062         1.930062677         23.21165442         4.741127622         2.635839579       -0.9070450098E-01
   -0.1389432485         22.79657621         2.170911113         2.446518959         1.884688506         23.08279882         4.741127622         2.635839579       -0.8894324853E-01
   -0.1371819961         22.64542426         2.148441362         2.540025610         1.838367232         22.95549839         4.741127622         2.635839579       -0.8718199609E-01
   -0.1354207436         22.49460994         2.126242040         2.634263013         1.791065537         22.82978644         4.741127622         2.635839579       -0.8542074364E-01
   -0.1336594912         22.34413326         2.104313149         2.729231169         1.742749915         22.70569649         4.741127622         2.635839579       -0.8365949119E-01
   -0.1318982387         22.19399421         2.082654688         2.824930078         1.693386714         22.58326218         4.741127622         2.635839579       -0.8189823875E-01
   -0.1301369863         22.04419280         2.061266657         2.921359739         1.642942168         22.46251729         4.741127622         2.635839579       -0.8013698630E-01
   -0.1283757339         21.89472902         2.040149056         3.018520154         1.591382450         22.34349563         4.741127622         2.635839579       -0.7837573386E-01
   -0.1266144814         21.74560288         2.019301885         3.116411321         1.538673708         22.22623106         4.741127622         2.635839579       -0.7661448141E-01
   -0.1248532290         21.59681437         1.998725144         3.215033241         1.484782117         22.11075740         4.741127622         2.635839579       -0.7485322896E-01
   -0.1230919765         21.44836350         1.978418834         3.314385915         1.429673925         21.99710841         4.741127622         2.635839579       -0.7309197652E-01
   -0.1213307241         21.30025027         1.958382954         3.414469340         1.373315505         21.88531772         4.741127622         2.635839579       -0.7133072407E-01
   -0.1195694716         21.15247467         1.938617503         3.515283519         1.315673408         21.77541876         4.741127622         2.635839579       -0.6956947162E-01
   -0.1178082192         21.00503670         1.919122483         3.616828451         1.256714414         21.66744477         4.741127622         2.635839579       -0.6780821918E-01
   -0.1160469667         20.85793637         1.899897894         3.719104135         1.196405591         21.56142868         4.741127622         2.635839579       -0.6604696673E-01
   -0.1142857143         20.71117368         1.880943734         3.822110573         1.134714348         21.45740307         4.741127622         2.635839579       -0.6428571429E-01
   -0.1125244618         20.56474862         1.862260004         3.925847763         1.071608495         21.35540013         4.741127622         2.635839579       -0.6252446184E-01
   -0.1107632094         20.41866120         1.843846705         4.030315706         1.007056302         21.25545160         4.741127622         2.635839579       -0.6076320939E-01
   -0.1090019569         20.27291141         1.825703836         4.135514402        0.9410265531         21.15758869         4.741127622         2.635839579       -0.5900195695E-01
   -0.1072407045         20.12749926         1.807831397         4.241443851        0.8734886115         21.06184204         4.741127622         2.635839579       -0.5724070450E-01
   -0.1054794521         19.98242474         1.790229388         4.348104052        0.8044124751         20.96824165         4.741127622         2.635839579       -0.5547945205E-01
   -0.1037181996         19.83768786         1.772897809         4.455495007        0.7337688363         20.87681683         4.741127622         2.635839579       -0.5371819961E-01
   -0.1019569472         19.69328861         1.755836661         4.563616714        0.6615291406         20.78759613         4.741127622         2.635839579       -0.5195694716E-01
   -0.1001956947         19.54922700         1.739045942         4.672469174        0.5876656435         20.70060730         4.741127622         2.635839579       -0.5019569472E-01
   -0.9843444227E-01     19.40550303         1.722525654         4.782052387        0.5121514671         20.61587722         4.741127622         2.635839579       -0.4843444227E-01
   -0.9667318982E-01     19.26211669         1.706275796         4.892366353        0.4349606546         20.53343183         4.741127622         2.635839579       -0.4667318982E-01
   -0.9491193738E-01     19.11906798         1.690296368         5.003411072        0.3560682236         20.45329613         4.741127622         2.635839579       -0.4491193738E-01
   -0.9315068493E-01     18.97635692         1.674587370         5.115186543        0.2754502163         20.37549407         4.741127622         2.635839579       -0.4315068493E-01
   -0.9138943249E-01     18.83398348         1.659148802         5.227692767        0.1930837485         20.30004854         4.741127622         2.635839579       -0.4138943249E-01
   -0.8962818004E-01     18.69194768         1.643980665         5.340929745        0.1089470549         20.22698129         4.741127622         2.635839579       -0.3962818004E-01
   -0.8786692759E-01     18.55024952         1.629082957         5.454897475        0.2301953194E-01     20.15631295         4.741127622         2.635839579       -0.3786692759E-01
   -0.8610567515E-01     18.40888899         1.614455680         5.569595958       -0.6471822283E-01     20.08806290         4.741127622         2.635839579       -0.3610567515E-01
   -0.8434442270E-01     18.26786610         1.600098833         5.685025193       -0.1542843749         20.02224931         4.741127622         2.635839579       -0.3434442270E-01
   -0.8258317025E-01     18.12718084         1.586012416         5.801185182       -0.2456958204         19.95888908         4.741127622         2.635839579       -0.3258317025E-01
   -0.8082191781E-01     17.98683322         1.572196429         5.918075924       -0.3389681580         19.89799781         4.741127622         2.635839579       -0.3082191781E-01
   -0.7906066536E-01     17.84682324         1.558650873         6.035697418       -0.4341156647         19.83958978         4.741127622         2.635839579       -0.2906066536E-01
   -0.7729941292E-01     17.70715089         1.545375746         6.154049665       -0.5311512758         19.78367791         4.741127622         2.635839579       -0.2729941292E-01
   -0.7553816047E-01     17.56781617         1.532371050         6.273132665       -0.6300865690         19.73027379         4.741127622         2.635839579       -0.2553816047E-01
   -0.7377690802E-01     17.42881909         1.519636784         6.392946418       -0.7309317535         19.67938763         4.741127622         2.635839579       -0.2377690802E-01
   -0.7201565558E-01     17.29015965         1.507172948         6.513490924       -0.8336956632         19.63102826         4.741127622         2.635839579       -0.2201565558E-01
   -0.7025440313E-01     17.15183784         1.494979542         6.634766182       -0.9383857541         19.58520314         4.741127622         2.635839579       -0.2025440313E-01
   -0.6849315068E-01     17.01385367         1.483056566         6.756772194        -1.045008106         19.54191834         4.741127622         2.635839579       -0.1849315068E-01
   -0.6673189824E-01     16.87620713         1.471404021         6.879508958        -1.153567431         19.50117858         4.741127622         2.635839579       -0.1673189824E-01
   -0.6497064579E-01     16.73889823         1.460021906         7.002976475        -1.264067081         19.46298721         4.741127622         2.635839579       -0.1497064579E-01
   -0.6320939335E-01     16.60192696         1.448910220         7.127174745        -1.376509064         19.42734624         4.741127622         2.635839579       -0.1320939335E-01
   -0.6144814090E-01     16.46529333         1.438068965         7.252103768        -1.490894066         19.39425636         4.741127622         2.635839579       -0.1144814090E-01
   -0.5968688845E-01     16.32899733         1.427498140         7.377763543        -1.607221469         19.36371694         4.741127622         2.635839579       -0.9686888454E-02
   -0.5792563601E-01     16.19303897         1.417197746         7.504154072        -1.725489379         19.33572609         4.741127622         2.635839579       -0.7925636008E-02
   -0.5616438356E-01     16.05741824         1.407167781         7.631275353        -1.845694659         19.31028068         4.741127622         2.635839579       -0.6164383562E-02
   -0.5440313112E-01     15.92213515         1.397408246         7.759127388        -1.967832957         19.28737636         4.741127622         2.635839579       -0.4403131115E-02
   -0.5264187867E-01     15.78718970         1.387919142         7.887710175        -2.091898746         19.26700759         4.741127622         2.635839579       -0.2641878669E-02
   -0.5088062622E-01     15.65258188         1.378700468         8.017023715        -2.217885362         19.24916771         4.741127622         2.635839579       -0.8806262231E-03
   -0.4911937378E-01     15.51827831         1.369757820         8.146985463        -2.345723829         19.23375996         4.741127622         2.635839579        0.8806262231E-03
   -0.4735812133E-01     15.38407873         1.361124773         8.277100155        -2.475033770         19.22023727         4.741127622         2.635839579        0.2641878669E-02
   -0.4559686888E-01     15.24994975         1.352806923         8.407285247        -2.605733560         19.20849023         4.741127622         2.635839579        0.4403131115E-02
   -0.4383561644E-01     15.11589137         1.344804269         8.537540739        -2.737802063         19.19849770         4.741127622         2.635839579        0.6164383562E-02
   -0.4207436399E-01     14.98190359         1.337116813         8.667866629        -2.871217946         19.19023835         4.741127622         2.635839579        0.7925636008E-02
   -0.4031311155E-01     14.84798641         1.329744553         8.798262920        -3.005959714         19.18369068         4.741127622         2.635839579        0.9686888454E-02
   -0.3855185910E-01     14.71413983         1.322687491         8.928729610        -3.142005748         19.17883307         4.741127622         2.635839579        0.1144814090E-01
   -0.3679060665E-01     14.58036386         1.315945625         9.059266699        -3.279334332         19.17564381         4.741127622         2.635839579        0.1320939335E-01
   -0.3502935421E-01     14.44665848         1.309518956         9.189874188        -3.417923689         19.17410113         4.741127622         2.635839579        0.1497064579E-01
   -0.3326810176E-01     14.31302371         1.303407484         9.320552076        -3.557752008         19.17418320         4.741127622         2.635839579        0.1673189824E-01
   -0.3150684932E-01     14.17945954         1.297611209         9.451300364        -3.698797474         19.17586822         4.741127622         2.635839579        0.1849315068E-01
   -0.2974559687E-01     14.04596596         1.292130131         9.582119051        -3.841038296         19.17913439         4.741127622         2.635839579        0.2025440313E-01
   -0.2798434442E-01     13.91254299         1.286964250         9.713008138        -3.984452728         19.18395997         4.741127622         2.635839579        0.2201565558E-01
   -0.2622309198E-01     13.77919062         1.282113566         9.843967625        -4.129019099         19.19032329         4.741127622         2.635839579        0.2377690802E-01
   -0.2446183953E-01     13.64590886         1.277578078         9.974997511        -4.274715833         19.19820277         4.741127622         2.635839579        0.2553816047E-01
   -0.2270058708E-01     13.51269769         1.273357788         10.10609780        -4.421521469         19.20757695         4.741127622         2.635839579        0.2729941292E-01
   -0.2093933464E-01     13.37955712         1.269452694         10.23726848        -4.569414684         19.21842450         4.741127622         2.635839579        0.2906066536E-01
   -0.1917808219E-01     13.24648716         1.265862797         10.36850957        -4.718374309         19.23072427         4.741127622         2.635839579        0.3082191781E-01
   -0.1741682975E-01     13.11348780         1.262588098         10.49982105        -4.868379348         19.24445524         4.741127622         2.635839579        0.3258317025E-01
   -0.1565557730E-01     12.98055903         1.259628595         10.63120293        -5.019408993         19.25959662         4.741127622         2.635839579        0.3434442270E-01
   -0.1389432485E-01     12.84770087         1.256984289         10.76265522        -5.171442637         19.27612780         4.741127622         2.635839579        0.3610567515E-01
   -0.1213307241E-01     12.71491331         1.254655179         10.89417790        -5.324459890         19.29402838         4.741127622         2.635839579        0.3786692759E-01
   -0.1037181996E-01     12.58219635         1.252641267         11.02577098        -5.478440592         19.31327821         4.741127622         2.635839579        0.3962818004E-01
   -0.8610567515E-02     12.44955000         1.250942552         11.15743446        -5.633364820         19.33385737         4.741127622         2.635839579        0.4138943249E-01
   -0.6849315068E-02     12.31697424         1.249559033         11.28916834        -5.789212901         19.35574617         4.741127622         2.635839579        0.4315068493E-01
   -0.5088062622E-02     12.18446908         1.248490712         11.42097262        -5.945965420         19.37892522         4.741127622         2.635839579        0.4491193738E-01
   -0.3326810176E-02     12.05203453         1.247737587         11.55284730        -6.103603226         19.40337534         4.741127622         2.635839579        0.4667318982E-01
   -0.1565557730E-02     11.91967058         1.247299659         11.68479238        -6.262107445         19.42907768         4.741127622         2.635839579        0.4843444227E-01
    0.1956947162E-03     11.78737723         1.247176929         11.81680786        -6.421459478         19.45601363         4.741127622         2.635839579        0.5019569472E-01
    0.1956947162E-02     11.65515447         1.247369395         11.94889374        -6.581641012         19.48416488         4.741127622         2.635839579        0.5195694716E-01
    0.3718199609E-02     11.52300232         1.247877057         12.08105002        -6.742634021         19.51351340         4.741127622         2.635839579        0.5371819961E-01
    0.5479452055E-02     11.39092078         1.248699917         12.21327670        -6.904420772         19.54404147         4.741127622         2.635839579        0.5547945205E-01
    0.7240704501E-02     11.25890983         1.249837974         12.34557377        -7.066983825         19.57573163         4.741127622         2.635839579        0.5724070450E-01
    0.9001956947E-02     11.12696948         1.251291228         12.47794125        -7.230306039         19.60856675         4.741127622         2.635839579        0.5900195695E-01
    0.1076320939E-01     10.99509974         1.253059678         12.61037913        -7.394370568         19.64252998         4.741127622         2.635839579        0.6076320939E-01
    0.1252446184E-01     10.86330059         1.255143326         12.74288740        -7.559160870         19.67760479         4.741127622         2.635839579        0.6252446184E-01
    0.1428571429E-01     10.73157205         1.257542170         12.87546608        -7.724660698         19.71377492         4.741127622         2.635839579        0.6428571429E-01
    0.1604696673E-01     10.59991411         1.260256211         13.00811515        -7.890854108         19.75102443         4.741127622         2.635839579        0.6604696673E-01
    0.1780821918E-01     10.46832677         1.263285449         13.14083463        -8.057725452         19.78933767         4.741127622         2.635839579        0.6780821918E-01
    0.1956947162E-01     10.33681003         1.266629884         13.27362450        -8.225259382         19.82869930         4.741127622         2.635839579        0.6956947162E-01
    0.2133072407E-01     10.20536389         1.270289516         13.40648477        -8.393440845         19.86909425         4.741127622         2.635839579        0.7133072407E-01
    0.2309197652E-01     10.07398835         1.274264345         13.53941545        -8.562255084         19.91050778         4.741127622         2.635839579        0.7309197652E-01
    0.2485322896E-01     9.942683419         1.278554371         13.67241652        -8.731687633         19.95292542         4.741127622         2.635839579        0.7485322896E-01
    0.2661448141E-01     9.811449084         1.283159593         13.80548799        -8.901724317         19.99633300         4.741127622         2.635839579        0.7661448141E-01
    0.2837573386E-01     9.680285351         1.288080013         13.93862986        -9.072351249         20.04071661         4.741127622         2.635839579        0.7837573386E-01
    0.3013698630E-01     9.549192219         1.293315629         14.07184213        -9.243554824         20.08606267         4.741127622         2.635839579        0.8013698630E-01
    0.3189823875E-01     9.418169687         1.298866443         14.20512480        -9.415321721         20.13235785         4.741127622         2.635839579        0.8189823875E-01
    0.3365949119E-01     9.287217757         1.304732453         14.33847787        -9.587638894         20.17958910         4.741127622         2.635839579        0.8365949119E-01
    0.3542074364E-01     9.156336428         1.310913660         14.47190134        -9.760493573         20.22774366         4.741127622         2.635839579        0.8542074364E-01
    0.3718199609E-01     9.025525701         1.317410064         14.60539521        -9.933873259         20.27680902         4.741127622         2.635839579        0.8718199609E-01
    0.3894324853E-01     8.894785574         1.324221665         14.73895948        -10.10776572         20.32677296         4.741127622         2.635839579        0.8894324853E-01
    0.4070450098E-01     8.764116049         1.331348463         14.87259415        -10.28215898         20.37762349         4.741127622         2.635839579        0.9070450098E-01
    0.4246575342E-01     8.633517124         1.338790457         15.00629922        -10.45704133         20.42934891         4.741127622         2.635839579        0.9246575342E-01
    0.4422700587E-01     8.502988801         1.346547649         15.14007468        -10.63240131         20.48193776         4.741127622         2.635839579        0.9422700587E-01
    0.4598825832E-01     8.372531079         1.354620037         15.27392055        -10.80822771         20.53537883         4.741127622         2.635839579        0.9598825832E-01
    0.4774951076E-01     8.242143958         1.363007623         15.40783682        -10.98450958         20.58966116         4.741127622         2.635839579        0.9774951076E-01
    0.4951076321E-01     8.111827439         1.371710405         15.54182348        -11.16123619         20.64477403         4.741127622         2.635839579        0.9951076321E-01
    0.5127201566E-01     7.981761728         1.380716680         15.67595843        -11.33840879         20.70088720         4.741127622         2.635839579        0.1012720157    
    0.5303326810E-01     7.852430937         1.389995006         15.81045091        -11.51604601         20.75847195         4.741127622         2.635839579        0.1030332681    
    0.5479452055E-01     7.723861721         1.399543652         15.94531243        -11.69413436         20.81753973         4.741127622         2.635839579        0.1047945205    
    0.5655577299E-01     7.596054083         1.409362618         16.08054299        -11.87265884         20.87807554         4.741127622         2.635839579        0.1065557730    
    0.5831702544E-01     7.469008021         1.419451904         16.21614259        -12.05160475         20.94006468         4.741127622         2.635839579        0.1083170254    
    0.6007827789E-01     7.342723536         1.429811509         16.35211124        -12.23095770         21.00349275         4.741127622         2.635839579        0.1100782779    
    0.6183953033E-01     7.217200628         1.440441434         16.48844893        -12.41070360         21.06834566         4.741127622         2.635839579        0.1118395303    
    0.6360078278E-01     7.092439296         1.451341679         16.62515567        -12.59082865         21.13460962         4.741127622         2.635839579        0.1136007828    
    0.6536203523E-01     6.968439541         1.462512244         16.76223145        -12.77131933         21.20227112         4.741127622         2.635839579        0.1153620352    
    0.6712328767E-01     6.845201363         1.473953128         16.89967627        -12.95216244         21.27131693         4.741127622         2.635839579        0.1171232877    
    0.6888454012E-01     6.722724762         1.485664332         17.03749014        -13.13334503         21.34173413         4.741127622         2.635839579        0.1188845401    
    0.7064579256E-01     6.601009737         1.497645856         17.17567305        -13.31485446         21.41351006         4.741127622         2.635839579        0.1206457926    
    0.7240704501E-01     6.480056289         1.509897700         17.31422501        -13.49667835         21.48663234         4.741127622         2.635839579        0.1224070450    
    0.7416829746E-01     6.359864417         1.522419864         17.45314600        -13.67880459         21.56108887         4.741127622         2.635839579        0.1241682975    
    0.7592954990E-01     6.240434122         1.535212347         17.59243605        -13.86122136         21.63686783         4.741127622         2.635839579        0.1259295499    
    0.7769080235E-01     6.121765404         1.548275150         17.73209513        -14.04391708         21.71395764         4.741127622         2.635839579        0.1276908023    
    0.7945205479E-01     6.003858262         1.561608273         17.87212326        -14.22688045         21.79234698         4.741127622         2.635839579        0.1294520548    
    0.8121330724E-01     5.886712698         1.575211715         18.01252044        -14.41010040         21.87202482         4.741127622         2.635839579        0.1312133072    
    0.8297455969E-01     5.770328710         1.589085478         18.15328665        -14.59356615         21.95298034         4.741127622         2.635839579        0.1329745597    
    0.8473581213E-01     5.654706298         1.603229560         18.29442191        -14.77726713         22.03520299         4.741127622         2.635839579        0.1347358121    
    0.8649706458E-01     5.539845463         1.617643962         18.43592622        -14.96119303         22.11868246         4.741127622         2.635839579        0.1364970646    
    0.8825831703E-01     5.425746205         1.632328683         18.57779956        -15.14533378         22.20340867         4.741127622         2.635839579        0.1382583170    
    0.9001956947E-01     5.312408524         1.647283725         18.72004196        -15.32967954         22.28937179         4.741127622         2.635839579        0.1400195695    
    0.9178082192E-01     5.199832419         1.662509086         18.86265339        -15.51422069         22.37656220         4.741127622         2.635839579        0.1417808219    
    0.9354207436E-01     5.088017891         1.678004767         19.00563387        -15.69894785         22.46497051         4.741127622         2.635839579        0.1435420744    
    0.9530332681E-01     4.976964940         1.693770768         19.14898339        -15.88385185         22.55458756         4.741127622         2.635839579        0.1453033268    
    0.9706457926E-01     4.866673565         1.709807088         19.29270196        -16.06892373         22.64540438         4.741127622         2.635839579        0.1470645793    
    0.9882583170E-01     4.757143767         1.726113729         19.43678957        -16.25415476         22.73741225         4.741127622         2.635839579        0.1488258317    
    0.1005870841         4.648375546         1.742690689         19.58124622        -16.43953640         22.83060263         4.741127622         2.635839579        0.1505870841    
    0.1023483366         4.540368901         1.759537969         19.72607192        -16.62506031         22.92496718         4.741127622         2.635839579        0.1523483366    
    0.1041095890         4.433123833         1.776655568         19.87126666        -16.81071836         23.02049777         4.741127622         2.635839579        0.1541095890    
    0.1058708415         4.326640342         1.794043488         20.01683045        -16.99650262         23.11718645         4.741127622         2.635839579        0.1558708415    
    0.1076320939         4.220918428         1.811701727         20.16276327        -17.18240533         23.21502549         4.741127622         2.635839579        0.1576320939    
    0.1093933464         4.115958090         1.829630286         20.30906515        -17.36841892         23.31400730         4.741127622         2.635839579        0.1593933464    
    0.1111545988         4.011759328         1.847829165         20.45573606        -17.55453602         23.41412451         4.741127622         2.635839579        0.1611545988    
    0.1129158513         3.908322144         1.866298363         20.60277602        -17.74074940         23.51536991         4.741127622         2.635839579        0.1629158513    
    0.1146771037         3.805646536         1.885037881         20.75018502        -17.92705204         23.61773646         4.741127622         2.635839579        0.1646771037    
    0.1164383562         3.703732505         1.904047719         20.89796307        -18.11343708         23.72121730         4.741127622         2.635839579        0.1664383562    
    0.1181996086         3.602580051         1.923327877         21.04611016        -18.29989781         23.82580574         4.741127622         2.635839579        0.1681996086    
    0.1199608611         3.502189173         1.942878355         21.19462630        -18.48642770         23.93149523         4.741127622         2.635839579        0.1699608611    
    0.1217221135         3.402559872         1.962699152         21.34351147        -18.67302037         24.03827939         4.741127622         2.635839579        0.1717221135    
    0.1234833659         3.303692147         1.982790269         21.49276570        -18.85966959         24.14615200         4.741127622         2.635839579        0.1734833659    
    0.1252446184         3.205586000         2.003151706         21.64238896        -19.04636929         24.25510699         4.741127622         2.635839579        0.1752446184    
    0.1270058708         3.108241428         2.023783463         21.79238127        -19.23311354         24.36513843         4.741127622         2.635839579        0.1770058708    
    0.1287671233         3.011658434         2.044685539         21.94274262        -19.41989656         24.47624053         4.741127622         2.635839579        0.1787671233    
    0.1305283757         2.915837016         2.065857936         22.09347302        -19.60671271         24.58840766         4.741127622         2.635839579        0.1805283757    
    0.1322896282         2.820777175         2.087300652         22.24457246        -19.79355648         24.70163431         4.741127622         2.635839579        0.1822896282    
    0.1340508806         2.726478911         2.109013687         22.39604094        -19.98042250         24.81591510         4.741127622         2.635839579        0.1840508806    
    0.1358121331         2.632942224         2.130997043         22.54787847        -20.16730554         24.93124480         4.741127622         2.635839579        0.1858121331    
    0.1375733855         2.540167113         2.153250718         22.70008504        -20.35420047         25.04761830         4.741127622         2.635839579        0.1875733855    
    0.1393346380         2.448153578         2.175774713         22.85266066        -20.54110231         25.16503061         4.741127622         2.635839579        0.1893346380    
    0.1410958904         2.356901621         2.198569028         23.00560532        -20.72800620         25.28347685         4.741127622         2.635839579        0.1910958904    
    0.1428571429         2.266411240         2.221633663         23.15891902        -20.91490739         25.40295229         4.741127622         2.635839579        0.1928571429    
    0.1446183953         2.176682436         2.244968617         23.31260176        -21.10180124         25.52345229         4.741127622         2.635839579        0.1946183953    
    0.1463796477         2.087715208         2.268573891         23.46665355        -21.28868324         25.64497234         4.741127622         2.635839579        0.1963796477    
    0.1481409002         1.999509557         2.292449485         23.62107439        -21.47554898         25.76750802         4.741127622         2.635839579        0.1981409002    
    0.1499021526         1.912065483         2.316595399         23.77586426        -21.66239416         25.89105504         4.741127622         2.635839579        0.1999021526    
    0.1516634051         1.826018846         2.340911666         23.93153231        -21.84945177         26.01638229         4.741127622         2.635839579        0.2016634051    
    0.1534246575         1.742157320         2.365274452         24.08870923        -22.03700808         26.14443985         4.741127622         2.635839579        0.2034246575    
    0.1551859100         1.660483106         2.389683411         24.24739677        -22.22505454         26.27522106         4.741127622         2.635839579        0.2051859100    
    0.1569471624         1.580996204         2.414138544         24.40759494        -22.41358217         26.40871692         4.741127622         2.635839579        0.2069471624    
    0.1587084149         1.503696614         2.438639850         24.56930373        -22.60258231         26.54491877         4.741127622         2.635839579        0.2087084149    
    0.1604696673         1.428584335         2.463187329         24.73252315        -22.79204662         26.68381829         4.741127622         2.635839579        0.2104696673    
    0.1622309198         1.355659369         2.487780982         24.89725319        -22.98196713         26.82540748         4.741127622         2.635839579        0.2122309198    
    0.1639921722         1.284921714         2.512420808         25.06349386        -23.17233616         26.96967868         4.741127622         2.635839579        0.2139921722    
    0.1657534247         1.216371370         2.537106807         25.23124515        -23.36314636         27.11662454         4.741127622         2.635839579        0.2157534247    
    0.1675146771         1.150008339         2.561838979         25.40050707        -23.55439070         27.26623802         4.741127622         2.635839579        0.2175146771    
    0.1692759295         1.085832619         2.586617325         25.57127962        -23.74606246         27.41851240         4.741127622         2.635839579        0.2192759295    
    0.1710371820         1.023844211         2.611441844         25.74356279        -23.93815519         27.57344124         4.741127622         2.635839579        0.2210371820    
    0.1727984344        0.9640431151         2.636312536         25.91735659        -24.13066276         27.73101841         4.741127622         2.635839579        0.2227984344    
    0.1745596869        0.9064293308         2.661229402         26.09266101        -24.32357934         27.89123807         4.741127622         2.635839579        0.2245596869    
    0.1763209393        0.8510028582         2.686192441         26.26947605        -24.51689935         28.05409465         4.741127622         2.635839579        0.2263209393    
    0.1780821918        0.7977636974         2.711201653         26.44780173        -24.71061750         28.21958285         4.741127622         2.635839579        0.2280821918    
    0.1798434442        0.7467118484         2.736257039         26.62763803        -24.90472878         28.38769767         4.741127622         2.635839579        0.2298434442    
    0.1816046967        0.6978473111         2.761358597         26.80898495        -25.09922843         28.55843434         4.741127622         2.635839579        0.2316046967    
    0.1833659491        0.6511700857         2.786506329         26.99184250        -25.29411196         28.73178837         4.741127622         2.635839579        0.2333659491    
    0.1851272016        0.6066801720         2.811700235         27.17621067        -25.48937511         28.90775551         4.741127622         2.635839579        0.2351272016    
    0.1868884540        0.5643775701         2.836940313         27.36208947        -25.68501387         29.08633176         4.741127622         2.635839579        0.2368884540    
    0.1886497065        0.5242622799         2.862226565         27.54947890        -25.88102450         29.26751335         4.741127622         2.635839579        0.2386497065    
    0.1904109589        0.4863343016         2.887558991         27.73837895        -26.07740346         29.45129675         4.741127622         2.635839579        0.2404109589    
    0.1921722114        0.4505936350         2.912937589         27.92878962        -26.27414744         29.63767866         4.741127622         2.635839579        0.2421722114    
    0.1939334638        0.4170402801         2.938362361         28.12071093        -26.47125335         29.82665599         4.741127622         2.635839579        0.2439334638    
    0.1956947162        0.3856742371         2.963833306         28.31414285        -26.66871834         30.01822589         4.741127622         2.635839579        0.2456947162    
    0.1974559687        0.3564955058         2.989350424         28.50908541        -26.86653975         30.21238568         4.741127622         2.635839579        0.2474559687    
    0.1992172211        0.3295040864         3.014913716         28.70553858        -27.06471511         30.40913291         4.741127622         2.635839579        0.2492172211    
    0.2009784736        0.3046999787         3.040523181         28.90350239        -27.26324217         30.60846533         4.741127622         2.635839579        0.2509784736    
    0.2027397260        0.2820831827         3.066178819         29.10297682        -27.46211887         30.81038088         4.741127622         2.635839579        0.2527397260    
    0.2045009785        0.2616536986         3.091880631         29.30396187        -27.66134333         31.01487766         4.741127622         2.635839579        0.2545009785    
    0.2062622309        0.2434115262         3.117628616         29.50645755        -27.86091385         31.22195399         4.741127622         2.635839579        0.2562622309    
    0.2080234834        0.2273566656         3.143422774         29.71046386        -28.06082891         31.43160835         4.741127622         2.635839579        0.2580234834    
    0.2097847358        0.2134891167         3.169263105         29.91598079        -28.26108717         31.64383939         4.741127622         2.635839579        0.2597847358    
    0.2115459883        0.2018088797         3.195149610         30.12300835        -28.46168743         31.85864592         4.741127622         2.635839579        0.2615459883    
    0.2133072407        0.1923159544         3.221082288         30.33154653        -28.66262868         32.07602692         4.741127622         2.635839579        0.2633072407    
    0.2150684932        0.1850103409         3.247061139         30.54159533        -28.86391005         32.29598153         4.741127622         2.635839579        0.2650684932    
    0.2168297456        0.1798920392         3.273086164         30.75315477        -29.06553082         32.51850902         4.741127622         2.635839579        0.2668297456    
    0.2185909980        0.1769610492         3.299157362         30.96622483        -29.26749042         32.74360883         4.741127622         2.635839579        0.2685909980    
    0.2203522505        0.1762173711         3.325274733         31.18080551        -29.46978842         32.97128053         4.741127622         2.635839579        0.2703522505    
    0.2221135029        0.1776610047         3.351438277         31.39689682        -29.67242454         33.20152382         4.741127622         2.635839579        0.2721135029    
    0.2238747554        0.1812919500         3.377647995         31.61449875        -29.87539860         33.43433855         4.741127622         2.635839579        0.2738747554    
    0.2256360078        0.1871102072         3.403903886         31.83361132        -30.07871059         33.66972468         4.741127622         2.635839579        0.2756360078    
    0.2273972603        0.1951157761         3.430205950         32.05423450        -30.28236058         33.90768231         4.741127622         2.635839579        0.2773972603    
    0.2291585127        0.2053086568         3.456554188         32.27636831        -30.48634880         34.14821164         4.741127622         2.635839579        0.2791585127    
    0.2309197652        0.2176888493         3.482948599         32.50001275        -30.69067556         34.39131301         4.741127622         2.635839579        0.2809197652    
    0.2326810176        0.2322563536         3.509389183         32.72516781        -30.89534131         34.63698684         4.741127622         2.635839579        0.2826810176    
    0.2344422701        0.2490111696         3.535875940         32.95183350        -31.10034658         34.88523369         4.741127622         2.635839579        0.2844422701    
    0.2362035225        0.2679532974         3.562408871         33.18000981        -31.30569203         35.13605420         4.741127622         2.635839579        0.2862035225    
    0.2379647750        0.2890827370         3.588987975         33.40969675        -31.51137840         35.38944912         4.741127622         2.635839579        0.2879647750    
    0.2397260274        0.3123994883         3.615613253         33.64089432        -31.71740654         35.64541928         4.741127622         2.635839579        0.2897260274    
    0.2414872798        0.3379035515         3.642284703         33.87360251        -31.92377738         35.90396563         4.741127622         2.635839579        0.2914872798    
    0.2432485323        0.3655949264         3.669002327         34.10782132        -32.13049194         36.16508919         4.741127622         2.635839579        0.2932485323    
    0.2450097847        0.3954736131         3.695766124         34.34355076        -32.33755133         36.42879107         4.741127622         2.635839579        0.2950097847    
    0.2467710372        0.4275396115         3.722576095         34.58079083        -32.54495674         36.69507245         4.741127622         2.635839579        0.2967710372    
    0.2485322896        0.4617929218         3.749432239         34.81954152        -32.75270945         36.96393461         4.741127622         2.635839579        0.2985322896    
    0.2502935421        0.4982883939         3.776332982         35.05985763        -32.96083757         37.23545895         4.741127622         2.635839579        0.3002935421    
    0.2520547945        0.5395491312         3.803205953         35.30425987        -33.17057527         37.51333036         4.741127622         2.635839579        0.3020547945    
    0.2538160470        0.5869463856         3.830011817         35.55411816        -33.38259684         37.79955504         4.741127622         2.635839579        0.3038160470    
    0.2555772994        0.6404801570         3.856750576         35.80943251        -33.59690815         38.09413888         4.741127622         2.635839579        0.3055772994    
    0.2573385519        0.7001504456         3.883422227         36.07020293        -33.81351582         38.39708850         4.741127622         2.635839579        0.3073385519    
    0.2590998043        0.7659572512         3.910026773         36.33642940        -34.03242722         38.70841124         4.741127622         2.635839579        0.3090998043    
    0.2608610568        0.8379005738         3.936564212         36.60811194        -34.25365036         39.02811515         4.741127622         2.635839579        0.3108610568    
    0.2626223092        0.9159804136         3.963034545         36.88525054        -34.47719392         39.35620887         4.741127622         2.635839579        0.3126223092    
    0.2643835616         1.000196770         3.989437771         37.16784519        -34.70306717         39.69270171         4.741127622         2.635839579        0.3143835616    
    0.2661448141         1.090549644         4.015773892         37.45589591        -34.93127998         40.03760351         4.741127622         2.635839579        0.3161448141    
    0.2679060665         1.187039035         4.042042906         37.74940269        -35.16184273         40.39092467         4.741127622         2.635839579        0.3179060665    
    0.2696673190         1.289664943         4.068244813         38.04836553        -35.39476632         40.75267608         4.741127622         2.635839579        0.3196673190    
    0.2714285714         1.398427368         4.094379615         38.35278443        -35.63006212         41.12286911         4.741127622         2.635839579        0.3214285714    
    0.2731898239         1.513326310         4.120447310         38.66265939        -35.86774194         41.50151556         4.741127622         2.635839579        0.3231898239    
    0.2749510763         1.634361770         4.146447898         38.97799041        -36.10781796         41.88862762         4.741127622         2.635839579        0.3249510763    
    0.2767123288         1.761533746         4.172381381         39.29877749        -36.35030276         42.28421788         4.741127622         2.635839579        0.3267123288    
    0.2784735812         1.894842239         4.198247757         39.62502064        -36.59520925         42.68829924         4.741127622         2.635839579        0.3284735812    
    0.2802348337         2.034287250         4.224047027         39.95671984        -36.84255064         43.10088492         4.741127622         2.635839579        0.3302348337    
    0.2819960861         2.179868777         4.249779190         40.29387510        -37.09234043         43.52198840         4.741127622         2.635839579        0.3319960861    
    0.2837573386         2.331586822         4.275444248         40.63648643        -37.34459235         43.95162342         4.741127622         2.635839579        0.3337573386    
    0.2855185910         2.489441383         4.301042199         40.98455381        -37.59932036         44.38980394         4.741127622         2.635839579        0.3355185910    
    0.2872798434         2.653432462         4.326573043         41.33807726        -37.85653860         44.83654410         4.741127622         2.635839579        0.3372798434    
    0.2890410959         2.823560058         4.352036782         41.69705677        -38.11626137         45.29185821         4.741127622         2.635839579        0.3390410959    
    0.2908023483         2.999824171         4.377433414         42.06149234        -38.37850314         45.75576073         4.741127622         2.635839579        0.3408023483    
    0.2925636008         3.182224800         4.402762940         42.43138396        -38.64327846         46.22826620         4.741127622         2.635839579        0.3425636008    
    0.2943248532         3.370761947         4.428025359         42.80673165        -38.91060198         46.70938929         4.741127622         2.635839579        0.3443248532    
    0.2960861057         3.565435611         4.453220672         43.18753540        -39.18048842         47.19914470         4.741127622         2.635839579        0.3460861057    
    0.2978473581         3.766245793         4.478348879         43.57379521        -39.45295254         47.69754721         4.741127622         2.635839579        0.3478473581    
    0.2996086106         3.973192491         4.503409980         43.96551108        -39.72800913         48.20461160         4.741127622         2.635839579        0.3496086106    
    0.3013698630         4.186275706         4.528403974         44.36268301        -40.00567299         48.72035267         4.741127622         2.635839579        0.3513698630    
    0.3031311155         4.405495438         4.553330862         44.76531101        -40.28595888         49.24478518         4.741127622         2.635839579        0.3531311155    
    0.3048923679         4.630851688         4.578190644         45.17339506        -40.56888157         49.77792390         4.741127622         2.635839579        0.3548923679    
    0.3066536204         4.862344454         4.602983319         45.58693517        -40.85445574         50.31978351         4.741127622         2.635839579        0.3566536204    
    0.3084148728         5.099973738         4.627708888         46.00593135        -41.14269602         50.87037865         4.741127622         2.635839579        0.3584148728    
    0.3101761252         5.343739538         4.652367351         46.43038358        -41.43361698         51.42972387         4.741127622         2.635839579        0.3601761252    
    0.3119373777         5.593641856         4.676958707         46.86029188        -41.72723307         51.99783363         4.741127622         2.635839579        0.3619373777    
    0.3136986301         5.849680690         4.701482958         47.29565623        -42.02355863         52.57472228         4.741127622         2.635839579        0.3636986301    
    0.3154598826         6.111856042         4.725940101         47.73647665        -42.32260791         53.16040406         4.741127622         2.635839579        0.3654598826    
    0.3172211350         6.380167911         4.750330139         48.18275313        -42.62439500         53.75489305         4.741127622         2.635839579        0.3672211350    
    0.3189823875         6.654616297         4.774653070         48.63448566        -42.92893387         54.35820323         4.741127622         2.635839579        0.3689823875    
    0.3207436399         6.935201200         4.798908895         49.09167426        -43.23623831         54.97034840         4.741127622         2.635839579        0.3707436399    
    0.3225048924         7.221922620         4.823097614         49.55431892        -43.54632197         55.59134220         4.741127622         2.635839579        0.3725048924    
    0.3242661448         7.514780557         4.847219226         50.02241964        -43.85919833         56.22119811         4.741127622         2.635839579        0.3742661448    
    0.3260273973         7.813775011         4.871273732         50.49597642        -44.17488068         56.85992943         4.741127622         2.635839579        0.3760273973    
    0.3277886497         8.118905983         4.895261132         50.97498927        -44.49338215         57.50754926         4.741127622         2.635839579        0.3777886497    
    0.3295499022         8.430173471         4.919181426         51.45945817        -44.81471565         58.16407054         4.741127622         2.635839579        0.3795499022    
    0.3313111546         8.747577476         4.943034613         51.94938313        -45.13889390         58.82950599         4.741127622         2.635839579        0.3813111546    
    0.3330724070         9.071117999         4.966820694         52.44476415        -45.46592945         59.50386814         4.741127622         2.635839579        0.3830724070    
    0.3348336595         9.400795038         4.990539668         52.94560124        -45.79583459         60.18716930         4.741127622         2.635839579        0.3848336595    
    0.3365949119         9.736608595         5.014191537         53.45189438        -46.12862145         60.87942159         4.741127622         2.635839579        0.3865949119    
    0.3383561644         10.07855867         5.037776299         53.96364359        -46.46430192         61.58063689         4.741127622         2.635839579        0.3883561644    
    0.3401174168         10.42664526         5.061293954         54.48084885        -46.80288769         62.29082690         4.741127622         2.635839579        0.3901174168    
    0.3418786693         10.78086837         5.084744504         55.00351018        -47.14439020         63.01000307         4.741127622         2.635839579        0.3918786693    
    0.3436399217         11.14122799         5.108127947         55.53162757        -47.48882070         63.73817664         4.741127622         2.635839579        0.3936399217    
    0.3454011742         11.50772413         5.131444284         56.06520102        -47.83619022         64.47535863         4.741127622         2.635839579        0.3954011742    
    0.3471624266         11.88035679         5.154693514         56.60423053        -48.18650954         65.22155984         4.741127622         2.635839579        0.3971624266    
    0.3489236791         12.25912597         5.177875638         57.14871609        -48.53978923         65.97679084         4.741127622         2.635839579        0.3989236791    
    0.3506849315         12.64403166         5.200990656         57.69865772        -48.89603965         66.74106197         4.741127622         2.635839579        0.4006849315    
    0.3524461840         13.03507387         5.224038568         58.25405542        -49.25527092         67.51438336         4.741127622         2.635839579        0.4024461840    
    0.3542074364         13.43225260         5.247019373         58.81490917        -49.61749294         68.29676491         4.741127622         2.635839579        0.4042074364    
    0.3559686888         13.83556784         5.269933072         59.38121898        -49.98271538         69.08821629         4.741127622         2.635839579        0.4059686888    
    0.3577299413         14.24501961         5.292779665         59.95298485        -50.35094769         69.88874696         4.741127622         2.635839579        0.4077299413    
    0.3594911937         14.66060788         5.315559151         60.53020679        -50.72219912         70.69836615         4.741127622         2.635839579        0.4094911937    
    0.3612524462         15.08233268         5.338271531         61.11288478        -51.09647866         71.51708287         4.741127622         2.635839579        0.4112524462    
    0.3630136986         15.51019399         5.360916805         61.70101883        -51.47379512         72.34490592         4.741127622         2.635839579        0.4130136986    
    0.3647749511         15.94419182         5.383494973         62.29460895        -51.85415708         73.18184387         4.741127622         2.635839579        0.4147749511    
    0.3665362035         16.38432617         5.406006034         62.89365513        -52.23757290         74.02790510         4.741127622         2.635839579        0.4165362035    
    0.3682974560         16.83059703         5.428449989         63.49815736        -52.62405072         74.88309775         4.741127622         2.635839579        0.4182974560    
    0.3700587084         17.28300441         5.450826837         64.10811566        -53.01359851         75.74742976         4.741127622         2.635839579        0.4200587084    
    0.3718199609         17.74154831         5.473136580         64.72353002        -53.40622398         76.62090887         4.741127622         2.635839579        0.4218199609    
    0.3735812133         18.20622873         5.495379216         65.34440044        -53.80193468         77.50354262         4.741127622         2.635839579        0.4235812133    
    0.3753424658         18.67704566         5.517554745         65.97072692        -54.20073793         78.39533833         4.741127622         2.635839579        0.4253424658    
    0.3771037182         19.15399911         5.539663169         66.60250946        -54.60264087         79.29630314         4.741127622         2.635839579        0.4271037182    
    0.3788649706         19.63708907         5.561704486         67.23974806        -55.00765042         80.20644398         4.741127622         2.635839579        0.4288649706    
    0.3806262231         20.12631556         5.583678697         67.88244272        -55.41577335         81.12576760         4.741127622         2.635839579        0.4306262231    
    0.3823874755         20.62167856         5.605585801         68.53059344        -55.82701619         82.05428055         4.741127622         2.635839579        0.4323874755    
    0.3841487280         21.12317807         5.627425800         69.18420022        -56.24138532         82.99198920         4.741127622         2.635839579        0.4341487280    
    0.3859099804         21.63081411         5.649198691         69.84326307        -56.65888693         83.93889973         4.741127622         2.635839579        0.4359099804    
    0.3876712329         22.14458666         5.670904477         70.50778197        -57.07952702         84.89501816         4.741127622         2.635839579        0.4376712329    
    0.3894324853         22.66449573         5.692543156         71.17775694        -57.50331142         85.86035031         4.741127622         2.635839579        0.4394324853    
    0.3911937378         23.19054132         5.714114729         71.85318796        -57.93024579         86.83490184         4.741127622         2.635839579        0.4411937378    
    0.3929549902         23.72272342         5.735619196         72.53407505        -58.36033562         87.81867823         4.741127622         2.635839579        0.4429549902    
    0.3947162427         24.26104204         5.757056557         73.22041820        -58.79358623         88.81168482         4.741127622         2.635839579        0.4447162427    
    0.3964774951         24.80549717         5.778426811         73.91221740        -59.23000278         89.81392676         4.741127622         2.635839579        0.4464774951    
    0.3982387476         25.35608883         5.799729958         74.60947267        -59.66959027         90.82540906         4.741127622         2.635839579        0.4482387476    
    0.4000000000         25.91281700         5.820966000         75.31218400        -60.11235355         91.84613655         4.741127622         2.635839579        0.4500000000    
