   -0.5000000000         141.7510700         8.987185042         84.91916600        -32.41689681         183.1551519         4.741127622       -0.4500000000    
   -0.4982387476         140.2504581         8.970713406         83.53311222        -31.62676021         180.8479317         4.741127622       -0.4482387476    
   -0.4964774951         138.7616953         8.954162224         82.15949352        -30.84489492         178.5607524         4.741127622       -0.4464774951    
   -0.4947162427         137.2847814         8.937531495         80.79830991        -30.07130827         176.2936212         4.741127622       -0.4447162427    
   -0.4929549902         135.8197165         8.920821220         79.44956140        -29.30600768         174.0465454         4.741127622       -0.4429549902    
   -0.4911937378         134.3665006         8.904031399         78.11324797        -28.54900073         171.8195328         4.741127622       -0.4411937378    
   -0.4894324853         132.9251338         8.887162031         76.78936963        -27.80029513         169.6125909         4.741127622       -0.4394324853    
   -0.4876712329         131.4956159         8.870213117         75.47792637        -27.05989871         167.4257277         4.741127622       -0.4376712329    
   -0.4859099804         130.0779470         8.853184657         74.17891821        -26.32781943         165.2589511         4.741127622       -0.4359099804    
   -0.4841487280         128.6721271         8.836076650         72.89234513        -25.60406537         163.1122691         4.741127622       -0.4341487280    
   -0.4823874755         127.2781562         8.818889098         71.61820714        -24.88864476         160.9856901         4.741127622       -0.4323874755    
   -0.4806262231         125.8960343         8.801621999         70.35650425        -24.18156591         158.8792222         4.741127622       -0.4306262231    
   -0.4788649706         124.5257614         8.784275353         69.10723643        -23.48283730         156.7928741         4.741127622       -0.4288649706    
   -0.4771037182         123.1673375         8.766849162         67.87040371        -22.79246747         154.7266541         4.741127622       -0.4271037182    
   -0.4753424658         121.8207626         8.749343424         66.64600608        -22.11046509         152.6805711         4.741127622       -0.4253424658    
   -0.4735812133         120.4860367         8.731758139         65.43404353        -21.43683895         150.6546338         4.741127622       -0.4235812133    
   -0.4718199609         119.1631598         8.714093309         64.23451607        -20.77159791         148.6488510         4.741127622       -0.4218199609    
   -0.4700587084         117.8521319         8.696348932         63.04742371        -20.11475092         146.6632317         4.741127622       -0.4200587084    
   -0.4682974560         116.5529529         8.678525009         61.87276643        -19.46630702         144.6977850         4.741127622       -0.4182974560    
   -0.4665362035         115.2656230         8.660621539         60.71054423        -18.82627533         142.7525199         4.741127622       -0.4165362035    
   -0.4647749511         113.9901421         8.642638523         59.56075713        -18.19466500         140.8274456         4.741127622       -0.4147749511    
   -0.4630136986         112.7265102         8.624575961         58.42340511        -17.57148526         138.9225714         4.741127622       -0.4130136986    
   -0.4612524462         111.4747272         8.606433853         57.29848819        -16.95674535         137.0379064         4.741127622       -0.4112524462    
   -0.4594911937         110.2347933         8.588212198         56.18600635        -16.35045453         135.1734601         4.741127622       -0.4094911937    
   -0.4577299413         109.0067084         8.569910998         55.08595960        -15.75262210         133.3292415         4.741127622       -0.4077299413    
   -0.4559686888         107.7904724         8.551530250         53.99834794        -15.16325730         131.5052600         4.741127622       -0.4059686888    
   -0.4542074364         106.5860855         8.533069957         52.92317137        -14.58236937         129.7015248         4.741127622       -0.4042074364    
   -0.4524461840         105.3935476         8.514530117         51.86042988        -14.00996748         127.9180452         4.741127622       -0.4024461840    
   -0.4506849315         104.2128586         8.495910731         50.81012348        -13.44606072         126.1548301         4.741127622       -0.4006849315    
   -0.4489236791         103.0440187         8.477211798         49.77225218        -12.89065808         124.4118885         4.741127622       -0.3989236791    
   -0.4471624266         101.8870277         8.458433320         48.74681596        -12.34376842         122.6892295         4.741127622       -0.3971624266    
   -0.4454011742         100.7418858         8.439575295         47.73381483        -11.80540044         120.9868615         4.741127622       -0.3954011742    
   -0.4436399217         99.60859280         8.420637723         46.73324878        -11.27556263         119.3047932         4.741127622       -0.3936399217    
   -0.4418786693         98.48714884         8.401620606         45.74511783        -10.75426327         117.6430327         4.741127622       -0.3918786693    
   -0.4401174168         97.37755387         8.382523942         44.76942196        -10.24151035         116.0015882         4.741127622       -0.3901174168    
   -0.4383561644         96.27980790         8.363347732         43.80616119        -9.737311555         114.3804672         4.741127622       -0.3883561644    
   -0.4365949119         95.19391093         8.344091975         42.85533550        -9.241674200         112.7796771         4.741127622       -0.3865949119    
   -0.4348336595         94.11986296         8.324756672         41.91694490        -8.754605203         111.1992248         4.741127622       -0.3848336595    
   -0.4330724070         93.05766398         8.305341823         40.99098938        -8.276111012         109.6391168         4.741127622       -0.3830724070    
   -0.4313111546         92.00731400         8.285847428         40.07746896        -7.806197558         108.0993590         4.741127622       -0.3813111546    
   -0.4295499022         90.96881302         8.266273486         39.17638363        -7.344870190         106.5799567         4.741127622       -0.3795499022    
   -0.4277886497         89.94216104         8.246619998         38.28773338        -6.892133608         105.0809146         4.741127622       -0.3777886497    
   -0.4260273973         88.92735805         8.226886964         37.41151822        -6.447991795         103.6022368         4.741127622       -0.3760273973    
   -0.4242661448         87.92440406         8.207074384         36.54773815        -6.012447939         102.1439264         4.741127622       -0.3742661448    
   -0.4225048924         86.93329906         8.187182257         35.69639317        -5.585504355         100.7059857         4.741127622       -0.3725048924    
   -0.4207436399         85.95404307         8.167210584         34.85748327        -5.167162399         99.28841605         4.741127622       -0.3707436399    
   -0.4189823875         84.98663607         8.147159364         34.03100847        -4.757422372         97.89121780         4.741127622       -0.3689823875    
   -0.4172211350         84.03107806         8.127028598         33.21696875        -4.356283433         96.51439009         4.741127622       -0.3672211350    
   -0.4154598826         83.08736906         8.106818286         32.41536413        -3.963743487         95.15793083         4.741127622       -0.3654598826    
   -0.4136986301         82.15550905         8.086528428         31.62619459        -3.579799084         93.82183656         4.741127622       -0.3636986301    
   -0.4119373777         81.23549804         8.066159024         30.84946013        -3.204445302         92.50610236         4.741127622       -0.3619373777    
   -0.4101761252         80.32733602         8.045710073         30.08516077        -2.837675629         91.21072172         4.741127622       -0.3601761252    
   -0.4084148728         79.43102300         8.025181575         29.33329650        -2.479481839         89.93568642         4.741127622       -0.3584148728    
   -0.4066536204         78.54655898         8.004573532         28.59386731        -2.129853856         88.68098637         4.741127622       -0.3566536204    
   -0.4048923679         77.67394396         7.983885942         27.86687321        -1.788779626         87.44660953         4.741127622       -0.3548923679    
   -0.4031311155         76.81317793         7.963118806         27.15231421        -1.456244968         86.23254171         4.741127622       -0.3531311155    
   -0.4013698630         75.96426090         7.942272124         26.45019028        -1.132233431         85.03876646         4.741127622       -0.3513698630    
   -0.3996086106         75.12719287         7.921345895         25.76050145       -0.8167261419         83.86526491         4.741127622       -0.3496086106    
   -0.3978473581         74.30197383         7.900340120         25.08324771       -0.5097016489         82.71201560         4.741127622       -0.3478473581    
   -0.3960861057         73.48860379         7.879254799         24.41842905       -0.2111357642         81.57899436         4.741127622       -0.3460861057    
   -0.3943248532         72.68708275         7.858089931         23.76604549        0.7899859953E-01     80.46617408         4.741127622       -0.3443248532    
   -0.3925636008         71.89741071         7.836845517         23.12609701        0.3607315935         79.37352463         4.741127622       -0.3425636008    
   -0.3908023483         71.11958766         7.815521557         22.49858362        0.6340965979         78.30101262         4.741127622       -0.3408023483    
   -0.3890410959         70.35361361         7.794118051         21.88350532        0.8991303886         77.24860127         4.741127622       -0.3390410959    
   -0.3872798434         69.59948856         7.772634998         21.28086210         1.155873301         76.21625025         4.741127622       -0.3372798434    
   -0.3855185910         68.85721250         7.751072399         20.69065398         1.404369394         75.20391550         4.741127622       -0.3355185910    
   -0.3837573386         68.12678544         7.729430253         20.11288094         1.644666608         74.21154909         4.741127622       -0.3337573386    
   -0.3819960861         67.40820738         7.707708562         19.54754299         1.876816918         73.23909902         4.741127622       -0.3319960861    
   -0.3802348337         66.70147831         7.685907324         18.99464013         2.100876480         72.28650916         4.741127622       -0.3302348337    
   -0.3784735812         66.00659824         7.664026540         18.45417236         2.316905769         71.35371902         4.741127622       -0.3284735812    
   -0.3767123288         65.32356717         7.642066209         17.92613968         2.524969702         70.44066368         4.741127622       -0.3267123288    
   -0.3749510763         64.65238510         7.620026332         17.41054208         2.725137755         69.54727368         4.741127622       -0.3249510763    
   -0.3731898239         63.99305202         7.597906909         16.90737958         2.917484054         68.67347488         4.741127622       -0.3231898239    
   -0.3714285714         63.34556794         7.575707940         16.41665216         3.102087459         67.81918842         4.741127622       -0.3214285714    
   -0.3696673190         62.70993286         7.553429424         15.93835983         3.279031615         66.98433067         4.741127622       -0.3196673190    
   -0.3679060665         62.08614677         7.531071362         15.47250259         3.448404992         66.16881314         4.741127622       -0.3179060665    
   -0.3661448141         61.47420968         7.508633754         15.01908044         3.610300891         65.37254255         4.741127622       -0.3161448141    
   -0.3643835616         60.87412159         7.486116599         14.57809337         3.764817425         64.59542077         4.741127622       -0.3143835616    
   -0.3626223092         60.28588250         7.463519898         14.14954140         3.912057466         63.83734493         4.741127622       -0.3126223092    
   -0.3608610568         59.70949240         7.440843651         13.73342451         4.052128560         63.09820749         4.741127622       -0.3108610568    
   -0.3590998043         59.14495130         7.418087858         13.32974271         4.185142808         62.37789635         4.741127622       -0.3090998043    
   -0.3573385519         58.59225919         7.395252518         12.93849600         4.311216709         61.67629500         4.741127622       -0.3073385519    
   -0.3555772994         58.05141609         7.372337632         12.55968438         4.430470954         60.99328276         4.741127622       -0.3055772994    
   -0.3538160470         57.52242198         7.349343199         12.19330785         4.543030193         60.32873498         4.741127622       -0.3038160470    
   -0.3520547945         57.00527686         7.326269221         11.83936640         4.649022746         59.68252334         4.741127622       -0.3020547945    
   -0.3502935421         56.49998075         7.303115696         11.49786004         4.748580275         59.05451617         4.741127622       -0.3002935421    
   -0.3485322896         56.00393312         7.279887684         11.16622658         4.842791629         58.44102918         4.741127622       -0.2985322896    
   -0.3467710372         55.51234905         7.256594495         10.83975158         4.933485470         57.83545807         4.741127622       -0.2967710372    
   -0.3450097847         55.02512451         7.233236330         10.51833256         5.020724629         57.23763621         4.741127622       -0.2950097847    
   -0.3432485323         54.54225950         7.209813191         10.20196951         5.104534637         56.64753806         4.741127622       -0.2932485323    
   -0.3414872798         54.06375403         7.186325076         9.890662434         5.184942468         56.06513664         4.741127622       -0.2914872798    
   -0.3397260274         53.58960809         7.162771986         9.584411332         5.261976568         55.49040351         4.741127622       -0.2897260274    
   -0.3379647750         53.11982169         7.139153921         9.283216205         5.335666898         54.92330871         4.741127622       -0.2879647750    
   -0.3362035225         52.65439482         7.115470881         8.987077051         5.406044961         54.36382074         4.741127622       -0.2862035225    
   -0.3344422701         52.19332748         7.091722866         8.695993872         5.473143838         53.81190651         4.741127622       -0.2844422701    
   -0.3326810176         51.73661968         7.067909876         8.409966668         5.536998213         53.26753134         4.741127622       -0.2826810176    
   -0.3309197652         51.28427141         7.044031911         8.128995437         5.597644398         52.73065892         4.741127622       -0.2809197652    
   -0.3291585127         50.83628267         7.020088970         7.853080181         5.655120360         52.20125128         4.741127622       -0.2791585127    
   -0.3273972603         50.39265347         6.996081055         7.582220899         5.709465737         51.67926879         4.741127622       -0.2773972603    
   -0.3256360078         49.95338380         6.972008164         7.316417591         5.760721855         51.16467011         4.741127622       -0.2756360078    
   -0.3238747554         49.51847366         6.947870298         7.055670258         5.808931737         50.65741223         4.741127622       -0.2738747554    
   -0.3221135029         49.08792306         6.923667458         6.799978899         5.854140114         50.15745041         4.741127622       -0.2721135029    
   -0.3203522505         48.66173200         6.899399642         6.549343514         5.896393424         49.66473821         4.741127622       -0.2703522505    
   -0.3185909980         48.23990046         6.875066850         6.303764103         5.935739814         49.17922750         4.741127622       -0.2685909980    
   -0.3168297456         47.82242846         6.850669084         6.063240667         5.972229125         48.70086842         4.741127622       -0.2668297456    
   -0.3150684932         47.40931599         6.826206343         5.827773204         6.005912889         48.22960945         4.741127622       -0.2650684932    
   -0.3133072407         47.00056306         6.801678626         5.597361716         6.036844301         47.76539739         4.741127622       -0.2633072407    
   -0.3115459883         46.59616966         6.777085935         5.372006203         6.065078200         47.30817740         4.741127622       -0.2615459883    
   -0.3097847358         46.19613580         6.752428268         5.151706663         6.090671031         46.85789303         4.741127622       -0.2597847358    
   -0.3080234834         45.80046146         6.727705626         4.936463098         6.113680817         46.41448627         4.741127622       -0.2580234834    
   -0.3062622309         45.40914667         6.702918010         4.726275507         6.134167104         45.97789757         4.741127622       -0.2562622309    
   -0.3045009785         45.02219140         6.678065417         4.521143890         6.152190917         45.54806590         4.741127622       -0.2545009785    
   -0.3027397260         44.63959567         6.653147850         4.321068248         6.167814696         45.12492882         4.741127622       -0.2527397260    
   -0.3009784736         44.26135947         6.628165308         4.126048580         6.181102234         44.70842255         4.741127622       -0.2509784736    
   -0.2992172211         43.88748281         6.603117791         3.936084886         6.192118599         44.29848200         4.741127622       -0.2492172211    
   -0.2974559687         43.51796568         6.578005298         3.751177166         6.200930059         43.89504092         4.741127622       -0.2474559687    
   -0.2956947162         43.15280808         6.552827831         3.571325421         6.207603990         43.49803192         4.741127622       -0.2456947162    
   -0.2939334638         42.79201002         6.527585388         3.396529650         6.212208779         43.10738663         4.741127622       -0.2439334638    
   -0.2921722114         42.43557149         6.502277970         3.226789853         6.214813726         42.72303573         4.741127622       -0.2421722114    
   -0.2904109589         42.08349249         6.476905577         3.062106030         6.215488927         42.34490914         4.741127622       -0.2404109589    
   -0.2886497065         41.73577303         6.451468209         2.902478182         6.214305161         41.97293608         4.741127622       -0.2386497065    
   -0.2868884540         41.39241310         6.425965866         2.747906308         6.211333762         41.60704521         4.741127622       -0.2368884540    
   -0.2851272016         41.05341271         6.400398548         2.598390408         6.206646489         41.24716477         4.741127622       -0.2351272016    
   -0.2833659491         40.71877185         6.374766255         2.453930482         6.200315383         40.89322272         4.741127622       -0.2333659491    
   -0.2816046967         40.38849052         6.349068986         2.314526531         6.192412627         40.54514688         4.741127622       -0.2316046967    
   -0.2798434442         40.06256873         6.323306743         2.180178554         6.183010388         40.20286508         4.741127622       -0.2298434442    
   -0.2780821918         39.74100647         6.297479524         2.050886551         6.172180663         39.86630533         4.741127622       -0.2280821918    
   -0.2763209393         39.42380374         6.271587330         1.926650522         6.159995111         39.53539596         4.741127622       -0.2263209393    
   -0.2745596869         39.11096055         6.245630161         1.807470468         6.146524885         39.21006583         4.741127622       -0.2245596869    
   -0.2727984344         38.80247689         6.219608017         1.693346388         6.131840459         38.89024445         4.741127622       -0.2227984344    
   -0.2710371820         38.49835277         6.193520898         1.584278282         6.116011442         38.57586222         4.741127622       -0.2210371820    
   -0.2692759295         38.19858818         6.167368804         1.480266150         6.099106397         38.26685058         4.741127622       -0.2192759295    
   -0.2675146771         37.90318312         6.141151734         1.381309993         6.081192654         37.96314220         4.741127622       -0.2175146771    
   -0.2657534247         37.61213759         6.114869690         1.287409810         6.062336110         37.66467117         4.741127622       -0.2157534247    
   -0.2639921722         37.32545160         6.088522670         1.198565601         6.042601040         37.37137323         4.741127622       -0.2139921722    
   -0.2622309198         37.04312515         6.062110676         1.114777366         6.022049892         37.08318593         4.741127622       -0.2122309198    
   -0.2604696673         36.76515822         6.035633706         1.036045106         6.000743088         36.80004884         4.741127622       -0.2104696673    
   -0.2587084149         36.49155083         6.009091761        0.9623688198         5.978738814         36.52190378         4.741127622       -0.2087084149    
   -0.2569471624         36.22230298         5.982484841        0.8937485080         5.956092822         36.24869500         4.741127622       -0.2069471624    
   -0.2551859100         35.95741466         5.955812946        0.8301841704         5.932858210         35.98036939         4.741127622       -0.2051859100    
   -0.2534246575         35.69688587         5.929076075        0.7716758071         5.909085222         35.71687672         4.741127622       -0.2034246575    
   -0.2516634051         35.44071661         5.902274230        0.7182234180         5.884821033         35.45816981         4.741127622       -0.2016634051    
   -0.2499021526         35.18890279         5.875407580        0.6698228620         5.860109894         35.20420047         4.741127622       -0.1999021526    
   -0.2481409002         34.93997420         5.848537254        0.6249915809         5.835116317         34.95339513         4.741127622       -0.1981409002    
   -0.2463796477         34.69274401         5.821712598        0.5825327613         5.809963576         34.70449303         4.741127622       -0.1963796477    
   -0.2446183953         34.44721223         5.794933611        0.5424464030         5.784667666         34.45747818         4.741127622       -0.1946183953    
   -0.2428571429         34.20337886         5.768200294        0.5047325061         5.759243970         34.21233519         4.741127622       -0.1928571429    
   -0.2410958904         33.96124390         5.741512647        0.4693910705         5.733707220         33.96904933         4.741127622       -0.1910958904    
   -0.2393346380         33.72080735         5.714870670        0.4364220964         5.708071468         33.72760655         4.741127622       -0.1893346380    
   -0.2375733855         33.48206920         5.688274363        0.4058255836         5.682350044         33.48799352         4.741127622       -0.1875733855    
   -0.2358121331         33.24502946         5.661723726        0.3776015322         5.656555520         33.25019766         4.741127622       -0.1858121331    
   -0.2340508806         33.00968812         5.635218758        0.3517499422         5.630699671         33.01420721         4.741127622       -0.1840508806    
   -0.2322896282         32.77604519         5.608759460        0.3282708136         5.604793440         32.78001121         4.741127622       -0.1822896282    
   -0.2305283757         32.54410067         5.582345832        0.3071641464         5.578846892         32.54759961         4.741127622       -0.1805283757    
   -0.2287671233         32.31385456         5.555977874        0.2884299405         5.552869176         32.31696326         4.741127622       -0.1787671233    
   -0.2270058708         32.08530685         5.529655586        0.2720681960         5.526868483         32.08809396         4.741127622       -0.1770058708    
   -0.2252446184         31.85845756         5.503378967        0.2580789129         5.500852003         31.86098452         4.741127622       -0.1752446184    
   -0.2234833659         31.63330666         5.477148019        0.2464620912         5.474825882         31.63562880         4.741127622       -0.1734833659    
   -0.2217221135         31.40985418         5.450962740        0.2372177308         5.448795176         31.41202174         4.741127622       -0.1717221135    
   -0.2199608611         31.18810010         5.424823131        0.2303458318         5.422763806         31.19015943         4.741127622       -0.1699608611    
   -0.2181996086         30.96804443         5.398729192        0.2258463943         5.396734511         30.97003911         4.741127622       -0.1681996086    
   -0.2164383562         30.74968717         5.372680922        0.2237194181         5.370708803         30.75165929         4.741127622       -0.1664383562    
   -0.2146771037         30.53302831         5.346678323        0.2239649032         5.344686914         30.53501972         4.741127622       -0.1646771037    
   -0.2129158513         30.31806786         5.320721393        0.2265828498         5.318667752         30.32012150         4.741127622       -0.1629158513    
   -0.2111545988         30.10480582         5.294810133        0.2315732577         5.292648847         30.10696710         4.741127622       -0.1611545988    
   -0.2093933464         29.89324218         5.268944543        0.2389361270         5.266626301         29.89556042         4.741127622       -0.1593933464    
   -0.2076320939         29.68337695         5.243124623        0.2486714577         5.240594735         29.68590684         4.741127622       -0.1576320939    
   -0.2058708415         29.47521013         5.217350373        0.2607792498         5.214547242         29.47801326         4.741127622       -0.1558708415    
   -0.2041095890         29.26874172         5.191621792        0.2752595032         5.188475324         29.27188819         4.741127622       -0.1541095890    
   -0.2023483366         29.06397171         5.165938881        0.2921122181         5.162368847         29.06754174         4.741127622       -0.1523483366    
   -0.2005870841         28.86090011         5.140301640        0.3113373943         5.136215981         28.86498577         4.741127622       -0.1505870841    
   -0.1988258317         28.65952692         5.114710069        0.3329350319         5.110003149         28.66423384         4.741127622       -0.1488258317    
   -0.1970645793         28.45985213         5.089164168        0.3569051309         5.083714967         28.46530133         4.741127622       -0.1470645793    
   -0.1953033268         28.26187575         5.063663937        0.3832476912         5.057334193         28.26820549         4.741127622       -0.1453033268    
   -0.1935420744         28.06559778         5.038209375        0.4119627129         5.030841671         28.07296548         4.741127622       -0.1435420744    
   -0.1917808219         27.87101821         5.012800483        0.4430501961         5.004216271         27.87960243         4.741127622       -0.1417808219    
   -0.1900195695         27.67813706         4.987437261        0.4765101406         4.977434843         27.68813947         4.741127622       -0.1400195695    
   -0.1882583170         27.48695431         4.962119709        0.5123425464         4.950472155         27.49860186         4.741127622       -0.1382583170    
   -0.1864970646         27.29746996         4.936847827        0.5505474137         4.923300845         27.31101694         4.741127622       -0.1364970646    
   -0.1847358121         27.10968403         4.911621614        0.5911247423         4.895891367         27.12541427         4.741127622       -0.1347358121    
   -0.1829745597         26.92359650         4.886441072        0.6340745323         4.868211940         26.94182563         4.741127622       -0.1329745597    
   -0.1812133072         26.73920737         4.861306199        0.6793967837         4.840228504         26.76028507         4.741127622       -0.1312133072    
   -0.1794520548         26.55651666         4.836216996        0.7270914965         4.811904672         26.58082898         4.741127622       -0.1294520548    
   -0.1776908023         26.37552435         4.811173463        0.7771586706         4.783201687         26.40349613         4.741127622       -0.1276908023    
   -0.1759295499         26.19623045         4.786175599        0.8295983062         4.754078385         26.22832766         4.741127622       -0.1259295499    
   -0.1741682975         26.01863495         4.761223406        0.8844104031         4.724491158         26.05536720         4.741127622       -0.1241682975    
   -0.1724070450         25.84273787         4.736316882        0.9415949614         4.694393927         25.88466082         4.741127622       -0.1224070450    
   -0.1706457926         25.66853919         4.711456028         1.001151981         4.663738114         25.71625710         4.741127622       -0.1206457926    
   -0.1688845401         25.49603891         4.686640844         1.063081462         4.632472626         25.55020713         4.741127622       -0.1188845401    
   -0.1671232877         25.32523705         4.661871330         1.127383405         4.600543843         25.38656453         4.741127622       -0.1171232877    
   -0.1653620352         25.15613359         4.637147485         1.194057808         4.567895612         25.22538546         4.741127622       -0.1153620352    
   -0.1636007828         24.98872854         4.612469311         1.263104674         4.534469252         25.06672860         4.741127622       -0.1136007828    
   -0.1618395303         24.82302189         4.587836806         1.334524000         4.500203571         24.91065513         4.741127622       -0.1118395303    
   -0.1600782779         24.65901366         4.563249971         1.408315788         4.465034885         24.75722874         4.741127622       -0.1100782779    
   -0.1583170254         24.49670382         4.538708806         1.484480037         4.428897056         24.60651557         4.741127622       -0.1083170254    
   -0.1565557730         24.33609240         4.514213311         1.563016748         4.391721537         24.45858417         4.741127622       -0.1065557730    
   -0.1547945205         24.17717938         4.489763485         1.643925920         4.353437435         24.31350543         4.741127622       -0.1047945205    
   -0.1530332681         24.01996478         4.465359329         1.727207554         4.313971581         24.17135252         4.741127622       -0.1030332681    
   -0.1512720157         23.86444857         4.441000844         1.812861649         4.273248620         24.03220080         4.741127622       -0.1012720157    
   -0.1495107632         23.71057828         4.416696699         1.900824867         4.231211451         23.89606353         4.741127622       -0.9951076321E-01
   -0.1477495108         23.55740051         4.392604366         1.989947000         4.188162199         23.76184268         4.741127622       -0.9774951076E-01
   -0.1459882583         23.40456038         4.368782464         2.079799887         4.144198544         23.62914430         4.741127622       -0.9598825832E-01
   -0.1442270059         23.25205789         4.345230992         2.170383525         4.099284127         23.49800475         4.741127622       -0.9422700587E-01
   -0.1424657534         23.09989303         4.321949949         2.261697917         4.053382256         23.36846072         4.741127622       -0.9246575342E-01
   -0.1407045010         22.94806580         4.298939337         2.353743062         4.006455940         23.24054920         4.741127622       -0.9070450098E-01
   -0.1389432485         22.79657621         4.276199156         2.446518959         3.958467941         23.11430743         4.741127622       -0.8894324853E-01
   -0.1371819961         22.64542426         4.253729404         2.540025610         3.909380816         22.98977285         4.741127622       -0.8718199609E-01
   -0.1354207436         22.49460994         4.231530083         2.634263013         3.859156970         22.86698305         4.741127622       -0.8542074364E-01
   -0.1336594912         22.34413326         4.209601191         2.729231169         3.807758708         22.74597574         4.741127622       -0.8365949119E-01
   -0.1318982387         22.19399421         4.187942730         2.824930078         3.755148293         22.62678865         4.741127622       -0.8189823875E-01
   -0.1301369863         22.04419280         4.166554699         2.921359739         3.701288002         22.50945949         4.741127622       -0.8013698630E-01
   -0.1283757339         21.89472902         4.145437098         3.018520154         3.646140193         22.39402593         4.741127622       -0.7837573386E-01
   -0.1266144814         21.74560288         4.124589927         3.116411321         3.589667366         22.28052544         4.741127622       -0.7661448141E-01
   -0.1248532290         21.59681437         4.104013187         3.215033241         3.531832231         22.16899533         4.741127622       -0.7485322896E-01
   -0.1230919765         21.44836350         4.083706876         3.314385915         3.472597778         22.05947260         4.741127622       -0.7309197652E-01
   -0.1213307241         21.30025027         4.063670996         3.414469340         3.411927346         21.95199392         4.741127622       -0.7133072407E-01
   -0.1195694716         21.15247467         4.043905546         3.515283519         3.349784700         21.84659551         4.741127622       -0.6956947162E-01
   -0.1178082192         21.00503670         4.024410526         3.616828451         3.286134102         21.74331313         4.741127622       -0.6780821918E-01
   -0.1160469667         20.85793637         4.005185936         3.719104135         3.220940389         21.64218192         4.741127622       -0.6604696673E-01
   -0.1142857143         20.71117368         3.986231776         3.822110573         3.154169045         21.54323641         4.741127622       -0.6428571429E-01
   -0.1125244618         20.56474862         3.967548047         3.925847763         3.085786283         21.44651038         4.741127622       -0.6252446184E-01
   -0.1107632094         20.41866120         3.949134747         4.030315706         3.015759118         21.35203683         4.741127622       -0.6076320939E-01
   -0.1090019569         20.27291141         3.930991878         4.135514402         2.944055441         21.25984785         4.741127622       -0.5900195695E-01
   -0.1072407045         20.12749926         3.913119439         4.241443851         2.870644100         21.16997460         4.741127622       -0.5724070450E-01
   -0.1054794521         19.98242474         3.895517430         4.348104052         2.795494966         21.08244721         4.741127622       -0.5547945205E-01
   -0.1037181996         19.83768786         3.878185852         4.455495007         2.718579009         20.99729470         4.741127622       -0.5371819961E-01
   -0.1019569472         19.69328861         3.861124703         4.563616714         2.639868368         20.91454495         4.741127622       -0.5195694716E-01
   -0.1001956947         19.54922700         3.844333985         4.672469174         2.559336411         20.83422458         4.741127622       -0.5019569472E-01
   -0.9843444227E-01     19.40550303         3.827813696         4.782052387         2.476957806         20.75635892         4.741127622       -0.4843444227E-01
   -0.9667318982E-01     19.26211669         3.811563838         4.892366353         2.392708573         20.68097195         4.741127622       -0.4667318982E-01
   -0.9491193738E-01     19.11906798         3.795584410         5.003411072         2.306566143         20.60808625         4.741127622       -0.4491193738E-01
   -0.9315068493E-01     18.97635692         3.779875412         5.115186543         2.218509410         20.53772292         4.741127622       -0.4315068493E-01
   -0.9138943249E-01     18.83398348         3.764436845         5.227692767         2.128518770         20.46990156         4.741127622       -0.4138943249E-01
   -0.8962818004E-01     18.69194768         3.749268707         5.340929745         2.036576168         20.40464022         4.741127622       -0.3962818004E-01
   -0.8786692759E-01     18.55024952         3.734371000         5.454897475         1.942665129         20.34195539         4.741127622       -0.3786692759E-01
   -0.8610567515E-01     18.40888899         3.719743722         5.569595958         1.846770788         20.28186193         4.741127622       -0.3610567515E-01
   -0.8434442270E-01     18.26786610         3.705386875         5.685025193         1.748879915         20.22437306         4.741127622       -0.3434442270E-01
   -0.8258317025E-01     18.12718084         3.691300459         5.801185182         1.648980928         20.16950038         4.741127622       -0.3258317025E-01
   -0.8082191781E-01     17.98683322         3.677484472         5.918075924         1.547063907         20.11725379         4.741127622       -0.3082191781E-01
   -0.7906066536E-01     17.84682324         3.663938915         6.035697418         1.443120596         20.06764156         4.741127622       -0.2906066536E-01
   -0.7729941292E-01     17.70715089         3.650663789         6.154049665         1.337144407         20.02067027         4.741127622       -0.2729941292E-01
   -0.7553816047E-01     17.56781617         3.637659092         6.273132665         1.229130402         19.97634486         4.741127622       -0.2553816047E-01
   -0.7377690802E-01     17.42881909         3.624924826         6.392946418         1.119075292         19.93466863         4.741127622       -0.2377690802E-01
   -0.7201565558E-01     17.29015965         3.612460990         6.513490924         1.006977407         19.89564323         4.741127622       -0.2201565558E-01
   -0.7025440313E-01     17.15183784         3.600267584         6.634766182        0.8928366759         19.85926875         4.741127622       -0.2025440313E-01
   -0.6849315068E-01     17.01385367         3.588344609         6.756772194        0.7766545951         19.82554368         4.741127622       -0.1849315068E-01
   -0.6673189824E-01     16.87620713         3.576692063         6.879508958        0.6584341931         19.79446500         4.741127622       -0.1673189824E-01
   -0.6497064579E-01     16.73889823         3.565309948         7.002976475        0.5381799899         19.76602818         4.741127622       -0.1497064579E-01
   -0.6320939335E-01     16.60192696         3.554198263         7.127174745        0.4158979526         19.74022727         4.741127622       -0.1320939335E-01
   -0.6144814090E-01     16.46529333         3.543357008         7.252103768        0.2915954468         19.71705489         4.741127622       -0.1144814090E-01
   -0.5968688845E-01     16.32899733         3.532786183         7.377763543        0.1652811847         19.69650233         4.741127622       -0.9686888454E-02
   -0.5792563601E-01     16.19303897         3.522485788         7.504154072        0.3696516958E-01     19.67855959         4.741127622       -0.7925636008E-02
   -0.5616438356E-01     16.05741824         3.512455823         7.631275353       -0.9334136183E-01     19.66321543         4.741127622       -0.6164383562E-02
   -0.5440313112E-01     15.92213515         3.502696289         7.759127388       -0.2256259999         19.65045744         4.741127622       -0.4403131115E-02
   -0.5264187867E-01     15.78718970         3.493207185         7.887710175       -0.3598752241         19.64027211         4.741127622       -0.2641878669E-02
   -0.5088062622E-01     15.65258188         3.483988510         8.017023715       -0.4960744664         19.63264485         4.741127622       -0.8806262231E-03
   -0.4911937378E-01     15.51827831         3.475045862         8.146985463       -0.6341441043         19.62746828         4.741127622        0.8806262231E-03
   -0.4735812133E-01     15.38407873         3.466412815         8.277100155       -0.7736795234         19.62417107         4.741127622        0.2641878669E-02
   -0.4559686888E-01     15.24994975         3.458094965         8.407285247       -0.9145902581         19.62263497         4.741127622        0.4403131115E-02
   -0.4383561644E-01     15.11589137         3.450092312         8.537540739        -1.056849492         19.62283317         4.741127622        0.6164383562E-02
   -0.4207436399E-01     14.98190359         3.442404855         8.667866629        -1.200430455         19.62473890         4.741127622        0.7925636008E-02
   -0.4031311155E-01     14.84798641         3.435032596         8.798262920        -1.345306463         19.62832547         4.741127622        0.9686888454E-02
   -0.3855185910E-01     14.71413983         3.427975533         8.928729610        -1.491450948         19.63356631         4.741127622        0.1144814090E-01
   -0.3679060665E-01     14.58036386         3.421233667         9.059266699        -1.638837499         19.64043502         4.741127622        0.1320939335E-01
   -0.3502935421E-01     14.44665848         3.414806999         9.189874188        -1.787439883         19.64890536         4.741127622        0.1497064579E-01
   -0.3326810176E-01     14.31302371         3.408695527         9.320552076        -1.937232079         19.65895131         4.741127622        0.1673189824E-01
   -0.3150684932E-01     14.17945954         3.402899252         9.451300364        -2.088188302         19.67054709         4.741127622        0.1849315068E-01
   -0.2974559687E-01     14.04596596         3.397418174         9.582119051        -2.240283028         19.68366717         4.741127622        0.2025440313E-01
   -0.2798434442E-01     13.91254299         3.392252292         9.713008138        -2.393491013         19.69828630         4.741127622        0.2201565558E-01
   -0.2622309198E-01     13.77919062         3.387401608         9.843967625        -2.547787314         19.71437955         4.741127622        0.2377690802E-01
   -0.2446183953E-01     13.64590886         3.382866121         9.974997511        -2.703147307         19.73192228         4.741127622        0.2553816047E-01
   -0.2270058708E-01     13.51269769         3.378645830         10.10609780        -2.859546701         19.75089022         4.741127622        0.2729941292E-01
   -0.2093933464E-01     13.37955712         3.374740736         10.23726848        -3.016961553         19.77125941         4.741127622        0.2906066536E-01
   -0.1917808219E-01     13.24648716         3.371150840         10.36850957        -3.175368280         19.79300628         4.741127622        0.3082191781E-01
   -0.1741682975E-01     13.11348780         3.367876140         10.49982105        -3.334743671         19.81610761         4.741127622        0.3258317025E-01
   -0.1565557730E-01     12.98055903         3.364916637         10.63120293        -3.495064892         19.84054056         4.741127622        0.3434442270E-01
   -0.1389432485E-01     12.84770087         3.362272331         10.76265522        -3.656309499         19.86628270         4.741127622        0.3610567515E-01
   -0.1213307241E-01     12.71491331         3.359943222         10.89417790        -3.818455438         19.89331197         4.741127622        0.3786692759E-01
   -0.1037181996E-01     12.58219635         3.357929309         11.02577098        -3.981481058         19.92160672         4.741127622        0.3962818004E-01
   -0.8610567515E-02     12.44955000         3.356230594         11.15743446        -4.145365106         19.95114570         4.741127622        0.4138943249E-01
   -0.6849315068E-02     12.31697424         3.354847076         11.28916834        -4.310086737         19.98190805         4.741127622        0.4315068493E-01
   -0.5088062622E-02     12.18446908         3.353778754         11.42097262        -4.475625511         20.01387335         4.741127622        0.4491193738E-01
   -0.3326810176E-02     12.05203453         3.353025629         11.55284730        -4.641961396         20.04702156         4.741127622        0.4667318982E-01
   -0.1565557730E-02     11.91967058         3.352587702         11.68479238        -4.809074768         20.08133305         4.741127622        0.4843444227E-01
    0.1956947162E-03     11.78737723         3.352464971         11.81680786        -4.976946410         20.11678861         4.741127622        0.5019569472E-01
    0.1956947162E-02     11.65515447         3.352657437         11.94889374        -5.145557508         20.15336942         4.741127622        0.5195694716E-01
    0.3718199609E-02     11.52300232         3.353165100         12.08105002        -5.314889653         20.19105708         4.741127622        0.5371819961E-01
    0.5479452055E-02     11.39092078         3.353987960         12.21327670        -5.484924835         20.22983357         4.741127622        0.5547945205E-01
    0.7240704501E-02     11.25890983         3.355126016         12.34557377        -5.655645441         20.26968129         4.741127622        0.5724070450E-01
    0.9001956947E-02     11.12696948         3.356579270         12.47794125        -5.827034249         20.31058300         4.741127622        0.5900195695E-01
    0.1076320939E-01     10.99509974         3.358347721         12.61037913        -5.999074428         20.35252189         4.741127622        0.6076320939E-01
    0.1252446184E-01     10.86330059         3.360431368         12.74288740        -6.171749530         20.39548149         4.741127622        0.6252446184E-01
    0.1428571429E-01     10.73157205         3.362830212         12.87546608        -6.345043483         20.43944575         4.741127622        0.6428571429E-01
    0.1604696673E-01     10.59991411         3.365544254         13.00811515        -6.518940591         20.48439895         4.741127622        0.6604696673E-01
    0.1780821918E-01     10.46832677         3.368573492         13.14083463        -6.693425525         20.53032579         4.741127622        0.6780821918E-01
    0.1956947162E-01     10.33681003         3.371917927         13.27362450        -6.868483318         20.57721127         4.741127622        0.6956947162E-01
    0.2133072407E-01     10.20536389         3.375577559         13.40648477        -7.044099357         20.62504081         4.741127622        0.7133072407E-01
    0.2309197652E-01     10.07398835         3.379552387         13.53941545        -7.220259381         20.67380012         4.741127622        0.7309197652E-01
    0.2485322896E-01     9.942683419         3.383842413         13.67241652        -7.396949470         20.72347530         4.741127622        0.7485322896E-01
    0.2661448141E-01     9.811449084         3.388447636         13.80548799        -7.574156042         20.77405276         4.741127622        0.7661448141E-01
    0.2837573386E-01     9.680285351         3.393368055         13.93862986        -7.751865845         20.82551925         4.741127622        0.7837573386E-01
    0.3013698630E-01     9.549192219         3.398603672         14.07184213        -7.930065951         20.87786184         4.741127622        0.8013698630E-01
    0.3189823875E-01     9.418169687         3.404154485         14.20512480        -8.108743748         20.93106792         4.741127622        0.8189823875E-01
    0.3365949119E-01     9.287217757         3.410020495         14.33847787        -8.287886935         20.98512519         4.741127622        0.8365949119E-01
    0.3542074364E-01     9.156336428         3.416201702         14.47190134        -8.467483514         21.04002164         4.741127622        0.8542074364E-01
    0.3718199609E-01     9.025525701         3.422698106         14.60539521        -8.647521786         21.09574559         4.741127622        0.8718199609E-01
    0.3894324853E-01     8.894785574         3.429509707         14.73895948        -8.827990340         21.15228562         4.741127622        0.8894324853E-01
    0.4070450098E-01     8.764116049         3.436636505         14.87259415        -9.008878050         21.20963060         4.741127622        0.9070450098E-01
    0.4246575342E-01     8.633517124         3.444078500         15.00629922        -9.190174067         21.26776969         4.741127622        0.9246575342E-01
    0.4422700587E-01     8.502988801         3.451835691         15.14007468        -9.371867814         21.32669231         4.741127622        0.9422700587E-01
    0.4598825832E-01     8.372531079         3.459908080         15.27392055        -9.553948977         21.38638814         4.741127622        0.9598825832E-01
    0.4774951076E-01     8.242143958         3.468295665         15.40783682        -9.736407500         21.44684712         4.741127622        0.9774951076E-01
    0.4951076321E-01     8.111827439         3.476998447         15.54182348        -9.919233581         21.50805947         4.741127622        0.9951076321E-01
    0.5127201566E-01     7.981761728         3.486004722         15.67595843        -10.10242413         21.57019058         4.741127622        0.1012720157    
    0.5303326810E-01     7.852430937         3.495283049         15.81045091        -10.28598456         21.63369854         4.741127622        0.1030332681    
    0.5479452055E-01     7.723861721         3.504831695         15.94531243        -10.46990155         21.69859496         4.741127622        0.1047945205    
    0.5655577299E-01     7.596054083         3.514650660         16.08054299        -10.65416108         21.76486582         4.741127622        0.1065557730    
    0.5831702544E-01     7.469008021         3.524739946         16.21614259        -10.83874946         21.83249743         4.741127622        0.1083170254    
    0.6007827789E-01     7.342723536         3.535099551         16.35211124        -11.02365333         21.90147642         4.741127622        0.1100782779    
    0.6183953033E-01     7.217200628         3.545729476         16.48844893        -11.20885964         21.97178974         4.741127622        0.1118395303    
    0.6360078278E-01     7.092439296         3.556629721         16.62515567        -11.39435566         22.04342468         4.741127622        0.1136007828    
    0.6536203523E-01     6.968439541         3.567800286         16.76223145        -11.58012896         22.11636878         4.741127622        0.1153620352    
    0.6712328767E-01     6.845201363         3.579241170         16.89967627        -11.76616741         22.19060995         4.741127622        0.1171232877    
    0.6888454012E-01     6.722724762         3.590952375         17.03749014        -11.95245919         22.26613633         4.741127622        0.1188845401    
    0.7064579256E-01     6.601009737         3.602933899         17.17567305        -12.13899276         22.34293639         4.741127622        0.1206457926    
    0.7240704501E-01     6.480056289         3.615185742         17.31422501        -12.32575685         22.42099888         4.741127622        0.1224070450    
    0.7416829746E-01     6.359864417         3.627707906         17.45314600        -12.51274049         22.50031281         4.741127622        0.1241682975    
    0.7592954990E-01     6.240434122         3.640500389         17.59243605        -12.69993296         22.58086748         4.741127622        0.1259295499    
    0.7769080235E-01     6.121765404         3.653563192         17.73209513        -12.88732384         22.66265244         4.741127622        0.1276908023    
    0.7945205479E-01     6.003858262         3.666896315         17.87212326        -13.07490293         22.74565751         4.741127622        0.1294520548    
    0.8121330724E-01     5.886712698         3.680499758         18.01252044        -13.26266032         22.82987278         4.741127622        0.1312133072    
    0.8297455969E-01     5.770328710         3.694373520         18.15328665        -13.45058632         22.91528855         4.741127622        0.1329745597    
    0.8473581213E-01     5.654706298         3.708517602         18.29442191        -13.63867150         23.00189540         4.741127622        0.1347358121    
    0.8649706458E-01     5.539845463         3.722932004         18.43592622        -13.82690667         23.08968413         4.741127622        0.1364970646    
    0.8825831703E-01     5.425746205         3.737616726         18.57779956        -14.01528286         23.17864579         4.741127622        0.1382583170    
    0.9001956947E-01     5.312408524         3.752571767         18.72004196        -14.20379133         23.26877162         4.741127622        0.1400195695    
    0.9178082192E-01     5.199832419         3.767797128         18.86265339        -14.39242358         23.36005312         4.741127622        0.1417808219    
    0.9354207436E-01     5.088017891         3.783292809         19.00563387        -14.58117130         23.45248200         4.741127622        0.1435420744    
    0.9530332681E-01     4.976964940         3.799058810         19.14898339        -14.77002640         23.54605015         4.741127622        0.1453033268    
    0.9706457926E-01     4.866673565         3.815095131         19.29270196        -14.95898102         23.64074971         4.741127622        0.1470645793    
    0.9882583170E-01     4.757143767         3.831401771         19.43678957        -15.14802746         23.73657300         4.741127622        0.1488258317    
    0.1005870841         4.648375546         3.847978731         19.58124622        -15.33715825         23.83351253         4.741127622        0.1505870841    
    0.1023483366         4.540368901         3.864826011         19.72607192        -15.52636610         23.93156101         4.741127622        0.1523483366    
    0.1041095890         4.433123833         3.881943611         19.87126666        -15.71564390         24.03071134         4.741127622        0.1541095890    
    0.1058708415         4.326640342         3.899331530         20.01683045        -15.90498472         24.13095660         4.741127622        0.1558708415    
    0.1076320939         4.220918428         3.916989769         20.16276327        -16.09438184         24.23229003         4.741127622        0.1576320939    
    0.1093933464         4.115958090         3.934918328         20.30906515        -16.28382867         24.33470508         4.741127622        0.1593933464    
    0.1111545988         4.011759328         3.953117207         20.45573606        -16.47331881         24.43819534         4.741127622        0.1611545988    
    0.1129158513         3.908322144         3.971586406         20.60277602        -16.66284603         24.54275458         4.741127622        0.1629158513    
    0.1146771037         3.805646536         3.990325924         20.75018502        -16.85240425         24.64837671         4.741127622        0.1646771037    
    0.1164383562         3.703732505         4.009335762         20.89796307        -17.04198756         24.75505582         4.741127622        0.1664383562    
    0.1181996086         3.602580051         4.028615920         21.04611016        -17.23159018         24.86278615         4.741127622        0.1681996086    
    0.1199608611         3.502189173         4.048166397         21.19462630        -17.42120650         24.97156207         4.741127622        0.1699608611    
    0.1217221135         3.402559872         4.067987195         21.34351147        -17.61083104         25.08137811         4.741127622        0.1717221135    
    0.1234833659         3.303692147         4.088078312         21.49276570        -17.80045848         25.19222893         4.741127622        0.1734833659    
    0.1252446184         3.205586000         4.108439749         21.64238896        -17.99008361         25.30410936         4.741127622        0.1752446184    
    0.1270058708         3.108241428         4.129071505         21.79238127        -18.17970138         25.41701432         4.741127622        0.1770058708    
    0.1287671233         3.011658434         4.149973582         21.94274262        -18.36930687         25.53093888         4.741127622        0.1787671233    
    0.1305283757         2.915837016         4.171145978         22.09347302        -18.55889526         25.64587825         4.741127622        0.1805283757    
    0.1322896282         2.820777175         4.192588694         22.24457246        -18.74846188         25.76182775         4.741127622        0.1822896282    
    0.1340508806         2.726478911         4.214301730         22.39604094        -18.93800217         25.87878281         4.741127622        0.1840508806    
    0.1358121331         2.632942224         4.236285085         22.54787847        -19.12751170         25.99673901         4.741127622        0.1858121331    
    0.1375733855         2.540167113         4.258538761         22.70008504        -19.31698614         26.11569202         4.741127622        0.1875733855    
    0.1393346380         2.448153578         4.281062756         22.85266066        -19.50642128         26.23563762         4.741127622        0.1893346380    
    0.1410958904         2.356901621         4.303857070         23.00560532        -19.69581302         26.35657171         4.741127622        0.1910958904    
    0.1428571429         2.266411240         4.326921705         23.15891902        -19.88515735         26.47849030         4.741127622        0.1928571429    
    0.1446183953         2.176682436         4.350256660         23.31260176        -20.07445039         26.60138949         4.741127622        0.1946183953    
    0.1463796477         2.087715208         4.373861934         23.46665355        -20.26368835         26.72526549         4.741127622        0.1963796477    
    0.1481409002         1.999509557         4.397737528         23.62107439        -20.45286752         26.85011461         4.741127622        0.1981409002    
    0.1499021526         1.912065483         4.421883441         23.77586426        -20.64198431         26.97593324         4.741127622        0.1999021526    
    0.1516634051         1.826018846         4.446199708         23.93153231        -20.83125553         27.10347409         4.741127622        0.2016634051    
    0.1534246575         1.742157320         4.470562494         24.08870923        -21.02094747         27.23366728         4.741127622        0.2034246575    
    0.1551859100         1.660483106         4.494971454         24.24739677        -21.21105267         27.36650723         4.741127622        0.2051859100    
    0.1569471624         1.580996204         4.519426586         24.40759494        -21.40156326         27.50198605         4.741127622        0.2069471624    
    0.1587084149         1.503696614         4.543927892         24.56930373        -21.59247173         27.64009624         4.741127622        0.2087084149    
    0.1604696673         1.428584335         4.568475372         24.73252315        -21.78377089         27.78083060         4.741127622        0.2104696673    
    0.1622309198         1.355659369         4.593069024         24.89725319        -21.97545388         27.92418227         4.741127622        0.2122309198    
    0.1639921722         1.284921714         4.617708850         25.06349386        -22.16751415         28.07014471         4.741127622        0.2139921722    
    0.1657534247         1.216371370         4.642394849         25.23124515        -22.35994549         28.21871171         4.741127622        0.2157534247    
    0.1675146771         1.150008339         4.667127022         25.40050707        -22.55274200         28.36987736         4.741127622        0.2175146771    
    0.1692759295         1.085832619         4.691905367         25.57127962        -22.74589805         28.52363604         4.741127622        0.2192759295    
    0.1710371820         1.023844211         4.716729886         25.74356279        -22.93940834         28.67998244         4.741127622        0.2210371820    
    0.1727984344        0.9640431151         4.741600579         25.91735659        -23.13326785         28.83891154         4.741127622        0.2227984344    
    0.1745596869        0.9064293308         4.766517444         26.09266101        -23.32747181         29.00041859         4.741127622        0.2245596869    
    0.1763209393        0.8510028582         4.791480483         26.26947605        -23.52201578         29.16449912         4.741127622        0.2263209393    
    0.1780821918        0.7977636974         4.816489695         26.44780173        -23.71689554         29.33114894         4.741127622        0.2280821918    
    0.1798434442        0.7467118484         4.841545081         26.62763803        -23.91210717         29.50036410         4.741127622        0.2298434442    
    0.1816046967        0.6978473111         4.866646640         26.80898495        -24.10764696         29.67214091         4.741127622        0.2316046967    
    0.1833659491        0.6511700857         4.891794372         26.99184250        -24.30351149         29.84647595         4.741127622        0.2333659491    
    0.1851272016        0.6066801720         4.916988277         27.17621067        -24.49969756         30.02336601         4.741127622        0.2351272016    
    0.1868884540        0.5643775701         4.942228356         27.36208947        -24.69620222         30.20280814         4.741127622        0.2368884540    
    0.1886497065        0.5242622799         4.967514608         27.54947890        -24.89302272         30.38479961         4.741127622        0.2386497065    
    0.1904109589        0.4863343016         4.992847033         27.73837895        -25.09015656         30.56933790         4.741127622        0.2404109589    
    0.1921722114        0.4505936350         5.018225631         27.92878962        -25.28760145         30.75642072         4.741127622        0.2421722114    
    0.1939334638        0.4170402801         5.043650403         28.12071093        -25.48535531         30.94604599         4.741127622        0.2439334638    
    0.1956947162        0.3856742371         5.069121348         28.31414285        -25.68341625         31.13821184         4.741127622        0.2456947162    
    0.1974559687        0.3564955058         5.094638467         28.50908541        -25.88178260         31.33291657         4.741127622        0.2474559687    
    0.1992172211        0.3295040864         5.120201758         28.70553858        -26.08045286         31.53015871         4.741127622        0.2492172211    
    0.2009784736        0.3046999787         5.145811223         28.90350239        -26.27942574         31.72993694         4.741127622        0.2509784736    
    0.2027397260        0.2820831827         5.171466862         29.10297682        -26.47870011         31.93225016         4.741127622        0.2527397260    
    0.2045009785        0.2616536986         5.197168673         29.30396187        -26.67827503         32.13709740         4.741127622        0.2545009785    
    0.2062622309        0.2434115262         5.222916658         29.50645755        -26.87814971         32.34447789         4.741127622        0.2562622309    
    0.2080234834        0.2273566656         5.248710816         29.71046386        -27.07832355         32.55439103         4.741127622        0.2580234834    
    0.2097847358        0.2134891167         5.274551147         29.91598079        -27.27879609         32.76683635         4.741127622        0.2597847358    
    0.2115459883        0.2018088797         5.300437652         30.12300835        -27.47956703         32.98181356         4.741127622        0.2615459883    
    0.2133072407        0.1923159544         5.326370330         30.33154653        -27.68063622         33.19932250         4.741127622        0.2633072407    
    0.2150684932        0.1850103409         5.352349181         30.54159533        -27.88200365         33.41936317         4.741127622        0.2650684932    
    0.2168297456        0.1798920392         5.378374206         30.75315477        -28.08366945         33.64193569         4.741127622        0.2668297456    
    0.2185909980        0.1769610492         5.404445404         30.96622483        -28.28563388         33.86704034         4.741127622        0.2685909980    
    0.2203522505        0.1762173711         5.430562775         31.18080551        -28.48789735         34.09467750         4.741127622        0.2703522505    
    0.2221135029        0.1776610047         5.456726319         31.39689682        -28.69046037         34.32484769         4.741127622        0.2721135029    
    0.2238747554        0.1812919500         5.482936037         31.61449875        -28.89332358         34.55755156         4.741127622        0.2738747554    
    0.2256360078        0.1871102072         5.509191928         31.83361132        -29.09648773         34.79278986         4.741127622        0.2756360078    
    0.2273972603        0.1951157761         5.535493993         32.05423450        -29.29995369         35.03056346         4.741127622        0.2773972603    
    0.2291585127        0.2053086568         5.561842230         32.27636831        -29.50372244         35.27087333         4.741127622        0.2791585127    
    0.2309197652        0.2176888493         5.588236641         32.50001275        -29.70779506         35.51372055         4.741127622        0.2809197652    
    0.2326810176        0.2322563536         5.614677225         32.72516781        -29.91217272         35.75910630         4.741127622        0.2826810176    
    0.2344422701        0.2490111696         5.641163983         32.95183350        -30.11685669         36.00703185         4.741127622        0.2844422701    
    0.2362035225        0.2679532974         5.667696913         33.18000981        -30.32184835         36.25749856         4.741127622        0.2862035225    
    0.2379647750        0.2890827370         5.694276018         33.40969675        -30.52714915         36.51050790         4.741127622        0.2879647750    
    0.2397260274        0.3123994883         5.720901295         33.64089432        -30.73276062         36.76606140         4.741127622        0.2897260274    
    0.2414872798        0.3379035515         5.747572746         33.87360251        -30.93868438         37.02416067         4.741127622        0.2914872798    
    0.2432485323        0.3655949264         5.774290369         34.10782132        -31.14492213         37.28480743         4.741127622        0.2932485323    
    0.2450097847        0.3954736131         5.801054167         34.34355076        -31.35147565         37.54800343         4.741127622        0.2950097847    
    0.2467710372        0.4275396115         5.827864137         34.58079083        -31.55834677         37.81375052         4.741127622        0.2967710372    
    0.2485322896        0.4617929218         5.854720281         34.81954152        -31.76553741         38.08205061         4.741127622        0.2985322896    
    0.2502935421        0.4982883939         5.881621025         35.05985763        -31.97307538         38.35298480         4.741127622        0.3002935421    
    0.2520547945        0.5395491312         5.908493995         35.30425987        -32.18215243         38.63019556         4.741127622        0.3020547945    
    0.2538160470        0.5869463856         5.935299860         35.55411816        -32.39342132         38.91566756         4.741127622        0.3038160470    
    0.2555772994        0.6404801570         5.962038618         35.80943251        -32.60689015         39.20940892         4.741127622        0.3055772994    
    0.2573385519        0.7001504456         5.988710270         36.07020293        -32.82256780         39.51142851         4.741127622        0.3073385519    
    0.2590998043        0.7659572512         6.015314815         36.33642940        -33.04046388         39.82173594         4.741127622        0.3090998043    
    0.2608610568        0.8379005738         6.041852254         36.60811194        -33.26058868         40.14034151         4.741127622        0.3108610568    
    0.2626223092        0.9159804136         6.068322587         36.88525054        -33.48295316         40.46725616         4.741127622        0.3126223092    
    0.2643835616         1.000196770         6.094725814         37.16784519        -33.70756888         40.80249146         4.741127622        0.3143835616    
    0.2661448141         1.090549644         6.121061934         37.45589591        -33.93444797         41.14605954         4.741127622        0.3161448141    
    0.2679060665         1.187039035         6.147330948         37.74940269        -34.16360310         41.49797308         4.741127622        0.3179060665    
    0.2696673190         1.289664943         6.173532856         38.04836553        -34.39504744         41.85824524         4.741127622        0.3196673190    
    0.2714285714         1.398427368         6.199667657         38.35278443        -34.62879462         42.22688964         4.741127622        0.3214285714    
    0.2731898239         1.513326310         6.225735352         38.66265939        -34.86485868         42.60392034         4.741127622        0.3231898239    
    0.2749510763         1.634361770         6.251735941         38.97799041        -35.10325408         42.98935179         4.741127622        0.3249510763    
    0.2767123288         1.761533746         6.277669423         39.29877749        -35.34399560         43.38319876         4.741127622        0.3267123288    
    0.2784735812         1.894842239         6.303535799         39.62502064        -35.58709835         43.78547639         4.741127622        0.3284735812    
    0.2802348337         2.034287250         6.329335069         39.95671984        -35.83257774         44.19620006         4.741127622        0.3302348337    
    0.2819960861         2.179868777         6.355067233         40.29387510        -36.08044943         44.61538544         4.741127622        0.3319960861    
    0.2837573386         2.331586822         6.380732290         40.63648643        -36.33072929         45.04304840         4.741127622        0.3337573386    
    0.2855185910         2.489441383         6.406330241         40.98455381        -36.58343340         45.47920502         4.741127622        0.3355185910    
    0.2872798434         2.653432462         6.431861086         41.33807726        -36.83857798         45.92387153         4.741127622        0.3372798434    
    0.2890410959         2.823560058         6.457324824         41.69705677        -37.09617942         46.37706431         4.741127622        0.3390410959    
    0.2908023483         2.999824171         6.482721456         42.06149234        -37.35625420         46.83879983         4.741127622        0.3408023483    
    0.2925636008         3.182224800         6.508050982         42.43138396        -37.61881888         47.30909467         4.741127622        0.3425636008    
    0.2943248532         3.370761947         6.533313401         42.80673165        -37.88389009         47.78796544         4.741127622        0.3443248532    
    0.2960861057         3.565435611         6.558508715         43.18753540        -38.15148449         48.27542881         4.741127622        0.3460861057    
    0.2978473581         3.766245793         6.583636922         43.57379521        -38.42161874         48.77150145         4.741127622        0.3478473581    
    0.2996086106         3.973192491         6.608698022         43.96551108        -38.69430951         49.27620003         4.741127622        0.3496086106    
    0.3013698630         4.186275706         6.633692016         44.36268301        -38.96957344         49.78954116         4.741127622        0.3513698630    
    0.3031311155         4.405495438         6.658618904         44.76531101        -39.24742709         50.31154143         4.741127622        0.3531311155    
    0.3048923679         4.630851688         6.683478686         45.17339506        -39.52788699         50.84221737         4.741127622        0.3548923679    
    0.3066536204         4.862344454         6.708271361         45.58693517        -39.81096957         51.38158539         4.741127622        0.3566536204    
    0.3084148728         5.099973738         6.732996930         46.00593135        -40.09669115         51.92966182         4.741127622        0.3584148728    
    0.3101761252         5.343739538         6.757655393         46.43038358        -40.38506794         52.48646287         4.741127622        0.3601761252    
    0.3119373777         5.593641856         6.782246750         46.86029188        -40.67611602         53.05200463         4.741127622        0.3619373777    
    0.3136986301         5.849680690         6.806771000         47.29565623        -40.96985132         53.62630301         4.741127622        0.3636986301    
    0.3154598826         6.111856042         6.831228144         47.73647665        -41.26628962         54.20937381         4.741127622        0.3654598826    
    0.3172211350         6.380167911         6.855618181         48.18275313        -41.56544652         54.80123262         4.741127622        0.3672211350    
    0.3189823875         6.654616297         6.879941113         48.63448566        -41.86733745         55.40189486         4.741127622        0.3689823875    
    0.3207436399         6.935201200         6.904196938         49.09167426        -42.17197764         56.01137578         4.741127622        0.3707436399    
    0.3225048924         7.221922620         6.928385656         49.55431892        -42.47938213         56.62969041         4.741127622        0.3725048924    
    0.3242661448         7.514780557         6.952507269         50.02241964        -42.78956575         57.25685357         4.741127622        0.3742661448    
    0.3260273973         7.813775011         6.976561775         50.49597642        -43.10254310         57.89287989         4.741127622        0.3760273973    
    0.3277886497         8.118905983         7.000549175         50.97498927        -43.41832859         58.53778375         4.741127622        0.3777886497    
    0.3295499022         8.430173471         7.024469468         51.45945817        -43.73693638         59.19157932         4.741127622        0.3795499022    
    0.3313111546         8.747577476         7.048322655         51.94938313        -44.05838039         59.85428052         4.741127622        0.3813111546    
    0.3330724070         9.071117999         7.072108736         52.44476415        -44.38267432         60.52590105         4.741127622        0.3830724070    
    0.3348336595         9.400795038         7.095827711         52.94560124        -44.70983162         61.20645437         4.741127622        0.3848336595    
    0.3365949119         9.736608595         7.119479579         53.45189438        -45.03986549         61.89595366         4.741127622        0.3865949119    
    0.3383561644         10.07855867         7.143064341         53.96364359        -45.37278888         62.59441189         4.741127622        0.3883561644    
    0.3401174168         10.42664526         7.166581997         54.48084885        -45.70861452         63.30184177         4.741127622        0.3901174168    
    0.3418786693         10.78086837         7.190032546         55.00351018        -46.04735483         64.01825574         4.741127622        0.3918786693    
    0.3436399217         11.14122799         7.213415989         55.53162757        -46.38902202         64.74366601         4.741127622        0.3936399217    
    0.3454011742         11.50772413         7.236732326         56.06520102        -46.73362804         65.47808450         4.741127622        0.3954011742    
    0.3471624266         11.88035679         7.259981557         56.60423053        -47.08118456         66.22152291         4.741127622        0.3971624266    
    0.3489236791         12.25912597         7.283163681         57.14871609        -47.43170302         66.97399267         4.741127622        0.3989236791    
    0.3506849315         12.64403166         7.306278699         57.69865772        -47.78519458         67.73550494         4.741127622        0.4006849315    
    0.3524461840         13.03507387         7.329326610         58.25405542        -48.14167017         68.50607066         4.741127622        0.4024461840    
    0.3542074364         13.43225260         7.352307416         58.81490917        -48.50114045         69.28570047         4.741127622        0.4042074364    
    0.3559686888         13.83556784         7.375221115         59.38121898        -48.86361583         70.07440479         4.741127622        0.4059686888    
    0.3577299413         14.24501961         7.398067707         59.95298485        -49.22910647         70.87219378         4.741127622        0.4077299413    
    0.3594911937         14.66060788         7.420847194         60.53020679        -49.59762227         71.67907734         4.741127622        0.4094911937    
    0.3612524462         15.08233268         7.443559574         61.11288478        -49.96917289         72.49506515         4.741127622        0.4112524462    
    0.3630136986         15.51019399         7.466204848         61.70101883        -50.34376776         73.32016660         4.741127622        0.4130136986    
    0.3647749511         15.94419182         7.488783015         62.29460895        -50.72141604         74.15439088         4.741127622        0.4147749511    
    0.3665362035         16.38432617         7.511294076         62.89365513        -51.10212667         74.99774692         4.741127622        0.4165362035    
    0.3682974560         16.83059703         7.533738031         63.49815736        -51.48590834         75.85024340         4.741127622        0.4182974560    
    0.3700587084         17.28300441         7.556114880         64.10811566        -51.87276951         76.71188880         4.741127622        0.4200587084    
    0.3718199609         17.74154831         7.578424622         64.72353002        -52.26271841         77.58269135         4.741127622        0.4218199609    
    0.3735812133         18.20622873         7.600667258         65.34440044        -52.65576305         78.46265903         4.741127622        0.4235812133    
    0.3753424658         18.67704566         7.622842788         65.97072692        -53.05191119         79.35179964         4.741127622        0.4253424658    
    0.3771037182         19.15399911         7.644951211         66.60250946        -53.45117040         80.25012072         4.741127622        0.4271037182    
    0.3788649706         19.63708907         7.666992528         67.23974806        -53.85354802         81.15762962         4.741127622        0.4288649706    
    0.3806262231         20.12631556         7.688966739         67.88244272        -54.25905117         82.07433346         4.741127622        0.4306262231    
    0.3823874755         20.62167856         7.710873844         68.53059344        -54.66768676         83.00023916         4.741127622        0.4323874755    
    0.3841487280         21.12317807         7.732713842         69.18420022        -55.07946152         83.93535343         4.741127622        0.4341487280    
    0.3859099804         21.63081411         7.754486734         69.84326307        -55.49438194         84.87968278         4.741127622        0.4359099804    
    0.3876712329         22.14458666         7.776192519         70.50778197        -55.91245434         85.83323352         4.741127622        0.4376712329    
    0.3894324853         22.66449573         7.797831199         71.17775694        -56.33368483         86.79601176         4.741127622        0.4394324853    
    0.3911937378         23.19054132         7.819402772         71.85318796        -56.75807934         87.76802343         4.741127622        0.4411937378    
    0.3929549902         23.72272342         7.840907238         72.53407505        -57.18564361         88.74927427         4.741127622        0.4429549902    
    0.3947162427         24.26104204         7.862344599         73.22041820        -57.61638320         89.73976984         4.741127622        0.4447162427    
    0.3964774951         24.80549717         7.883714853         73.91221740        -58.05030349         90.73951552         4.741127622        0.4464774951    
    0.3982387476         25.35608883         7.905018001         74.60947267        -58.48740969         91.74851652         4.741127622        0.4482387476    
    0.4000000000         25.91281700         7.926254042         75.31218400        -58.92770682         92.76677786         4.741127622        0.4500000000    
