   -0.5000000000        0.1157811089E-02   -0.5659635289E-02    0.1547307635E-02   -0.1368297939E-01
   -0.4980430528        0.6699295635E-03   -0.5588863998E-02    0.1073272354E-02   -0.1357794203E-01
   -0.4960861057        0.1977750741E-03   -0.5555186388E-02    0.6042320523E-03   -0.1352820328E-01
   -0.4941291585       -0.2623675846E-03   -0.5556537818E-02    0.1379113760E-03   -0.1353159980E-01
   -0.4921722114       -0.7131169560E-03   -0.5591341729E-02   -0.3277934975E-03   -0.1358648127E-01
   -0.4902152642       -0.1157229987E-02   -0.5658151163E-02   -0.7948805266E-03   -0.1369128307E-01
   -0.4882583170       -0.1597022163E-02   -0.5755782385E-02   -0.1265226770E-02   -0.1384469784E-01
   -0.4863013699       -0.2034757618E-02   -0.5883194641E-02   -0.1740613045E-02   -0.1404553421E-01
   -0.4843444227       -0.2472417885E-02   -0.6039533232E-02   -0.2222721602E-02   -0.1429277521E-01
   -0.4823874755       -0.2911898974E-02   -0.6224063551E-02   -0.2713150294E-02   -0.1458550119E-01
   -0.4804305284       -0.3354888049E-02   -0.6436188519E-02   -0.3213412728E-02   -0.1492291480E-01
   -0.4784735812       -0.3802983242E-02   -0.6675405093E-02   -0.3724947355E-02   -0.1530428987E-01
   -0.4765166341       -0.4257616989E-02   -0.6941311678E-02   -0.4249117834E-02   -0.1572898253E-01
   -0.4745596869       -0.4720136419E-02   -0.7233576594E-02   -0.4787218965E-02   -0.1619639363E-01
   -0.4726027397       -0.5191750682E-02   -0.7551940923E-02   -0.5340476616E-02   -0.1670597320E-01
   -0.4706457926       -0.5673588207E-02   -0.7896194278E-02   -0.5910051436E-02   -0.1725719092E-01
   -0.4686888454       -0.6166657813E-02   -0.8266175369E-02   -0.6497038182E-02   -0.1784953710E-01
   -0.4667318982       -0.6671891146E-02   -0.8661752638E-02   -0.7102467778E-02   -0.1848249861E-01
   -0.4647749511       -0.7190112355E-02   -0.9082823630E-02   -0.7727306043E-02   -0.1915555778E-01
   -0.4628180039       -0.7722070441E-02   -0.9529299064E-02   -0.8372454497E-02   -0.1986817231E-01
   -0.4608610568       -0.8268414624E-02   -0.1000110158E-01   -0.9038748555E-02   -0.2061977313E-01
   -0.4589041096       -0.8829719533E-02   -0.1049815234E-01   -0.9726957385E-02   -0.2140974724E-01
   -0.4569471624       -0.9406464573E-02   -0.1102036950E-01   -0.1043778168E-01   -0.2223743513E-01
   -0.4549902153       -0.9999053891E-02   -0.1156765675E-01   -0.1117185279E-01   -0.2310211601E-01
   -0.4530332681       -0.1060779871E-01   -0.1213990168E-01   -0.1192973022E-01   -0.2400300517E-01
   -0.4510763209       -0.1123293342E-01   -0.1273696594E-01   -0.1271190024E-01   -0.2493924130E-01
   -0.4491193738       -0.1187460022E-01   -0.1335868362E-01   -0.1351877322E-01   -0.2590988404E-01
   -0.4471624266       -0.1253286235E-01   -0.1400485278E-01   -0.1435068191E-01   -0.2691390322E-01
   -0.4452054795       -0.1320769061E-01   -0.1467523394E-01   -0.1520787875E-01   -0.2795017682E-01
   -0.4432485323       -0.1389897438E-01   -0.1536954284E-01   -0.1609053403E-01   -0.2901748203E-01
   -0.4412915851       -0.1460650990E-01   -0.1608744916E-01   -0.1699873322E-01   -0.3011449387E-01
   -0.4393346380       -0.1533000962E-01   -0.1682857037E-01   -0.1793247522E-01   -0.3123977794E-01
   -0.4373776908       -0.1606909193E-01   -0.1759247081E-01   -0.1889166988E-01   -0.3239178994E-01
   -0.4354207436       -0.1682328949E-01   -0.1837865653E-01   -0.1987613642E-01   -0.3356887012E-01
   -0.4334637965       -0.1759204020E-01   -0.1918657489E-01   -0.2088560129E-01   -0.3476924379E-01
   -0.4315068493       -0.1837469485E-01   -0.2001561034E-01   -0.2191969691E-01   -0.3599101749E-01
   -0.4295499022       -0.1917050935E-01   -0.2086508450E-01   -0.2297796001E-01   -0.3723218066E-01
   -0.4275929550       -0.1997865193E-01   -0.2173425305E-01   -0.2405983080E-01   -0.3849060357E-01
   -0.4256360078       -0.2079819665E-01   -0.2262230633E-01   -0.2516465185E-01   -0.3976404016E-01
   -0.4236790607       -0.2162813018E-01   -0.2352836704E-01   -0.2629166766E-01   -0.4105012746E-01
   -0.4217221135       -0.2246734334E-01   -0.2445148801E-01   -0.2744002030E-01   -0.4234638368E-01
   -0.4197651663       -0.2331463034E-01   -0.2539064272E-01   -0.2860874046E-01   -0.4365019537E-01
   -0.4178082192       -0.2416868199E-01   -0.2634472420E-01   -0.2979674413E-01   -0.4495881818E-01
   -0.4158512720       -0.2502809135E-01   -0.2731254339E-01   -0.3100283186E-01   -0.4626937795E-01
   -0.4138943249       -0.2589134947E-01   -0.2829283019E-01   -0.3222568783E-01   -0.4757887548E-01
   -0.4119373777       -0.2675685127E-01   -0.2928423264E-01   -0.3346387977E-01   -0.4888418926E-01
   -0.4099804305       -0.2762289245E-01   -0.3028531882E-01   -0.3471585885E-01   -0.5018208173E-01
   -0.4080234834       -0.2848767574E-01   -0.3129457694E-01   -0.3597996041E-01   -0.5146920373E-01
   -0.4060665362       -0.2934930902E-01   -0.3231041797E-01   -0.3725440476E-01   -0.5274210224E-01
   -0.4041095890       -0.3020581203E-01   -0.3333117675E-01   -0.3853729878E-01   -0.5399722654E-01
   -0.4021526419       -0.3105511572E-01   -0.3435511546E-01   -0.3982663773E-01   -0.5523093749E-01
   -0.4001956947       -0.3189506947E-01   -0.3538042567E-01   -0.4112030777E-01   -0.5643951524E-01
   -0.3982387476       -0.3272344165E-01   -0.3640523266E-01   -0.4241608882E-01   -0.5761917008E-01
   -0.3962818004       -0.3353792748E-01   -0.3742759847E-01   -0.4371165808E-01   -0.5876605169E-01
   -0.3943248532       -0.3433615074E-01   -0.3844552706E-01   -0.4500459395E-01   -0.5987626133E-01
   -0.3923679061       -0.3511567222E-01   -0.3945696830E-01   -0.4629238062E-01   -0.6094586260E-01
   -0.3904109589       -0.3587399261E-01   -0.4045982396E-01   -0.4757241298E-01   -0.6197089487E-01
   -0.3884540117       -0.3660856159E-01   -0.4145195264E-01   -0.4884200233E-01   -0.6294738536E-01
   -0.3864970646       -0.3731678170E-01   -0.4243117651E-01   -0.5009838236E-01   -0.6387136362E-01
   -0.3845401174       -0.3799601813E-01   -0.4339528713E-01   -0.5133871578E-01   -0.6473887477E-01
   -0.3825831703       -0.3864360352E-01   -0.4434205292E-01   -0.5256010140E-01   -0.6554599485E-01
   -0.3806262231       -0.3925684828E-01   -0.4526922568E-01   -0.5375958172E-01   -0.6628884494E-01
   -0.3786692759       -0.3983304629E-01   -0.4617454879E-01   -0.5493415094E-01   -0.6696360719E-01
   -0.3767123288       -0.4036948566E-01   -0.4705576436E-01   -0.5608076346E-01   -0.6756653951E-01
   -0.3747553816       -0.4086345523E-01   -0.4791062203E-01   -0.5719634283E-01   -0.6809399209E-01
   -0.3727984344       -0.4131225481E-01   -0.4873688560E-01   -0.5827778977E-01   -0.6854242091E-01
   -0.3708414873       -0.4171319538E-01   -0.4953233415E-01   -0.5932198219E-01   -0.6890839312E-01
   -0.3688845401       -0.4206360558E-01   -0.5029476404E-01   -0.6032577790E-01   -0.6918859395E-01
   -0.3669275930       -0.4236083830E-01   -0.5102199707E-01   -0.6128602319E-01   -0.6937984203E-01
   -0.3649706458       -0.4260228211E-01   -0.5171188836E-01   -0.6219956264E-01   -0.6947910426E-01
   -0.3630136986       -0.4278536886E-01   -0.5236233525E-01   -0.6306324908E-01   -0.6948351167E-01
   -0.3610567515       -0.4290758522E-01   -0.5297128551E-01   -0.6387395390E-01   -0.6939037397E-01
   -0.3590998043       -0.4296648064E-01   -0.5353674634E-01   -0.6462857750E-01   -0.6919719502E-01
   -0.3571428571       -0.4295967895E-01   -0.5405679269E-01   -0.6532406012E-01   -0.6890168679E-01
   -0.3551859100       -0.4288488646E-01   -0.5452957631E-01   -0.6595739265E-01   -0.6850178410E-01
   -0.3532289628       -0.4273990348E-01   -0.5495333400E-01   -0.6652562770E-01   -0.6799565774E-01
   -0.3512720157       -0.4252263244E-01   -0.5532639657E-01   -0.6702589067E-01   -0.6738172807E-01
   -0.3493150685       -0.4223108907E-01   -0.5564719682E-01   -0.6745539094E-01   -0.6665867701E-01
   -0.3473581213       -0.4186341038E-01   -0.5591427820E-01   -0.6781143294E-01   -0.6582546030E-01
   -0.3454011742       -0.4141786543E-01   -0.5612630247E-01   -0.6809142725E-01   -0.6488131795E-01
   -0.3434442270       -0.4089286283E-01   -0.5628205783E-01   -0.6829290157E-01   -0.6382578484E-01
   -0.3414872798       -0.4028696096E-01   -0.5638046608E-01   -0.6841351153E-01   -0.6265869945E-01
   -0.3395303327       -0.3959887491E-01   -0.5642059007E-01   -0.6845105125E-01   -0.6138021245E-01
   -0.3375733855       -0.3882748585E-01   -0.5640164014E-01   -0.6840346372E-01   -0.5999079341E-01
   -0.3356164384       -0.3797184725E-01   -0.5632298082E-01   -0.6826885080E-01   -0.5849123724E-01
   -0.3336594912       -0.3703119326E-01   -0.5618413636E-01   -0.6804548291E-01   -0.5688266857E-01
   -0.3317025440       -0.3600494399E-01   -0.5598479643E-01   -0.6773180823E-01   -0.5516654575E-01
   -0.3297455969       -0.3489271279E-01   -0.5572482071E-01   -0.6732646155E-01   -0.5334466287E-01
   -0.3277886497       -0.3369431039E-01   -0.5540424344E-01   -0.6682827253E-01   -0.5141915108E-01
   -0.3258317025       -0.3240975087E-01   -0.5502327683E-01   -0.6623627342E-01   -0.4939247796E-01
   -0.3238747554       -0.3103925456E-01   -0.5458231431E-01   -0.6554970605E-01   -0.4726744614E-01
   -0.3219178082       -0.2958325097E-01   -0.5408192991E-01   -0.6476802494E-01   -0.4504718742E-01
   -0.3199608611       -0.2804237642E-01   -0.5352287275E-01   -0.6389089387E-01   -0.4273515262E-01
   -0.3180039139       -0.2641747683E-01   -0.5290606622E-01   -0.6291818908E-01   -0.4033510506E-01
   -0.3160469667       -0.2470960906E-01   -0.5223260903E-01   -0.6185000441E-01   -0.3785111556E-01
   -0.3140900196       -0.2292004362E-01   -0.5150377519E-01   -0.6068665583E-01   -0.3528755530E-01
   -0.3121330724       -0.2105026464E-01   -0.5072101375E-01   -0.5942868517E-01   -0.3264908830E-01
   -0.3101761252       -0.1910197117E-01   -0.4988594749E-01   -0.5807686341E-01   -0.2994066183E-01
   -0.3082191781       -0.1707707581E-01   -0.4900037131E-01   -0.5663219300E-01   -0.2716749636E-01
   -0.3062622309       -0.1497770448E-01   -0.4806624956E-01   -0.5509590964E-01   -0.2433507356E-01
   -0.3043052838       -0.1280619363E-01   -0.4708571313E-01   -0.5346948317E-01   -0.2144912383E-01
   -0.3023483366       -0.1056508852E-01   -0.4606105537E-01   -0.5175461779E-01   -0.1851561199E-01
   -0.3003913894       -0.8257138934E-02   -0.4499472782E-01   -0.4995325142E-01   -0.1554072253E-01
   -0.2984344423       -0.5885295968E-02   -0.4388933478E-01   -0.4806755427E-01   -0.1253084314E-01
   -0.2964774951       -0.3452706265E-02   -0.4274762776E-01   -0.4609992667E-01   -0.9492547865E-02
   -0.2945205479       -0.9627073228E-03   -0.4157249872E-01   -0.4405299599E-01   -0.6432578639E-02
   -0.2925636008        0.1581179717E-02   -0.4036697318E-01   -0.4192961283E-01   -0.3357826589E-02
   -0.2906066536        0.4175256212E-02   -0.3913420231E-01   -0.3973284636E-01   -0.2753118830E-03
   -0.2886497065        0.6815654609E-02   -0.3787745480E-01   -0.3746597890E-01    0.2807836620E-02
   -0.2866927593        0.9498345972E-02   -0.3660010780E-01   -0.3513249962E-01    0.5884402934E-02
   -0.2847358121        0.1221914986E-01   -0.3530563769E-01   -0.3273609760E-01    0.8947105591E-02
   -0.2827788650        0.1497374316E-01   -0.3399760999E-01   -0.3028065398E-01    0.1198862032E-01
   -0.2808219178        0.1775767113E-01   -0.3267966918E-01   -0.2777023351E-01    0.1500160266E-01
   -0.2788649706        0.2056635742E-01   -0.3135552769E-01   -0.2520907526E-01    0.1797871139E-01
   -0.2769080235        0.2339511616E-01   -0.3002895491E-01   -0.2260158274E-01    0.2091263174E-01
   -0.2749510763        0.2623916302E-01   -0.2870376546E-01   -0.1995231332E-01    0.2379609922E-01
   -0.2729941292        0.2909362791E-01   -0.2738380725E-01   -0.1726596686E-01    0.2662192280E-01
   -0.2710371820        0.3195356414E-01   -0.2607294673E-01   -0.1454737263E-01    0.2938300650E-01
   -0.2690802348        0.3481395867E-01   -0.2477505488E-01   -0.1180147657E-01    0.3207236964E-01
   -0.2671232877        0.3766974285E-01   -0.2349399492E-01   -0.9033329748E-02    0.3468316877E-01
   -0.2651663405        0.4051580518E-01   -0.2223361057E-01   -0.6248076542E-02    0.3720871905E-01
   -0.2632093933        0.4334700283E-01   -0.2099771382E-01   -0.3450942407E-02    0.3964251577E-01
   -0.2612524462        0.4615817469E-01   -0.1979007304E-01   -0.6472212910E-03    0.4197825496E-01
   -0.2592954990        0.4894415330E-01   -0.1861440069E-01    0.2157737249E-02    0.4420985401E-01
   -0.2573385519        0.5169977815E-01   -0.1747434145E-01    0.4958541254E-02    0.4633147125E-01
   -0.2553816047        0.5441990777E-01   -0.1637346011E-01    0.7749769755E-02    0.4833752531E-01
   -0.2534246575        0.5709943311E-01   -0.1531522987E-01    0.1052598641E-01    0.5022271331E-01
   -0.2514677104        0.5973328965E-01   -0.1430302059E-01    0.1328175324E-01    0.5198202869E-01
   -0.2495107632        0.6231647069E-01   -0.1334008746E-01    0.1601164452E-01    0.5361077772E-01
   -0.2475538160        0.6484403929E-01   -0.1242955976E-01    0.1871026063E-01    0.5510459550E-01
   -0.2455968689        0.6731114131E-01   -0.1157443014E-01    0.2137224206E-01    0.5645946055E-01
   -0.2436399217        0.6971301701E-01   -0.1077754399E-01    0.2399228323E-01    0.5767170864E-01
   -0.2416829746        0.7204501369E-01   -0.1004158956E-01    0.2656514634E-01    0.5873804525E-01
   -0.2397260274        0.7430259673E-01   -0.9369088100E-02    0.2908567495E-01    0.5965555707E-01
   -0.2377690802        0.7648136170E-01   -0.8762384934E-02    0.3154880754E-01    0.6042172201E-01
   -0.2358121331        0.7857704473E-01   -0.8223640631E-02    0.3394959073E-01    0.6103441824E-01
   -0.2338551859        0.8058553384E-01   -0.7754823090E-02    0.3628319224E-01    0.6149193158E-01
   -0.2318982387        0.8250287856E-01   -0.7357699909E-02    0.3854491356E-01    0.6179296189E-01
   -0.2299412916        0.8432530030E-01   -0.7033831661E-02    0.4073020223E-01    0.6193662774E-01
   -0.2279843444        0.8604920111E-01   -0.6784565539E-02    0.4283466376E-01    0.6192247005E-01
   -0.2260273973        0.8767117295E-01   -0.6611029963E-02    0.4485407301E-01    0.6175045389E-01
   -0.2240704501        0.8918800540E-01   -0.6514129613E-02    0.4678438516E-01    0.6142096933E-01
   -0.2221135029        0.9059669200E-01   -0.6494541428E-02    0.4862174501E-01    0.6093482901E-01
   -0.2201565558        0.9189443041E-01   -0.6552711017E-02    0.5036249296E-01    0.6029326135E-01
   -0.2181996086        0.9307862699E-01   -0.6688850146E-02    0.5200317243E-01    0.5949790543E-01
   -0.2162426614        0.9414690166E-01   -0.6902934713E-02    0.5354053795E-01    0.5855080647E-01
   -0.2142857143        0.9509709332E-01   -0.7194703707E-02    0.5497156264E-01    0.5745440975E-01
   -0.2123287671        0.9592726364E-01   -0.7563658623E-02    0.5629344517E-01    0.5621155365E-01
   -0.2103718200        0.9663570128E-01   -0.8009063878E-02    0.5750361604E-01    0.5482546117E-01
   -0.2084148728        0.9722092456E-01   -0.8529947700E-02    0.5859974328E-01    0.5329973055E-01
   -0.2064579256        0.9768168446E-01   -0.9125104002E-02    0.5957973755E-01    0.5163832451E-01
   -0.2045009785        0.9801696611E-01   -0.9793094745E-02    0.6044175651E-01    0.4984555860E-01
   -0.2025440313        0.9822599060E-01   -0.1053225327E-01    0.6118420858E-01    0.4792608827E-01
   -0.2005870841        0.9830821525E-01   -0.1134068809E-01    0.6180575599E-01    0.4588489521E-01
   -0.1986301370        0.9826333423E-01   -0.1221628769E-01    0.6230531722E-01    0.4372727235E-01
   -0.1966731898        0.9809127766E-01   -0.1315672570E-01    0.6268206863E-01    0.4145880833E-01
   -0.1947162427        0.9779221103E-01   -0.1415946702E-01    0.6293544554E-01    0.3908537079E-01
   -0.1927592955        0.9736653315E-01   -0.1522177445E-01    0.6306514250E-01    0.3661308915E-01
   -0.1908023483        0.9681487442E-01   -0.1634071606E-01    0.6307111297E-01    0.3404833634E-01
   -0.1888454012        0.9613809366E-01   -0.1751317302E-01    0.6295356825E-01    0.3139771019E-01
   -0.1868884540        0.9533727532E-01   -0.1873584832E-01    0.6271297576E-01    0.2866801386E-01
   -0.1849315068        0.9441372520E-01   -0.2000527567E-01    0.6235005664E-01    0.2586623611E-01
   -0.1829745597        0.9336896662E-01   -0.2131782937E-01    0.6186578270E-01    0.2299953074E-01
   -0.1810176125        0.9220473521E-01   -0.2266973425E-01    0.6126137273E-01    0.2007519591E-01
   -0.1790606654        0.9092297410E-01   -0.2405707650E-01    0.6053828817E-01    0.1710065294E-01
   -0.1771037182        0.8952582773E-01   -0.2547581461E-01    0.5969822814E-01    0.1408342499E-01
   -0.1751467710        0.8801563628E-01   -0.2692179098E-01    0.5874312397E-01    0.1103111548E-01
   -0.1731898239        0.8639492830E-01   -0.2839074359E-01    0.5767513280E-01    0.7951386428E-02
   -0.1712328767        0.8466641119E-01   -0.2987831742E-01    0.5649662861E-01    0.4851936419E-02
   -0.1692759295        0.8283295986E-01   -0.3138007553E-01    0.5521019242E-01    0.1740479228E-02
   -0.1673189824        0.8089760968E-01   -0.3289151132E-01    0.5381860460E-01   -0.1375277002E-02
   -0.1653620352        0.7886354889E-01   -0.3440806093E-01    0.5232483721E-01   -0.4487650040E-02
   -0.1634050881        0.7673411151E-01   -0.3592511600E-01    0.5073204595E-01   -0.7589003880E-02
   -0.1614481409        0.7451276938E-01   -0.3743803634E-01    0.4904356171E-01   -0.1067176848E-01
   -0.1594911937        0.7220312475E-01   -0.3894216293E-01    0.4726288184E-01   -0.1372845940E-01
   -0.1575342466        0.6980890193E-01   -0.4043283076E-01    0.4539366109E-01   -0.1675169678E-01
   -0.1555772994        0.6733393976E-01   -0.4190538186E-01    0.4343970225E-01   -0.1973422408E-01
   -0.1536203523        0.6478218299E-01   -0.4335517815E-01    0.4140494661E-01   -0.2266892608E-01
   -0.1516634051        0.6215767455E-01   -0.4477761445E-01    0.3929346417E-01   -0.2554884651E-01
   -0.1497064579        0.5946454692E-01   -0.4616813113E-01    0.3710944357E-01   -0.2836720486E-01
   -0.1477495108        0.5670701427E-01   -0.4752222693E-01    0.3485718203E-01   -0.3111741275E-01
   -0.1457925636        0.5388936383E-01   -0.4883547130E-01    0.3254107501E-01   -0.3379308935E-01
   -0.1438356164        0.5101594805E-01   -0.5010351688E-01    0.3016560583E-01   -0.3638807633E-01
   -0.1418786693        0.4809117600E-01   -0.5132211139E-01    0.2773533516E-01   -0.3889645173E-01
   -0.1399217221        0.4511950568E-01   -0.5248710961E-01    0.2525489057E-01   -0.4131254331E-01
   -0.1379647750        0.4210543554E-01   -0.5359448474E-01    0.2272895590E-01   -0.4363094083E-01
   -0.1360078278        0.3905349694E-01   -0.5464033966E-01    0.2016226079E-01   -0.4584650760E-01
   -0.1340508806        0.3596824595E-01   -0.5562091770E-01    0.1755957014E-01   -0.4795439105E-01
   -0.1320939335        0.3285425599E-01   -0.5653261308E-01    0.1492567369E-01   -0.4995003247E-01
   -0.1301369863        0.2971610990E-01   -0.5737198085E-01    0.1226537566E-01   -0.5182917569E-01
   -0.1281800391        0.2655839294E-01   -0.5813574654E-01    0.9583484485E-02   -0.5358787501E-01
   -0.1262230920        0.2338568518E-01   -0.5882081507E-01    0.6884802767E-02   -0.5522250193E-01
   -0.1242661448        0.2020255480E-01   -0.5942427950E-01    0.4174117304E-02   -0.5672975117E-01
   -0.1223091977        0.1701355083E-01   -0.5994342847E-01    0.1456189328E-02   -0.5810664493E-01
   -0.1203522505        0.1382319656E-01   -0.6037575187E-01   -0.1264254998E-02   -0.5935053471E-01
   -0.1183953033        0.1063598306E-01   -0.6071894683E-01   -0.3982533503E-02   -0.6045910305E-01
   -0.1164383562        0.7456363843E-02   -0.6097092401E-01   -0.6694016509E-02   -0.6143036549E-01
   -0.1144814090        0.4288749039E-02   -0.6112981324E-01   -0.9394135107E-02   -0.6226267134E-01
   -0.1125244618        0.1137500533E-02   -0.6119396874E-01   -0.1207838909E-01   -0.6295470386E-01
   -0.1105675147       -0.1993073417E-02   -0.6116197353E-01   -0.1474235464E-01   -0.6350547938E-01
   -0.1086105675       -0.5098722602E-02   -0.6103264349E-01   -0.1738169162E-01   -0.6391434566E-01
   -0.1066536204       -0.8175259794E-02   -0.6080503063E-01   -0.1999215062E-01   -0.6418097933E-01
   -0.1046966732       -0.1121856472E-01   -0.6047842583E-01   -0.2256957959E-01   -0.6430538267E-01
   -0.1027397260       -0.1422458856E-01   -0.6005236093E-01   -0.2510993017E-01   -0.6428787938E-01
   -0.1007827789       -0.1718935747E-01   -0.5952661025E-01   -0.2760926355E-01   -0.6412910979E-01
   -0.9882583170E-01   -0.2010897666E-01   -0.5890119138E-01   -0.3006375610E-01   -0.6383002517E-01
   -0.9686888454E-01   -0.2297963349E-01   -0.5817636548E-01   -0.3246970445E-01   -0.6339188147E-01
   -0.9491193738E-01   -0.2579760115E-01   -0.5735263682E-01   -0.3482353030E-01   -0.6281623220E-01
   -0.9295499022E-01   -0.2855924136E-01   -0.5643075179E-01   -0.3712178467E-01   -0.6210492090E-01
   -0.9099804305E-01   -0.3126100761E-01   -0.5541169726E-01   -0.3936115190E-01   -0.6126007267E-01
   -0.8904109589E-01   -0.3389944754E-01   -0.5429669831E-01   -0.4153845300E-01   -0.6028408547E-01
   -0.8708414873E-01   -0.3647120584E-01   -0.5308721536E-01   -0.4365064876E-01   -0.5917962054E-01
   -0.8512720157E-01   -0.3897302621E-01   -0.5178494073E-01   -0.4569484220E-01   -0.5794959256E-01
   -0.8317025440E-01   -0.4140175396E-01   -0.5039179454E-01   -0.4766828067E-01   -0.5659715915E-01
   -0.8121330724E-01   -0.4375433771E-01   -0.4890992012E-01   -0.4956835734E-01   -0.5512571008E-01
   -0.7925636008E-01   -0.4602783162E-01   -0.4734167876E-01   -0.5139261227E-01   -0.5353885588E-01
   -0.7729941292E-01   -0.4821939686E-01   -0.4568964399E-01   -0.5313873276E-01   -0.5184041636E-01
   -0.7534246575E-01   -0.5032630357E-01   -0.4395659522E-01   -0.5480455325E-01   -0.5003440854E-01
   -0.7338551859E-01   -0.5234593199E-01   -0.4214551094E-01   -0.5638805439E-01   -0.4812503446E-01
   -0.7142857143E-01   -0.5427577341E-01   -0.4025956059E-01   -0.5788736061E-01   -0.4611666786E-01
   -0.6947162427E-01   -0.5611342976E-01   -0.3830209572E-01   -0.5930073624E-01   -0.4401384069E-01
   -0.6751467710E-01   -0.5785661488E-01   -0.3627664168E-01   -0.6062658204E-01   -0.4182123033E-01
   -0.6555772994E-01   -0.5950315521E-01   -0.3418688912E-01   -0.6186343096E-01   -0.3954364748E-01
   -0.6360078278E-01   -0.6105099114E-01   -0.3203668497E-01   -0.6300994301E-01   -0.3718602375E-01
   -0.6164383562E-01   -0.6249817766E-01   -0.2983002319E-01   -0.6406489899E-01   -0.3475339985E-01
   -0.5968688845E-01   -0.6384288560E-01   -0.2757103502E-01   -0.6502719320E-01   -0.3225091392E-01
   -0.5772994129E-01   -0.6508340224E-01   -0.2526397899E-01   -0.6589582501E-01   -0.2968379068E-01
   -0.5577299413E-01   -0.6621813253E-01   -0.2291323052E-01   -0.6666988952E-01   -0.2705733130E-01
   -0.5381604697E-01   -0.6724559967E-01   -0.2052327135E-01   -0.6734856763E-01   -0.2437690460E-01
   -0.5185909980E-01   -0.6816444631E-01   -0.1809867854E-01   -0.6793111609E-01   -0.2164793958E-01
   -0.4990215264E-01   -0.6897343516E-01   -0.1564411344E-01   -0.6841685825E-01   -0.1887591982E-01
   -0.4794520548E-01   -0.6967145018E-01   -0.1316431019E-01   -0.6880517665E-01   -0.1606637956E-01
   -0.4598825832E-01   -0.7025749718E-01   -0.1066406425E-01   -0.6909550826E-01   -0.1322490170E-01
   -0.4403131115E-01   -0.7073070506E-01   -0.8148220636E-02   -0.6928734308E-01   -0.1035711685E-01
   -0.4207436399E-01   -0.7109032646E-01   -0.5621662063E-02   -0.6938022649E-01   -0.7468703335E-02
   -0.4011741683E-01   -0.7133573900E-01   -0.3089296949E-02   -0.6937376471E-01   -0.4565386962E-02
   -0.3816046967E-01   -0.7146644592E-01   -0.5560474027E-03   -0.6926763289E-01   -0.1652940264E-02
   -0.3620352250E-01   -0.7148207741E-01    0.1973162963E-02   -0.6906158486E-01    0.1262819607E-02
   -0.3424657534E-01   -0.7138239130E-01    0.4493421101E-02   -0.6875546344E-01    0.4176034276E-02
   -0.3228962818E-01   -0.7116727431E-01    0.6999836754E-02   -0.6834921092E-01    0.7080809265E-02
   -0.3033268102E-01   -0.7083674283E-01    0.9487554491E-02   -0.6784287903E-01    0.9971220417E-02
   -0.2837573386E-01   -0.7039094420E-01    0.1195176585E-01   -0.6723663810E-01    0.1284132185E-01
   -0.2641878669E-01   -0.6983015741E-01    0.1438772125E-01   -0.6653078550E-01    0.1568515491E-01
   -0.2446183953E-01   -0.6915479444E-01    0.1679074189E-01   -0.6572575309E-01    0.1849675833E-01
   -0.2250489237E-01   -0.6836540087E-01    0.1915623152E-01   -0.6482211381E-01    0.2127017900E-01
   -0.2054794521E-01   -0.6746265690E-01    0.2147968827E-01   -0.6382058748E-01    0.2399948374E-01
   -0.1859099804E-01   -0.6644737787E-01    0.2375671607E-01   -0.6272204585E-01    0.2667877131E-01
   -0.1663405088E-01   -0.6532051561E-01    0.2598303573E-01   -0.6152751702E-01    0.2930218531E-01
   -0.1467710372E-01   -0.6408315907E-01    0.2815449564E-01   -0.6023818921E-01    0.3186392717E-01
   -0.1272015656E-01   -0.6273653553E-01    0.3026708239E-01   -0.5885541394E-01    0.3435826968E-01
   -0.1076320939E-01   -0.6128201113E-01    0.3231693081E-01   -0.5738070862E-01    0.3677957060E-01
   -0.8806262231E-02   -0.5972109196E-01    0.3430033399E-01   -0.5581575867E-01    0.3912228672E-01
   -0.6849315068E-02   -0.5805542437E-01    0.3621375264E-01   -0.5416241905E-01    0.4138098774E-01
   -0.4892367906E-02   -0.5628679594E-01    0.3805382432E-01   -0.5242271534E-01    0.4355037056E-01
   -0.2935420744E-02   -0.5441713553E-01    0.3981737208E-01   -0.5059884435E-01    0.4562527333E-01
   -0.9784735812E-03   -0.5244851398E-01    0.4150141280E-01   -0.4869317422E-01    0.4760068972E-01
    0.9784735812E-03   -0.5038314396E-01    0.4310316498E-01   -0.4670824407E-01    0.4947178289E-01
    0.2935420744E-02   -0.4822338029E-01    0.4462005618E-01   -0.4464676317E-01    0.5123389963E-01
    0.4892367906E-02   -0.4597171953E-01    0.4604972982E-01   -0.4251160967E-01    0.5288258406E-01
    0.6849315068E-02   -0.4363079992E-01    0.4739005159E-01   -0.4030582887E-01    0.5441359137E-01
    0.8806262231E-02   -0.4120340057E-01    0.4863911527E-01   -0.3803263098E-01    0.5582290113E-01
    0.1076320939E-01   -0.3869244101E-01    0.4979524805E-01   -0.3569538849E-01    0.5710673042E-01
    0.1272015656E-01   -0.3610097993E-01    0.5085701516E-01   -0.3329763304E-01    0.5826154657E-01
    0.1467710372E-01   -0.3343221429E-01    0.5182322415E-01   -0.3084305181E-01    0.5928407956E-01
    0.1663405088E-01   -0.3068947753E-01    0.5269292830E-01   -0.2833548351E-01    0.6017133390E-01
    0.1859099804E-01   -0.2787623815E-01    0.5346542967E-01   -0.2577891387E-01    0.6092060016E-01
    0.2054794521E-01   -0.2499609743E-01    0.5414028134E-01   -0.2317747065E-01    0.6152946589E-01
    0.2250489237E-01   -0.2205278743E-01    0.5471728916E-01   -0.2053541829E-01    0.6199582602E-01
    0.2446183953E-01   -0.1905016805E-01    0.5519651272E-01   -0.1785715199E-01    0.6231789263E-01
    0.2641878669E-01   -0.1599222451E-01    0.5557826586E-01   -0.1514719145E-01    0.6249420417E-01
    0.2837573386E-01   -0.1288306393E-01    0.5586311653E-01   -0.1241017421E-01    0.6252363420E-01
    0.3033268102E-01   -0.9726912522E-02    0.5605188631E-01   -0.9650848518E-02    0.6240539992E-01
    0.3228962818E-01   -0.6528111321E-02    0.5614564876E-01   -0.6874065653E-02    0.6213906918E-01
    0.3424657534E-01   -0.3291112158E-02    0.5614572711E-01   -0.4084771717E-02    0.6172456672E-01
    0.3620352250E-01   -0.2047262554E-04    0.5605369123E-01   -0.1287999035E-02    0.6116217934E-01
    0.3816046967E-01    0.3279148680E-02    0.5587135393E-01    0.1511142823E-02    0.6045256039E-01
    0.4011741683E-01    0.6602997934E-02    0.5560076656E-01    0.4307476426E-02    0.5959673315E-01
    0.4207436399E-01    0.9946231583E-02    0.5524421404E-01    0.7095766214E-02    0.5859609348E-01
    0.4403131115E-01    0.1330392286E-01    0.5480420910E-01    0.9870728595E-02    0.5745241120E-01
    0.4598825832E-01    0.1667106804E-01    0.5428348601E-01    0.1262704236E-01    0.5616783077E-01
    0.4794520548E-01    0.2004259366E-01    0.5368499351E-01    0.1535935943E-01    0.5474487070E-01
    0.4990215264E-01    0.2341336356E-01    0.5301188730E-01    0.1806231589E-01    0.5318642211E-01
    0.5185909980E-01    0.2677818680E-01    0.5226752172E-01    0.2073054326E-01    0.5149574606E-01
    0.5381604697E-01    0.3013182540E-01    0.5145544103E-01    0.2335868010E-01    0.4967646992E-01
    0.5577299413E-01    0.3346900299E-01    0.5057936992E-01    0.2594138375E-01    0.4773258260E-01
    0.5772994129E-01    0.3678441319E-01    0.4964320364E-01    0.2847334233E-01    0.4566842873E-01
    0.5968688845E-01    0.4007272897E-01    0.4865099742E-01    0.3094928687E-01    0.4348870163E-01
    0.6164383562E-01    0.4332861160E-01    0.4760695554E-01    0.3336400364E-01    0.4119843539E-01
    0.6360078278E-01    0.4654672067E-01    0.4651541972E-01    0.3571234655E-01    0.3880299556E-01
    0.6555772994E-01    0.4972172361E-01    0.4538085727E-01    0.3798924967E-01    0.3630806909E-01
    0.6751467710E-01    0.5284830621E-01    0.4420784858E-01    0.4018973977E-01    0.3371965282E-01
    0.6947162427E-01    0.5592118270E-01    0.4300107439E-01    0.4230894895E-01    0.3104404127E-01
    0.7142857143E-01    0.5893510668E-01    0.4176530247E-01    0.4434212720E-01    0.2828781302E-01
    0.7338551859E-01    0.6188488168E-01    0.4050537424E-01    0.4628465498E-01    0.2545781641E-01
    0.7534246575E-01    0.6476537242E-01    0.3922619076E-01    0.4813205564E-01    0.2256115386E-01
    0.7729941292E-01    0.6757151585E-01    0.3793269878E-01    0.4988000804E-01    0.1960516567E-01
    0.7925636008E-01    0.7029833398E-01    0.3662987668E-01    0.5152436007E-01    0.1659741291E-01
    0.8121330724E-01    0.7294094585E-01    0.3532272002E-01    0.5306114171E-01    0.1354565925E-01
    0.8317025440E-01    0.7549457974E-01    0.3401622659E-01    0.5448657713E-01    0.1045785118E-01
    0.8512720157E-01    0.7795458463E-01    0.3271538136E-01    0.5579709645E-01    0.7342097685E-02
    0.8708414873E-01    0.8031644222E-01    0.3142514129E-01    0.5698934718E-01    0.4206648813E-02
    0.8904109589E-01    0.8257577838E-01    0.3015042019E-01    0.5806020528E-01    0.1059873762E-02
    0.9099804305E-01    0.8472837502E-01    0.2889607351E-01    0.5900678582E-01   -0.2089761922E-02
    0.9295499022E-01    0.8677018131E-01    0.2766688331E-01    0.5982645323E-01   -0.5233719559E-02
    0.9491193738E-01    0.8869732527E-01    0.2646754318E-01    0.6051683108E-01   -0.8363411318E-02
    0.9686888454E-01    0.9050612456E-01    0.2530264351E-01    0.6107581128E-01   -0.1147022446E-01
    0.9882583170E-01    0.9219309774E-01    0.2417665674E-01    0.6150156280E-01   -0.1454554621E-01
    0.1007827789        0.9375497442E-01    0.2309392309E-01    0.6179253984E-01   -0.1758078878E-01
    0.1027397260        0.9518870597E-01    0.2205863635E-01    0.6194748925E-01   -0.2056741481E-01
    0.1046966732        0.9649147504E-01    0.2107483024E-01    0.6196545749E-01   -0.2349696288E-01
    0.1066536204        0.9766070544E-01    0.2014636492E-01    0.6184579676E-01   -0.2636107321E-01
    0.1086105675        0.9869407090E-01    0.1927691421E-01    0.6158817049E-01   -0.2915151331E-01
    0.1105675147        0.9958950404E-01    0.1846995293E-01    0.6119255812E-01   -0.3186020368E-01
    0.1125244618        0.1003452041        0.1772874516E-01    0.6065925906E-01   -0.3447924319E-01
    0.1144814090        0.1009596450        0.1705633267E-01    0.5998889591E-01   -0.3700093447E-01
    0.1164383562        0.1014315819        0.1645552427E-01    0.5918241687E-01   -0.3941780873E-01
    0.1183953033        0.1017600579        0.1592888555E-01    0.5824109730E-01   -0.4172265042E-01
    0.1203522505        0.1019444095        0.1547872953E-01    0.5716654046E-01   -0.4390852116E-01
    0.1223091977        0.1019842724        0.1510710775E-01    0.5596067739E-01   -0.4596878335E-01
    0.1242661448        0.1018795848        0.1481580244E-01    0.5462576588E-01   -0.4789712290E-01
    0.1262230920        0.1016305923        0.1460631910E-01    0.5316438865E-01   -0.4968757140E-01
    0.1281800391        0.1012378512        0.1447988028E-01    0.5157945133E-01   -0.5133452808E-01
    0.1301369863        0.1007022347        0.1443742000E-01    0.4987418065E-01   -0.5283278227E-01
    0.1320939335        0.1000249342        0.1447957917E-01    0.4805212002E-01   -0.5417753327E-01
    0.1340508806        0.9920746049E-01    0.1460670169E-01    0.4611712362E-01   -0.5536440901E-01
    0.1360078278        0.9825164248E-01    0.1481883173E-01    0.4407334961E-01   -0.5638948317E-01
    0.1379647750        0.9715962639E-01    0.1511571173E-01    0.4192525233E-01   -0.5724929134E-01
    0.1399217221        0.9593387303E-01    0.1549678163E-01    0.3967757362E-01   -0.5794084548E-01
    0.1418786693        0.9457715493E-01    0.1596117884E-01    0.3733533321E-01   -0.5846164730E-01
    0.1438356164        0.9309255183E-01    0.1650773944E-01    0.3490381819E-01   -0.5880969982E-01
    0.1457925636        0.9148344599E-01    0.1713500014E-01    0.3238857161E-01   -0.5898351771E-01
    0.1477495108        0.8975351579E-01    0.1784120152E-01    0.2979538024E-01   -0.5898213572E-01
    0.1497064579        0.8790672928E-01    0.1862429195E-01    0.2713026150E-01   -0.5880511575E-01
    0.1516634051        0.8594733590E-01    0.1948193284E-01    0.2439944956E-01   -0.5845255197E-01
    0.1536203523        0.8387985824E-01    0.2041150454E-01    0.2160938073E-01   -0.5792507449E-01
    0.1555772994        0.8170908201E-01    0.2141011354E-01    0.1876667808E-01   -0.5722385096E-01
    0.1575342466        0.7944004604E-01    0.2247460027E-01    0.1587813539E-01   -0.5635058675E-01
    0.1594911937        0.7707803060E-01    0.2360154821E-01    0.1295070046E-01   -0.5530752298E-01
    0.1614481409        0.7462854568E-01    0.2478729354E-01    0.9991457764E-02   -0.5409743306E-01
    0.1634050881        0.7209731775E-01    0.2602793600E-01    0.7007610648E-02   -0.5272361715E-01
    0.1653620352        0.6949027655E-01    0.2731935030E-01    0.4006462926E-02   -0.5118989509E-01
    0.1673189824        0.6681354032E-01    0.2865719866E-01    0.9954000626E-03   -0.4950059718E-01
    0.1692759295        0.6407340119E-01    0.3003694378E-01   -0.2018130039E-02   -0.4766055361E-01
    0.1712328767        0.6127630913E-01    0.3145386292E-01   -0.5026636622E-02   -0.4567508168E-01
    0.1731898239        0.5842885609E-01    0.3290306232E-01   -0.8022605922E-02   -0.4354997170E-01
    0.1751467710        0.5553775876E-01    0.3437949256E-01   -0.1099852127E-01   -0.4129147084E-01
    0.1771037182        0.5260984199E-01    0.3587796452E-01   -0.1394688341E-01   -0.3890626586E-01
    0.1790606654        0.4965202285E-01    0.3739316734E-01   -0.1686023166E-01   -0.3640146567E-01
    0.1810176125        0.4667129420E-01    0.3891968682E-01   -0.1973116546E-01   -0.3378458165E-01
    0.1829745597        0.4367470512E-01    0.4045202342E-01   -0.2255236563E-01   -0.3106350472E-01
    0.1849315068        0.4066934163E-01    0.4198461036E-01   -0.2531661555E-01   -0.2824648083E-01
    0.1868884540        0.3766230635E-01    0.4351183227E-01   -0.2801682207E-01   -0.2534208490E-01
    0.1888454012        0.3466069889E-01    0.4502804388E-01   -0.3064603619E-01   -0.2235919368E-01
    0.1908023483        0.3167159525E-01    0.4652758904E-01   -0.3319747345E-01   -0.1930695718E-01
    0.1927592955        0.2870202805E-01    0.4800481976E-01   -0.3566453383E-01   -0.1619476922E-01
    0.1947162427        0.2575896596E-01    0.4945411542E-01   -0.3804082124E-01   -0.1303223668E-01
    0.1966731898        0.2284929413E-01    0.5086990177E-01   -0.4032016246E-01   -0.9829148262E-02
    0.1986301370        0.1997979391E-01    0.5224667002E-01   -0.4249662546E-01   -0.6595442055E-02
    0.2005870841        0.1715712370E-01    0.5357899558E-01   -0.4456453701E-01   -0.3341172854E-02
    0.2025440313        0.1438779927E-01    0.5486155680E-01   -0.4651849967E-01   -0.7647860223E-04
    0.2045009785        0.1167817539E-01    0.5608915306E-01   -0.4835340780E-01    0.3188453249E-02
    0.2064579256        0.9034426906E-02    0.5725672286E-01   -0.5006446290E-01    0.6443419950E-02
    0.2084148728        0.6462531433E-02    0.5835936115E-01   -0.5164718791E-01    0.9678237500E-02
    0.2103718200        0.3968251552E-02    0.5939233633E-01   -0.5309744063E-01    0.1288277501E-01
    0.2123287671        0.1557118722E-02    0.6035110660E-01   -0.5441142607E-01    0.1604698863E-01
    0.2142857143       -0.7655831272E-03    0.6123133574E-01   -0.5558570781E-01    0.1916095555E-01
    0.2162426614       -0.2994832203E-02    0.6202890802E-01   -0.5661721818E-01    0.2221490726E-01
    0.2181996086       -0.5125883664E-02    0.6273994265E-01   -0.5750326744E-01    0.2519926269E-01
    0.2201565558       -0.7154282514E-02    0.6336080710E-01   -0.5824155164E-01    0.2810466032E-01
    0.2221135029       -0.9075876621E-02    0.6388812985E-01   -0.5883015944E-01    0.3092198985E-01
    0.2240704501       -0.1088682771E-01    0.6431881195E-01   -0.5926757761E-01    0.3364242276E-01
    0.2260273973       -0.1258362243E-01    0.6465003802E-01   -0.5955269539E-01    0.3625744205E-01
    0.2279843444       -0.1416308165E-01    0.6487928729E-01   -0.5968480903E-01    0.3875887163E-01
    0.2299412916       -0.1562237072E-01    0.6500434713E-01   -0.5966362815E-01    0.4113890687E-01
    0.2318982387       -0.1695900698E-01    0.6502332200E-01   -0.5948927762E-01    0.4339014205E-01
    0.2338551859       -0.1817086685E-01    0.6493464013E-01   -0.5916229663E-01    0.4550559582E-01
    0.2358121331       -0.1925619051E-01    0.6473705885E-01   -0.5868363646E-01    0.4747873475E-01
    0.2377690802       -0.2021358649E-01    0.6442966885E-01   -0.5805465681E-01    0.4930349536E-01
    0.2397260274       -0.2104203376E-01    0.6401189705E-01   -0.5727712078E-01    0.5097430409E-01
    0.2416829746       -0.2174088378E-01    0.6348350841E-01   -0.5635318851E-01    0.5248609565E-01
    0.2436399217       -0.2230985998E-01    0.6284460628E-01   -0.5528540948E-01    0.5383432905E-01
    0.2455968689       -0.2274905723E-01    0.6209563177E-01   -0.5407671359E-01    0.5501500197E-01
    0.2475538160       -0.2305893871E-01    0.6123736163E-01   -0.5273040090E-01    0.5602466263E-01
    0.2495107632       -0.2324033289E-01    0.6027090516E-01   -0.5125013031E-01    0.5686041997E-01
    0.2514677104       -0.2329442788E-01    0.5919769965E-01   -0.4963990693E-01    0.5751995119E-01
    0.2534246575       -0.2322276592E-01    0.5801950495E-01   -0.4790406847E-01    0.5800150759E-01
    0.2553816047       -0.2302723533E-01    0.5673839659E-01   -0.4604727054E-01    0.5830391773E-01
    0.2573385519       -0.2271006271E-01    0.5535675805E-01   -0.4407447098E-01    0.5842658886E-01
    0.2592954990       -0.2227380258E-01    0.5387727171E-01   -0.4199091328E-01    0.5836950573E-01
    0.2612524462       -0.2172132740E-01    0.5230290902E-01   -0.3980210914E-01    0.5813322757E-01
    0.2632093933       -0.2105581518E-01    0.5063691941E-01   -0.3751382026E-01    0.5771888263E-01
    0.2651663405       -0.2028073748E-01    0.4888281857E-01   -0.3513203945E-01    0.5712816090E-01
    0.2671232877       -0.1939984516E-01    0.4704437549E-01   -0.3266297107E-01    0.5636330446E-01
    0.2690802348       -0.1841715463E-01    0.4512559904E-01   -0.3011301096E-01    0.5542709616E-01
    0.2710371820       -0.1733693199E-01    0.4313072349E-01   -0.2748872590E-01    0.5432284596E-01
    0.2729941292       -0.1616367778E-01    0.4106419358E-01   -0.2479683266E-01    0.5305437585E-01
    0.2749510763       -0.1490210974E-01    0.3893064865E-01   -0.2204417678E-01    0.5162600245E-01
    0.2769080235       -0.1355714647E-01    0.3673490688E-01   -0.1923771125E-01    0.5004251887E-01
    0.2788649706       -0.1213389001E-01    0.3448195126E-01   -0.1638447630E-01    0.4830917783E-01
    0.2808219178       -0.1063760910E-01    0.3217691498E-01   -0.1349157840E-01    0.4643167344E-01
    0.2827788650       -0.9073719361E-02    0.2982506285E-01   -0.1056616730E-01    0.4441611708E-01
    0.2847358121       -0.7447764380E-02    0.2743177228E-01   -0.7615412972E-02    0.4226901179E-01
    0.2866927593       -0.5765395101E-02    0.2500251380E-01   -0.4646482613E-02    0.3999722476E-01
    0.2886497065       -0.4032350549E-02    0.2254283162E-01   -0.1666518059E-02    0.3760795932E-01
    0.2906066536       -0.2254436868E-02    0.2005832388E-01    0.1317386572E-02    0.3510872520E-01
    0.2925636008       -0.4375079978E-03    0.1755462325E-01    0.4298206710E-02    0.3250730852E-01
    0.2945205479        0.1412555240E-02    0.1503737722E-01    0.7269008692E-02    0.2981174047E-01
    0.2964774951        0.3289864181E-02    0.1251222902E-01    0.1022297046E-01    0.2703026590E-01
    0.2984344423        0.5188542840E-02    0.9984798345E-02    0.1315340161E-01    0.2417131095E-01
    0.3003913894        0.7102746330E-02    0.7460662899E-02    0.1605376265E-01    0.2124345089E-01
    0.3023483366        0.9026680665E-02    0.4945339881E-02    0.1891768346E-01    0.1825537735E-01
    0.3043052838        0.1095462025E-01    0.2444268442E-02    0.2173898077E-01    0.1521586598E-01
    0.3062622309        0.1288092665E-01   -0.3720776335E-04    0.2451167482E-01    0.1213374379E-01
    0.3082191781        0.1480006489E-01   -0.2493856927E-02    0.2723000486E-01    0.9017857311E-02
    0.3101761252        0.1670662089E-01   -0.4920575214E-02    0.2988844370E-01    0.5877040634E-02
    0.3121330724        0.1859531631E-01   -0.7312401660E-02    0.3248171109E-01    0.2720084586E-02
    0.3140900196        0.2046102448E-01   -0.9664532757E-02    0.3500478599E-01   -0.4442939822E-03
    0.3160469667        0.2229878350E-01   -0.1197233568E-01    0.3745291770E-01   -0.3607481478E-02
    0.3180039139        0.2410381046E-01   -0.1423136115E-01    0.3982163568E-01   -0.6760996522E-02
    0.3199608611        0.2587151268E-01   -0.1643735481E-01    0.4210675833E-01   -0.9896517220E-02
    0.3219178082        0.2759750001E-01   -0.1858626816E-01    0.4430440036E-01   -0.1300590791E-01
    0.3238747554        0.2927759409E-01   -0.2067426805E-01    0.4641097908E-01   -0.1608124401E-01
    0.3258317025        0.3090783865E-01   -0.2269774557E-01    0.4842321935E-01   -0.1911483618E-01
    0.3277886497        0.3248450777E-01   -0.2465332431E-01    0.5033815918E-01   -0.2209925314E-01
    0.3297455969        0.3400411890E-01   -0.2653787098E-01    0.5215315976E-01   -0.2502734646E-01
    0.3317025440        0.3546344027E-01   -0.2834850292E-01    0.5386591029E-01   -0.2789227233E-01
    0.3336594912        0.3685949806E-01   -0.3008259412E-01    0.5547442942E-01   -0.3068751162E-01
    0.3356164384        0.3818957998E-01   -0.3173777943E-01    0.5697706507E-01   -0.3340688746E-01
    0.3375733855        0.3945124005E-01   -0.3331195814E-01    0.5837249305E-01   -0.3604458159E-01
    0.3395303327        0.4064229983E-01   -0.3480329583E-01    0.5965971438E-01   -0.3859514823E-01
    0.3414872798        0.4176085093E-01   -0.3621022567E-01    0.6083805137E-01   -0.4105352671E-01
    0.3434442270        0.4280525384E-01   -0.3753144801E-01    0.6190714252E-01   -0.4341505143E-01
    0.3454011742        0.4377413830E-01   -0.3876592939E-01    0.6286693628E-01   -0.4567546066E-01
    0.3473581213        0.4466639988E-01   -0.3991289994E-01    0.6371768367E-01   -0.4783090264E-01
    0.3493150685        0.4548119829E-01   -0.4097185038E-01    0.6445993003E-01   -0.4987794055E-01
    0.3512720157        0.4621795179E-01   -0.4194252729E-01    0.6509450556E-01   -0.5181355472E-01
    0.3532289628        0.4687633369E-01   -0.4282492817E-01    0.6562251525E-01   -0.5363514396E-01
    0.3551859100        0.4745626474E-01   -0.4361929493E-01    0.6604532769E-01   -0.5534052401E-01
    0.3571428571        0.4795790795E-01   -0.4432610714E-01    0.6636456338E-01   -0.5692792530E-01
    0.3590998043        0.4838165927E-01   -0.4494607386E-01    0.6658208216E-01   -0.5839598795E-01
    0.3610567515        0.4872814089E-01   -0.4548012546E-01    0.6669997018E-01   -0.5974375617E-01
    0.3630136986        0.4899819041E-01   -0.4592940391E-01    0.6672052621E-01   -0.6097067006E-01
    0.3649706458        0.4919285294E-01   -0.4629525339E-01    0.6664624761E-01   -0.6207655696E-01
    0.3669275930        0.4931336896E-01   -0.4657920945E-01    0.6647981581E-01   -0.6306162035E-01
    0.3688845401        0.4936116543E-01   -0.4678298851E-01    0.6622408160E-01   -0.6392642858E-01
    0.3708414873        0.4933784268E-01   -0.4690847614E-01    0.6588205007E-01   -0.6467190116E-01
    0.3727984344        0.4924516477E-01   -0.4695771587E-01    0.6545686552E-01   -0.6529929525E-01
    0.3747553816        0.4908504558E-01   -0.4693289670E-01    0.6495179614E-01   -0.6581018976E-01
    0.3767123288        0.4885953927E-01   -0.4683634195E-01    0.6437021953E-01   -0.6620647066E-01
    0.3786692759        0.4857083155E-01   -0.4667050185E-01    0.6371561485E-01   -0.6649032112E-01
    0.3806262231        0.4822123715E-01   -0.4643794912E-01    0.6299155790E-01   -0.6666421546E-01
    0.3825831703        0.4781318591E-01   -0.4614136676E-01    0.6220170693E-01   -0.6673090187E-01
    0.3845401174        0.4734921199E-01   -0.4578353573E-01    0.6134978710E-01   -0.6669338429E-01
    0.3864970646        0.4683193857E-01   -0.4536732149E-01    0.6043957514E-01   -0.6655490233E-01
    0.3884540117        0.4626406729E-01   -0.4489566175E-01    0.5947488439E-01   -0.6631891229E-01
    0.3904109589        0.4564836280E-01   -0.4437155316E-01    0.5845954996E-01   -0.6598906624E-01
    0.3923679061        0.4498764266E-01   -0.4379803929E-01    0.5739741453E-01   -0.6556919250E-01
    0.3943248532        0.4428476206E-01   -0.4317819764E-01    0.5629231431E-01   -0.6506327436E-01
    0.3962818004        0.4354260436E-01   -0.4251512823E-01    0.5514806572E-01   -0.6447543058E-01
    0.3982387476        0.4276406616E-01   -0.4181194113E-01    0.5396845248E-01   -0.6380989412E-01
    0.4001956947        0.4195204874E-01   -0.4107174574E-01    0.5275721337E-01   -0.6307099300E-01
    0.4021526419        0.4110944366E-01   -0.4029763914E-01    0.5151803048E-01   -0.6226312961E-01
    0.4041095890        0.4023912528E-01   -0.3949269633E-01    0.5025451833E-01   -0.6139076234E-01
    0.4060665362        0.3934393705E-01   -0.3865995938E-01    0.4897021341E-01   -0.6045838565E-01
    0.4080234834        0.3842668525E-01   -0.3780242886E-01    0.4766856471E-01   -0.5947051294E-01
    0.4099804305        0.3749012605E-01   -0.3692305399E-01    0.4635292469E-01   -0.5843165780E-01
    0.4119373777        0.3653696063E-01   -0.3602472529E-01    0.4502654127E-01   -0.5734631827E-01
    0.4138943249        0.3556982312E-01   -0.3511026585E-01    0.4369255028E-01   -0.5621895953E-01
    0.4158512720        0.3459127716E-01   -0.3418242528E-01    0.4235396900E-01   -0.5505399993E-01
    0.4178082192        0.3360380464E-01   -0.3324387219E-01    0.4101369004E-01   -0.5385579529E-01
    0.4197651663        0.3260980395E-01   -0.3229718947E-01    0.3967447642E-01   -0.5262862680E-01
    0.4217221135        0.3161157944E-01   -0.3134486799E-01    0.3833895688E-01   -0.5137668714E-01
    0.4236790607        0.3061134131E-01   -0.3038930331E-01    0.3700962252E-01   -0.5010407051E-01
    0.4256360078        0.2961119581E-01   -0.2943279049E-01    0.3568882341E-01   -0.4881476044E-01
    0.4275929550        0.2861314876E-01   -0.2847752420E-01    0.3437876898E-01   -0.4751262536E-01
    0.4295499022        0.2761910551E-01   -0.2752560375E-01    0.3308153694E-01   -0.4620142343E-01
    0.4315068493        0.2663087701E-01   -0.2657903561E-01    0.3179907590E-01   -0.4488480227E-01
    0.4334637965        0.2565016985E-01   -0.2563972912E-01    0.3053320289E-01   -0.4356628884E-01
    0.4354207436        0.2467858958E-01   -0.2470949597E-01    0.2928560186E-01   -0.4224928404E-01
    0.4373776908        0.2371763078E-01   -0.2379004677E-01    0.2805782214E-01   -0.4093705399E-01
    0.4393346380        0.2276868224E-01   -0.2288299192E-01    0.2685127813E-01   -0.3963272695E-01
    0.4412915851        0.2183301715E-01   -0.2198983923E-01    0.2566724897E-01   -0.3833928647E-01
    0.4432485323        0.2091180021E-01   -0.2111199625E-01    0.2450687937E-01   -0.3705957064E-01
    0.4452054795        0.2000607768E-01   -0.2025076882E-01    0.2337118024E-01   -0.3579626701E-01
    0.4471624266        0.1911678641E-01   -0.1940736485E-01    0.2226103055E-01   -0.3455191420E-01
    0.4491193738        0.1824474339E-01   -0.1858289369E-01    0.2117717887E-01   -0.3332889841E-01
    0.4510763209        0.1739065692E-01   -0.1777837135E-01    0.2012024605E-01   -0.3212945749E-01
    0.4530332681        0.1655511518E-01   -0.1699472059E-01    0.1909072741E-01   -0.3095567884E-01
    0.4549902153        0.1573859961E-01   -0.1623277758E-01    0.1808899621E-01   -0.2980950577E-01
    0.4569471624        0.1494147196E-01   -0.1549329252E-01    0.1711530631E-01   -0.2869273673E-01
    0.4589041096        0.1416399022E-01   -0.1477693787E-01    0.1616979618E-01   -0.2760703398E-01
    0.4608610568        0.1340629335E-01   -0.1408430927E-01    0.1525249186E-01   -0.2655392370E-01
    0.4628180039        0.1266842009E-01   -0.1341593540E-01    0.1436331134E-01   -0.2553480717E-01
    0.4647749511        0.1195029050E-01   -0.1277227908E-01    0.1350206763E-01   -0.2455096139E-01
    0.4667318982        0.1125172831E-01   -0.1215374890E-01    0.1266847340E-01   -0.2360355280E-01
    0.4686888454        0.1057243782E-01   -0.1156070020E-01    0.1186214384E-01   -0.2269363807E-01
    0.4706457926        0.9912030894E-02   -0.1099344888E-01    0.1108260139E-01   -0.2182218064E-01
    0.4726027397        0.9269997305E-02   -0.1045227187E-01    0.1032927828E-01   -0.2099005102E-01
    0.4745596869        0.8645738048E-02   -0.9937423608E-02    0.9601521158E-02   -0.2019804672E-01
    0.4765166341        0.8038526307E-02   -0.9449135516E-02    0.8898592953E-02   -0.1944689120E-01
    0.4784735812        0.7447549943E-02   -0.8987636035E-02    0.8219677452E-02   -0.1873725813E-01
    0.4804305284        0.6871858426E-02   -0.8553148271E-02    0.7563880053E-02   -0.1806976766E-01
    0.4823874755        0.6310419792E-02   -0.8145915085E-02    0.6930232303E-02   -0.1744501675E-01
    0.4843444227        0.5762045352E-02   -0.7766193314E-02    0.6317691103E-02   -0.1686357047E-01
    0.4863013699        0.5225471380E-02   -0.7414286774E-02    0.5725143349E-02   -0.1632600155E-01
    0.4882583170        0.4699245540E-02   -0.7090533748E-02    0.5151402826E-02   -0.1583287240E-01
    0.4902152642        0.4181855979E-02   -0.6795353728E-02    0.4595215573E-02   -0.1538479079E-01
    0.4921722114        0.3671542107E-02   -0.6529220201E-02    0.4055252922E-02   -0.1498237201E-01
    0.4941291585        0.3166532043E-02   -0.6292735771E-02    0.3530119511E-02   -0.1462632881E-01
    0.4960861057        0.2664663454E-02   -0.6086565397E-02    0.3018338282E-02   -0.1431738149E-01
    0.4980430528        0.2163967262E-02   -0.5911593251E-02    0.2518368950E-02   -0.1405644979E-01
    0.5000000000        0.1661457694E-02   -0.5768681472E-02    0.2028563815E-02   -0.1384433586E-01
