   -0.5000000000         55.75151349         107.0021291    
   -0.4980430528         54.10228073         105.2170851    
   -0.4960861057         52.47333804         103.4517269    
   -0.4941291585         50.86468541         101.7060542    
   -0.4921722114         49.27632288         99.98006727    
   -0.4902152642         47.70825046         98.27376593    
   -0.4882583170         46.16046817         96.58715019    
   -0.4863013699         44.63297603         94.92022004    
   -0.4843444227         43.12577404         93.27297547    
   -0.4823874755         41.63886223         91.64541646    
   -0.4804305284         40.17224061         90.03754299    
   -0.4784735812         38.72590920         88.44935504    
   -0.4765166341         37.29986800         86.88085262    
   -0.4745596869         35.89411704         85.33203569    
   -0.4726027397         34.50865632         83.80290426    
   -0.4706457926         33.14348586         82.29345831    
   -0.4686888454         31.79860566         80.80369782    
   -0.4667318982         30.47401575         79.33362278    
   -0.4647749511         29.16971612         77.88323320    
   -0.4628180039         27.88570679         76.45252905    
   -0.4608610568         26.62198777         75.04151032    
   -0.4589041096         25.37855907         73.65017702    
   -0.4569471624         24.15542068         72.27852912    
   -0.4549902153         22.95257263         70.92656664    
   -0.4530332681         21.77001491         69.59428955    
   -0.4510763209         20.60774754         68.28169785    
   -0.4491193738         19.46577051         66.98879154    
   -0.4471624266         18.34408383         65.71557061    
   -0.4452054795         17.24268751         64.46203507    
   -0.4432485323         16.16158155         63.22818490    
   -0.4412915851         15.10076594         62.01402011    
   -0.4393346380         14.06024069         60.81954069    
   -0.4373776908         13.04000581         59.64474665    
   -0.4354207436         12.04006128         58.48963798    
   -0.4334637965         11.06040712         57.35421468    
   -0.4315068493         10.10104331         56.23847676    
   -0.4295499022         9.161969854         55.14242422    
   -0.4275929550         8.243186752         54.06605707    
   -0.4256360078         7.344693997         53.00937530    
   -0.4236790607         6.464942521         51.97078732    
   -0.4217221135         5.599040769         50.94526720    
   -0.4197651663         4.746629629         49.93244597    
   -0.4178082192         3.907709104         48.93232364    
   -0.4158512720         3.082279194         47.94490020    
   -0.4138943249         2.270339900         46.97017566    
   -0.4119373777         1.471891223         46.00815000    
   -0.4099804305        0.6869331643         45.05882323    
   -0.4080234834       -0.8453427542E-01     44.12219535    
   -0.4060665362       -0.8425110953         43.19826635    
   -0.4041095890        -1.586997294         42.28703625    
   -0.4021526419        -2.317992872         41.38850503    
   -0.4001956947        -3.035497827         40.50267269    
   -0.3982387476        -3.739512160         39.62953924    
   -0.3962818004        -4.430035868         38.76910467    
   -0.3943248532        -5.107068952         37.92136898    
   -0.3923679061        -5.770611410         37.08633217    
   -0.3904109589        -6.420663243         36.26399425    
   -0.3884540117        -7.057224449         35.45435521    
   -0.3864970646        -7.680295027         34.65741504    
   -0.3845401174        -8.289874978         33.87317376    
   -0.3825831703        -8.885964300         33.10163135    
   -0.3806262231        -9.468562994         32.34278783    
   -0.3786692759        -10.03767106         31.59664318    
   -0.3767123288        -10.59328849         30.86319740    
   -0.3747553816        -11.13544544         30.14241947    
   -0.3727984344        -11.66649339         29.43188870    
   -0.3708414873        -12.18790956         28.73008441    
   -0.3688845401        -12.69969393         28.03700658    
   -0.3669275930        -13.20184652         27.35265523    
   -0.3649706458        -13.69436732         26.67703035    
   -0.3630136986        -14.17725633         26.01013194    
   -0.3610567515        -14.65051356         25.35196001    
   -0.3590998043        -15.11413900         24.70251455    
   -0.3571428571        -15.56813266         24.06179557    
   -0.3551859100        -16.01249454         23.42980306    
   -0.3532289628        -16.44722464         22.80653704    
   -0.3512720157        -16.87232297         22.19199751    
   -0.3493150685        -17.28778952         21.58618447    
   -0.3473581213        -17.69362431         20.98909792    
   -0.3454011742        -18.08982734         20.40073787    
   -0.3434442270        -18.47639862         19.82110433    
   -0.3414872798        -18.85333815         19.25019730    
   -0.3395303327        -19.22064594         18.68801679    
   -0.3375733855        -19.57832200         18.13456281    
   -0.3356164384        -19.92636633         17.58983536    
   -0.3336594912        -20.26477894         17.05383446    
   -0.3317025440        -20.59355985         16.52656011    
   -0.3297455969        -20.91270906         16.00801232    
   -0.3277886497        -21.22222659         15.49819111    
   -0.3258317025        -21.52211244         14.99709649    
   -0.3238747554        -21.81285520         14.50427263    
   -0.3219178082        -22.09665481         14.01766697    
   -0.3199608611        -22.37377815         13.53703045    
   -0.3180039139        -22.64422519         13.06236303    
   -0.3160469667        -22.90799590         12.59366471    
   -0.3140900196        -23.16509028         12.13093546    
   -0.3121330724        -23.41550830         11.67417526    
   -0.3101761252        -23.65924997         11.22338412    
   -0.3082191781        -23.89631527         10.77856203    
   -0.3062622309        -24.12670422         10.33970899    
   -0.3043052838        -24.35041683         9.906825012    
   -0.3023483366        -24.56745310         9.479910117    
   -0.3003913894        -24.77781307         9.058964323    
   -0.2984344423        -24.98149675         8.643987659    
   -0.2964774951        -25.17850419         8.234980158    
   -0.2945205479        -25.36883542         7.831941863    
   -0.2925636008        -25.55249050         7.434872822    
   -0.2906066536        -25.72946947         7.043773091    
   -0.2886497065        -25.89977241         6.658642731    
   -0.2866927593        -26.06339938         6.279481814    
   -0.2847358121        -26.22035046         5.906290419    
   -0.2827788650        -26.37062574         5.539068632    
   -0.2808219178        -26.51422531         5.177816549    
   -0.2788649706        -26.65114928         4.822534274    
   -0.2769080235        -26.78139777         4.473221921    
   -0.2749510763        -26.90497156         4.129878828    
   -0.2729941292        -27.02300686         3.791190275    
   -0.2710371820        -27.13653346         3.455964439    
   -0.2690802348        -27.24555131         3.124201278    
   -0.2671232877        -27.35006037         2.795900746    
   -0.2651663405        -27.45006058         2.471062801    
   -0.2632093933        -27.54555192         2.149687398    
   -0.2612524462        -27.63653433         1.831774496    
   -0.2592954990        -27.72300778         1.517324053    
   -0.2573385519        -27.80497222         1.206336027    
   -0.2553816047        -27.88242761        0.8988103770    
   -0.2534246575        -27.95537391        0.5947470629    
   -0.2514677104        -28.02381109        0.2941460450    
   -0.2495107632        -28.08773910       -0.2992716010E-02
   -0.2475538160        -28.14715790       -0.2966692587    
   -0.2455968689        -28.20206746       -0.5868836211    
   -0.2436399217        -28.25246774       -0.8736358406    
   -0.2416829746        -28.29835870        -1.156925954    
   -0.2397260274        -28.33974031        -1.436753998    
   -0.2377690802        -28.37661253        -1.713120007    
   -0.2358121331        -28.40897532        -1.986024016    
   -0.2338551859        -28.43682866        -2.255466060    
   -0.2318982387        -28.46017250        -2.521446173    
   -0.2299412916        -28.47900681        -2.783964386    
   -0.2279843444        -28.49333157        -3.043020732    
   -0.2260273973        -28.50314675        -3.298615243    
   -0.2240704501        -28.50863248        -3.550887213    
   -0.2221135029        -28.51098571        -3.800761703    
   -0.2201565558        -28.51042666        -4.048408713    
   -0.2181996086        -28.50695549        -4.293828087    
   -0.2162426614        -28.50057239        -4.537019646    
   -0.2142857143        -28.49127755        -4.777983189    
   -0.2123287671        -28.47907120        -5.016718484    
   -0.2103718200        -28.46395361        -5.253225274    
   -0.2084148728        -28.44592505        -5.487503274    
   -0.2064579256        -28.42498585        -5.719552167    
   -0.2045009785        -28.40113635        -5.949371603    
   -0.2025440313        -28.37437694        -6.176961198    
   -0.2005870841        -28.34470804        -6.402320530    
   -0.1986301370        -28.31213011        -6.625449140    
   -0.1966731898        -28.27664364        -6.846346527    
   -0.1947162427        -28.23824920        -7.065012144    
   -0.1927592955        -28.19694736        -7.281445399    
   -0.1908023483        -28.15273878        -7.495645648    
   -0.1888454012        -28.10562415        -7.707612197    
   -0.1868884540        -28.05560421        -7.917344291    
   -0.1849315068        -28.00267980        -8.124841115    
   -0.1829745597        -27.94685178        -8.330101789    
   -0.1810176125        -27.88812111        -8.533125362    
   -0.1790606654        -27.82648881        -8.733910808    
   -0.1771037182        -27.76195599        -8.932457022    
   -0.1751467710        -27.69452385        -9.128762808    
   -0.1731898239        -27.62472672        -9.323285876    
   -0.1712328767        -27.55327549        -9.516635674    
   -0.1692759295        -27.48017524        -9.708813641    
   -0.1673189824        -27.40542766        -9.899818073    
   -0.1653620352        -27.32903461        -10.08964713    
   -0.1634050881        -27.25099806        -10.27829883    
   -0.1614481409        -27.17132016        -10.46577102    
   -0.1594911937        -27.09000323        -10.65206139    
   -0.1575342466        -27.00704978        -10.83716742    
   -0.1555772994        -26.92246252        -11.02108642    
   -0.1536203523        -26.83624437        -11.20381543    
   -0.1516634051        -26.74839853        -11.38535130    
   -0.1497064579        -26.65892842        -11.56569057    
   -0.1477495108        -26.56783779        -11.74482951    
   -0.1457925636        -26.47513068        -11.92276407    
   -0.1438356164        -26.38081150        -12.09948986    
   -0.1418786693        -26.28488503        -12.27500207    
   -0.1399217221        -26.18735649        -12.44929550    
   -0.1379647750        -26.08823155        -12.62236448    
   -0.1360078278        -25.98751641        -12.79420279    
   -0.1340508806        -25.88521786        -12.96480368    
   -0.1320939335        -25.78134329        -13.13415971    
   -0.1301369863        -25.67590085        -13.30226278    
   -0.1281800391        -25.56889943        -13.46910395    
   -0.1262230920        -25.46034886        -13.63467343    
   -0.1242661448        -25.35031613        -13.79900057    
   -0.1223091977        -25.23940053        -13.96249246    
   -0.1203522505        -25.12777266        -14.12524614    
   -0.1183953033        -25.01544874        -14.28724541    
   -0.1164383562        -24.90244674        -14.44847228    
   -0.1144814090        -24.78878670        -14.60890673    
   -0.1125244618        -24.67449097        -14.76852639    
   -0.1105675147        -24.55958455        -14.92730629    
   -0.1086105675        -24.44409545        -15.08521838    
   -0.1066536204        -24.32805517        -15.24223119    
   -0.1046966732        -24.21149921        -15.39830921    
   -0.1027397260        -24.09446770        -15.55341231    
   -0.1007827789        -23.97700613        -15.70749500    
   -0.9882583170E-01    -23.85916623        -15.86050555    
   -0.9686888454E-01    -23.74100704        -16.01238492    
   -0.9491193738E-01    -23.62259618        -16.16306549    
   -0.9295499022E-01    -23.50401133        -16.31246958    
   -0.9099804305E-01    -23.38534214        -16.46050755    
   -0.8904109589E-01    -23.26669241        -16.60707557    
   -0.8708414873E-01    -23.14818287        -16.75205295    
   -0.8512720157E-01    -23.02995446        -16.89529873    
   -0.8317025440E-01    -22.91217246        -17.03664762    
   -0.8121330724E-01    -22.79503149        -17.17590501    
   -0.7925636008E-01    -22.67876164        -17.31284082    
   -0.7729941292E-01    -22.56363604        -17.44718191    
   -0.7534246575E-01    -22.44998005        -17.57860291    
   -0.7338551859E-01    -22.33838313        -17.70683060    
   -0.7142857143E-01    -22.22968766        -17.83162136    
   -0.6947162427E-01    -22.12445339        -17.95242965    
   -0.6751467710E-01    -22.02333810        -18.06859771    
   -0.6555772994E-01    -21.92712448        -18.17934283    
   -0.6360078278E-01    -21.83673709        -18.28374048    
   -0.6164383562E-01    -21.75325458        -18.38071198    
   -0.5968688845E-01    -21.67791149        -18.46902281    
   -0.5772994129E-01    -21.61208073        -18.54730006    
   -0.5577299413E-01    -21.55722668        -18.61407933    
   -0.5381604697E-01    -21.51481980        -18.66789018    
   -0.5185909980E-01    -21.48621119        -18.70738150    
   -0.4990215264E-01    -21.47248035        -18.73147379    
   -0.4794520548E-01    -21.47428716        -18.73950718    
   -0.4598825832E-01    -21.49177018        -18.73134309    
   -0.4403131115E-01    -21.52452556        -18.70738539    
   -0.4207436399E-01    -21.57167401        -18.66851337    
   -0.4011741683E-01    -21.63199212        -18.61595042    
   -0.3816046967E-01    -21.70406696        -18.55110949    
   -0.3620352250E-01    -21.78643617        -18.47545293    
   -0.3424657534E-01    -21.87769211        -18.39038838    
   -0.3228962818E-01    -21.97654570        -18.29720492    
   -0.3033268102E-01    -22.08185636        -18.19704314    
   -0.2837573386E-01    -22.19263814        -18.09088898    
   -0.2641878669E-01    -22.30805179        -17.97958170    
   -0.2446183953E-01    -22.42739053        -17.86383748    
   -0.2250489237E-01    -22.55007520        -17.74440978    
   -0.2054794521E-01    -22.67560928        -17.62186058    
   -0.1859099804E-01    -22.80357231        -17.49661036    
   -0.1663405088E-01    -22.93361258        -17.36901082    
   -0.1467710372E-01    -23.06543512        -17.23935693    
   -0.1272015656E-01    -23.19879173        -17.10789689    
   -0.1076320939E-01    -23.33347278        -16.97484034    
   -0.8806262231E-02    -23.46930051        -16.84036503    
   -0.6849315068E-02    -23.60612356        -16.70462231    
   -0.4892367906E-02    -23.74381253        -16.56774161    
   -0.2935420744E-02    -23.88225630        -16.42983402    
   -0.9784735812E-03    -24.02135911        -16.29099532    
    0.9784735812E-03    -24.16103805        -16.15130840    
    0.2935420744E-02    -24.30122113        -16.01084527    
    0.4892367906E-02    -24.44184556        -15.86966871    
    0.6849315068E-02    -24.58285640        -15.72783366    
    0.8806262231E-02    -24.72420542        -15.58538836    
    0.1076320939E-01    -24.86585013        -15.44237529    
    0.1272015656E-01    -25.00775299        -15.29883199    
    0.1467710372E-01    -25.14988074        -15.15479172    
    0.1663405088E-01    -25.29220383        -15.01028404    
    0.1859099804E-01    -25.43469592        -14.86533527    
    0.2054794521E-01    -25.57733351        -14.71996893    
    0.2250489237E-01    -25.72009553        -14.57420607    
    0.2446183953E-01    -25.86296310        -14.42806559    
    0.2641878669E-01    -26.00585460        -14.28156413    
    0.2837573386E-01    -26.14858256        -14.13471620    
    0.3033268102E-01    -26.29112362        -13.98753584    
    0.3228962818E-01    -26.43346506        -13.84003576    
    0.3424657534E-01    -26.57559538        -13.69222746    
    0.3620352250E-01    -26.71750416        -13.54412135    
    0.3816046967E-01    -26.85918196        -13.39572689    
    0.4011741683E-01    -27.00062019        -13.24705266    
    0.4207436399E-01    -27.14181103        -13.09810647    
    0.4403131115E-01    -27.28274739        -12.94889542    
    0.4598825832E-01    -27.42342278        -12.79942601    
    0.4794520548E-01    -27.56383128        -12.64970414    
    0.4990215264E-01    -27.70396750        -12.49973521    
    0.5185909980E-01    -27.84382649        -12.34952418    
    0.5381604697E-01    -27.98340374        -12.19907554    
    0.5577299413E-01    -28.12269512        -12.04839342    
    0.5772994129E-01    -28.26169685        -11.89748162    
    0.5968688845E-01    -28.40040548        -11.74634358    
    0.6164383562E-01    -28.53881782        -11.59498249    
    0.6360078278E-01    -28.67693099        -11.44340123    
    0.6555772994E-01    -28.81474232        -11.29160247    
    0.6751467710E-01    -28.95224938        -11.13958863    
    0.6947162427E-01    -29.08944994        -10.98736195    
    0.7142857143E-01    -29.22634198        -10.83492446    
    0.7338551859E-01    -29.36292363        -10.68227801    
    0.7534246575E-01    -29.49918405        -10.52941916    
    0.7729941292E-01    -29.63473676        -10.37613292    
    0.7925636008E-01    -29.76937710        -10.22230630    
    0.8121330724E-01    -29.90310383        -10.06794053    
    0.8317025440E-01    -30.03591584        -9.913036724    
    0.8512720157E-01    -30.16781212        -9.757595899    
    0.8708414873E-01    -30.29879174        -9.601618973    
    0.8904109589E-01    -30.42885388        -9.445106774    
    0.9099804305E-01    -30.55799780        -9.288060048    
    0.9295499022E-01    -30.68622282        -9.130479464    
    0.9491193738E-01    -30.81352834        -8.972365618    
    0.9686888454E-01    -30.93991385        -8.813719038    
    0.9882583170E-01    -31.06537887        -8.654540189    
    0.1007827789        -31.18992300        -8.494829478    
    0.1027397260        -31.31354589        -8.334587256    
    0.1046966732        -31.43624724        -8.173813822    
    0.1066536204        -31.55802679        -8.012509426    
    0.1086105675        -31.67888434        -7.850674273    
    0.1105675147        -31.79881974        -7.688308524    
    0.1125244618        -31.91783286        -7.525412301    
    0.1144814090        -32.03592361        -7.361985685    
    0.1164383562        -32.15309196        -7.198028724    
    0.1183953033        -32.26933789        -7.033541430    
    0.1203522505        -32.38466141        -6.868523783    
    0.1223091977        -32.49906258        -6.702975735    
    0.1242661448        -32.61254148        -6.536897206    
    0.1262230920        -32.72494643        -6.370173018    
    0.1281800391        -32.83570687        -6.202370391    
    0.1301369863        -32.94476823        -6.033447801    
    0.1320939335        -33.05213064        -5.863405143    
    0.1340508806        -33.15779420        -5.692242303    
    0.1360078278        -33.26175905        -5.519959155    
    0.1379647750        -33.36402530        -5.346555570    
    0.1399217221        -33.46459310        -5.172031406    
    0.1418786693        -33.56346261        -4.996386517    
    0.1438356164        -33.66063396        -4.819620747    
    0.1457925636        -33.75610734        -4.641733936    
    0.1477495108        -33.84988289        -4.462725914    
    0.1497064579        -33.94196080        -4.282596509    
    0.1516634051        -34.03234125        -4.101345538    
    0.1536203523        -34.12102442        -3.918972815    
    0.1555772994        -34.20801052        -3.735478149    
    0.1575342466        -34.29329972        -3.550861342    
    0.1594911937        -34.37689224        -3.365122191    
    0.1614481409        -34.45878829        -3.178260487    
    0.1634050881        -34.53898807        -2.990276019    
    0.1653620352        -34.61749181        -2.801168570    
    0.1673189824        -34.69429973        -2.610937916    
    0.1692759295        -34.76941204        -2.419583832    
    0.1712328767        -34.84282900        -2.227106087    
    0.1731898239        -34.91455082        -2.033504447    
    0.1751467710        -34.98457425        -1.838775639    
    0.1771037182        -35.05219202        -1.642305434    
    0.1790606654        -35.11687274        -1.443632277    
    0.1810176125        -35.17861661        -1.242755962    
    0.1829745597        -35.23742386        -1.039676274    
    0.1849315068        -35.29329468       -0.8343930014    
    0.1868884540        -35.34622931       -0.6269059266    
    0.1888454012        -35.39622795       -0.4172148312    
    0.1908023483        -35.44329083       -0.2053194944    
    0.1927592955        -35.48741817        0.8780306805E-02
    0.1947162427        -35.52861020        0.2250847976    
    0.1966731898        -35.56686715        0.4435942053    
    0.1986301370        -35.60218923        0.6643087592    
    0.2005870841        -35.63457669        0.8872286909    
    0.2025440313        -35.66402976         1.112354234    
    0.2045009785        -35.69054868         1.339685623    
    0.2064579256        -35.71413367         1.569223097    
    0.2084148728        -35.73478499         1.800966894    
    0.2103718200        -35.75250286         2.034917256    
    0.2123287671        -35.76728755         2.271074426    
    0.2142857143        -35.77913928         2.509438650    
    0.2162426614        -35.78805831         2.750010174    
    0.2181996086        -35.79404489         2.992789248    
    0.2201565558        -35.79709926         3.237776123    
    0.2221135029        -35.79722169         3.484971050    
    0.2240704501        -35.79441242         3.734374285    
    0.2260273973        -35.78845655         3.986161491    
    0.2279843444        -35.77818413         4.241286489    
    0.2299412916        -35.76341872         4.499892550    
    0.2318982387        -35.74415999         4.761979349    
    0.2338551859        -35.72040763         5.027546571    
    0.2358121331        -35.69216134         5.296593914    
    0.2377690802        -35.65942081         5.569121085    
    0.2397260274        -35.62218578         5.845127801    
    0.2416829746        -35.58045597         6.124613791    
    0.2436399217        -35.53423111         6.407578793    
    0.2455968689        -35.48351095         6.694022553    
    0.2475538160        -35.42829525         6.983944826    
    0.2495107632        -35.36858378         7.277345379    
    0.2514677104        -35.30437630         7.574223982    
    0.2534246575        -35.23567259         7.874580419    
    0.2553816047        -35.16247246         8.178414476    
    0.2573385519        -35.08477568         8.485725951    
    0.2592954990        -35.00258207         8.796514648    
    0.2612524462        -34.91589144         9.110780377    
    0.2632093933        -34.82470360         9.428522956    
    0.2651663405        -34.72901838         9.749742210    
    0.2671232877        -34.62883561         10.07443797    
    0.2690802348        -34.52415513         10.40261007    
    0.2710371820        -34.41497678         10.73425836    
    0.2729941292        -34.30130040         11.06938268    
    0.2749510763        -34.18312586         11.40798289    
    0.2769080235        -34.05941232         11.75123672    
    0.2788649706        -33.92901168         12.10044366    
    0.2808219178        -33.79192335         12.45560458    
    0.2827788650        -33.64814744         12.81671957    
    0.2847358121        -33.49768404         13.18378874    
    0.2866927593        -33.34053325         13.55681218    
    0.2886497065        -33.17669518         13.93579000    
    0.2906066536        -33.00616993         14.32072230    
    0.2925636008        -32.82895760         14.71160919    
    0.2945205479        -32.64505830         15.10845076    
    0.2964774951        -32.45447213         15.51124713    
    0.2984344423        -32.25719921         15.91999841    
    0.3003913894        -32.05323963         16.33470469    
    0.3023483366        -31.84259352         16.75536610    
    0.3043052838        -31.62526098         17.18198274    
    0.3062622309        -31.40124212         17.61455473    
    0.3082191781        -31.17053705         18.05308217    
    0.3101761252        -30.93314590         18.49756519    
    0.3121330724        -30.68906876         18.94800388    
    0.3140900196        -30.43830577         19.40439838    
    0.3160469667        -30.18085703         19.86674880    
    0.3180039139        -29.91672266         20.33505525    
    0.3199608611        -29.64590279         20.80931785    
    0.3219178082        -29.36839753         21.28953673    
    0.3238747554        -29.08420700         21.77571200    
    0.3258317025        -28.79306595         22.26809497    
    0.3277886497        -28.49278720         22.76875593    
    0.3297455969        -28.18288489         23.27815456    
    0.3317025440        -27.86335888         23.79629071    
    0.3336594912        -27.53420906         24.32316426    
    0.3356164384        -27.19543530         24.85877509    
    0.3375733855        -26.84703747         25.40312308    
    0.3395303327        -26.48901548         25.95620812    
    0.3414872798        -26.12136919         26.51803009    
    0.3434442270        -25.74409851         27.08858889    
    0.3454011742        -25.35720333         27.66788440    
    0.3473581213        -24.96068354         28.25591652    
    0.3493150685        -24.55453903         28.85268515    
    0.3512720157        -24.13876972         29.45819019    
    0.3532289628        -23.71337550         30.07243155    
    0.3551859100        -23.27835627         30.69540912    
    0.3571428571        -22.83371195         31.32712281    
    0.3590998043        -22.37944245         31.96757254    
    0.3610567515        -21.91554767         32.61675822    
    0.3630136986        -21.44202754         33.27467976    
    0.3649706458        -20.95888196         33.94133707    
    0.3669275930        -20.46611086         34.61673009    
    0.3688845401        -19.96371416         35.30085872    
    0.3708414873        -19.45169177         35.99372289    
    0.3727984344        -18.93004364         36.69532252    
    0.3747553816        -18.39876967         37.40565754    
    0.3767123288        -17.85639186         38.12624577    
    0.3786692759        -17.30055754         38.85950337    
    0.3806262231        -16.73123649         39.60546127    
    0.3825831703        -16.14842867         40.36411942    
    0.3845401174        -15.55213403         41.13547780    
    0.3864970646        -14.94235254         41.91953635    
    0.3884540117        -14.31908416         42.71629503    
    0.3904109589        -13.68232884         43.52575381    
    0.3923679061        -13.03208655         44.34791265    
    0.3943248532        -12.36835725         45.18277150    
    0.3962818004        -11.69114090         46.03033033    
    0.3982387476        -11.00043746         46.89058911    
    0.4001956947        -10.29624690         47.76354779    
    0.4021526419        -9.578569180         48.64920635    
    0.4041095890        -8.847404271         49.54756474    
    0.4060665362        -8.102752136         50.45862294    
    0.4080234834        -7.344612742         51.38238091    
    0.4099804305        -6.572986057         52.31883861    
    0.4119373777        -5.787872050         53.26799603    
    0.4138943249        -4.989270688         54.22985311    
    0.4158512720        -4.177181941         55.20440985    
    0.4178082192        -3.351605780         56.19166619    
    0.4197651663        -2.512542174         57.19162213    
    0.4217221135        -1.659991096         58.20427762    
    0.4236790607       -0.7939525176         59.22963263    
    0.4256360078        0.8593306913E-01     60.26805599    
    0.4275929550        0.9845622522         61.32457171    
    0.4295499022         1.903485666         62.40077082    
    0.4315068493         2.842703289         63.49665336    
    0.4334637965         3.802215097         64.61221934    
    0.4354207436         4.782021068         65.74746878    
    0.4373776908         5.782121179         66.90240172    
    0.4393346380         6.802515407         68.07701816    
    0.4412915851         7.843203728         69.27131815    
    0.4432485323         8.904186119         70.48530169    
    0.4452054795         9.985462556         71.71896882    
    0.4471624266         11.08703302         72.97231955    
    0.4491193738         12.20889747         74.24535391    
    0.4510763209         13.35105590         75.53807193    
    0.4530332681         14.51350829         76.85047363    
    0.4549902153         15.69625459         78.18255903    
    0.4569471624         16.89929480         79.53432816    
    0.4589041096         18.12262888         80.90578105    
    0.4608610568         19.36625681         82.29691771    
    0.4628180039         20.63017857         83.70773818    
    0.4647749511         21.91439412         85.13824248    
    0.4667318982         23.21890345         86.58843063    
    0.4686888454         24.54370653         88.05830266    
    0.4706457926         25.88880333         89.54785860    
    0.4726027397         27.25419383         91.05709848    
    0.4745596869         28.63987800         92.58602231    
    0.4765166341         30.04585581         94.13463013    
    0.4784735812         31.47212723         95.70292196    
    0.4804305284         32.91869225         97.29089783    
    0.4823874755         34.38555083         98.89855777    
    0.4843444227         35.87270294         100.5259018    
    0.4863013699         37.38014856         102.1729300    
    0.4882583170         38.90788767         103.8396423    
    0.4902152642         40.45592022         105.5260387    
    0.4921722114         42.02424620         107.2321194    
    0.4941291585         43.61286558         108.9578843    
    0.4960861057         45.22177833         110.7033335    
    0.4980430528         46.85098442         112.4684670    
    0.5000000000         48.50048381         114.2532847    
