   -0.5000000000       -0.3063486894E-03   -0.7123795067E-02    0.2363552844E-03    0.1385435276E-01
   -0.4980430528       -0.9083858789E-03   -0.7167179441E-02    0.7101418058E-03    0.1390798767E-01
   -0.4960861057       -0.1499136211E-02   -0.7252097673E-02    0.1186999674E-02    0.1401380724E-01
   -0.4941291585       -0.2082551431E-02   -0.7376721664E-02    0.1668842947E-02    0.1417036099E-01
   -0.4921722114       -0.2661271547E-02   -0.7539496321E-02    0.2157484823E-02    0.1437639457E-01
   -0.4902152642       -0.3238147207E-02   -0.7739068383E-02    0.2654644320E-02    0.1463079540E-01
   -0.4882583170       -0.3815512662E-02   -0.7974272883E-02    0.3161953237E-02    0.1493258244E-01
   -0.4863013699       -0.4395663914E-02   -0.8244100938E-02    0.3680961021E-02    0.1528088077E-01
   -0.4843444227       -0.4980565268E-02   -0.8547680615E-02    0.4213139306E-02    0.1567490582E-01
   -0.4823874755       -0.5572089066E-02   -0.8884253643E-02    0.4759885037E-02    0.1611394388E-01
   -0.4804305284       -0.6171857390E-02   -0.9253157861E-02    0.5322523128E-02    0.1659733676E-01
   -0.4784735812       -0.6781386764E-02   -0.9653808616E-02    0.5902308076E-02    0.1712446521E-01
   -0.4765166341       -0.7401988762E-02   -0.1008568345E-01    0.6500425109E-02    0.1769473477E-01
   -0.4745596869       -0.8034866509E-02   -0.1054830668E-01    0.7117990525E-02    0.1830756121E-01
   -0.4726027397       -0.8681045897E-02   -0.1104123614E-01    0.7756051619E-02    0.1896235754E-01
   -0.4706457926       -0.9341444036E-02   -0.1156405011E-01    0.8415585972E-02    0.1965852111E-01
   -0.4686888454       -0.1001681828E-01   -0.1211633584E-01    0.9097500398E-02    0.2039542178E-01
   -0.4667318982       -0.1070781688E-01   -0.1269767837E-01    0.9802629391E-02    0.2117239034E-01
   -0.4647749511       -0.1141493928E-01   -0.1330765055E-01    0.1053173331E-01    0.2198870785E-01
   -0.4628180039       -0.1213857479E-01   -0.1394580341E-01    0.1128549617E-01    0.2284359529E-01
   -0.4608610568       -0.1287897056E-01   -0.1461165752E-01    0.1206452326E-01    0.2373620404E-01
   -0.4589041096       -0.1363626189E-01   -0.1530469470E-01    0.1286933850E-01    0.2466560675E-01
   -0.4569471624       -0.1441044570E-01   -0.1602435063E-01    0.1370038163E-01    0.2563078896E-01
   -0.4549902153       -0.1520140492E-01   -0.1677000778E-01    0.1455800529E-01    0.2663064122E-01
   -0.4530332681       -0.1600888616E-01   -0.1754098913E-01    0.1544247203E-01    0.2766395196E-01
   -0.4510763209       -0.1683251980E-01   -0.1833655232E-01    0.1635395129E-01    0.2872940086E-01
   -0.4491193738       -0.1767180111E-01   -0.1915588451E-01    0.1729251633E-01    0.2982555305E-01
   -0.4471624266       -0.1852610721E-01   -0.1999809764E-01    0.1825814127E-01    0.3095085388E-01
   -0.4452054795       -0.1939468107E-01   -0.2086222441E-01    0.1925069824E-01    0.3210362447E-01
   -0.4432485323       -0.2027664636E-01   -0.2174721482E-01    0.2026995454E-01    0.3328205803E-01
   -0.4412915851       -0.2117099395E-01   -0.2265193322E-01    0.2131557014E-01    0.3448421692E-01
   -0.4393346380       -0.2207659530E-01   -0.2357515605E-01    0.2238709523E-01    0.3570803047E-01
   -0.4373776908       -0.2299219129E-01   -0.2451557016E-01    0.2348396817E-01    0.3695129372E-01
   -0.4354207436       -0.2391640469E-01   -0.2547177174E-01    0.2460551358E-01    0.3821166694E-01
   -0.4334637965       -0.2484773120E-01   -0.2644226589E-01    0.2575094087E-01    0.3948667599E-01
   -0.4315068493       -0.2578455135E-01   -0.2742546683E-01    0.2691934304E-01    0.4077371368E-01
   -0.4295499022       -0.2672512365E-01   -0.2841969880E-01    0.2810969595E-01    0.4207004183E-01
   -0.4275929550       -0.2766759639E-01   -0.2942319751E-01    0.2932085792E-01    0.4337279449E-01
   -0.4256360078       -0.2861000269E-01   -0.3043411237E-01    0.3055156985E-01    0.4467898180E-01
   -0.4236790607       -0.2955027216E-01   -0.3145050902E-01    0.3180045552E-01    0.4598549463E-01
   -0.4217221135       -0.3048622352E-01   -0.3247036820E-01    0.3306601794E-01    0.4728910354E-01
   -0.4197651663       -0.3141556647E-01   -0.3349157884E-01    0.3434662963E-01    0.4858644970E-01
   -0.4178082192       -0.3233589694E-01   -0.3451193915E-01    0.3564053059E-01    0.4987404726E-01
   -0.4158512720       -0.3324470837E-01   -0.3552916042E-01    0.3694582886E-01    0.5114828997E-01
   -0.4138943249       -0.3413939067E-01   -0.3654087139E-01    0.3826050154E-01    0.5240545839E-01
   -0.4119373777       -0.3501724198E-01   -0.3754462335E-01    0.3958239637E-01    0.5364172823E-01
   -0.4099804305       -0.3587546946E-01   -0.3853789583E-01    0.4090923391E-01    0.5485317945E-01
   -0.4080234834       -0.3671120174E-01   -0.3951810294E-01    0.4223861027E-01    0.5603580637E-01
   -0.4060665362       -0.3752149139E-01   -0.4048260034E-01    0.4356800049E-01    0.5718552860E-01
   -0.4041095890       -0.3830332814E-01   -0.4142869286E-01    0.4489476255E-01    0.5829820289E-01
   -0.4021526419       -0.3905364294E-01   -0.4235364268E-01    0.4621614194E-01    0.5936963569E-01
   -0.4001956947       -0.3976932191E-01   -0.4325467811E-01    0.4752927695E-01    0.6039559668E-01
   -0.3982387476       -0.4044721191E-01   -0.4412900293E-01    0.4883120459E-01    0.6137183290E-01
   -0.3962818004       -0.4108413521E-01   -0.4497380620E-01    0.5011886708E-01    0.6229408365E-01
   -0.3943248532       -0.4167689635E-01   -0.4578627268E-01    0.5138911903E-01    0.6315809605E-01
   -0.3923679061       -0.4222229748E-01   -0.4656359356E-01    0.5263873530E-01    0.6395964116E-01
   -0.3904109589       -0.4271714637E-01   -0.4730297772E-01    0.5386441931E-01    0.6469453067E-01
   -0.3884540117       -0.4315827223E-01   -0.4800166327E-01    0.5506281212E-01    0.6535863403E-01
   -0.3864970646       -0.4354253467E-01   -0.4865692949E-01    0.5623050199E-01    0.6594789592E-01
   -0.3845401174       -0.4386683991E-01   -0.4926610892E-01    0.5736403446E-01    0.6645835409E-01
   -0.3825831703       -0.4412815040E-01   -0.4982659980E-01    0.5845992306E-01    0.6688615739E-01
   -0.3806262231       -0.4432350116E-01   -0.5033587856E-01    0.5951466036E-01    0.6722758391E-01
   -0.3786692759       -0.4445000991E-01   -0.5079151242E-01    0.6052472960E-01    0.6747905918E-01
   -0.3767123288       -0.4450489328E-01   -0.5119117199E-01    0.6148661659E-01    0.6763717426E-01
   -0.3747553816       -0.4448547720E-01   -0.5153264400E-01    0.6239682219E-01    0.6769870387E-01
   -0.3727984344       -0.4438921174E-01   -0.5181384254E-01    0.6325187348E-01    0.6766062249E-01
   -0.3708414873       -0.4421367419E-01   -0.5203281296E-01    0.6404832637E-01    0.6752011084E-01
   -0.3688845401       -0.4395657927E-01   -0.5218773773E-01    0.6478277087E-01    0.6727456504E-01
   -0.3669275930       -0.4361578879E-01   -0.5227694757E-01    0.6545184306E-01    0.6692161247E-01
   -0.3649706458       -0.4318932658E-01   -0.5229893282E-01    0.6605223792E-01    0.6645912812E-01
   -0.3630136986       -0.4267538820E-01   -0.5225235460E-01    0.6658072241E-01    0.6588525017E-01
   -0.3610567515       -0.4207235515E-01   -0.5213605544E-01    0.6703414857E-01    0.6519839517E-01
   -0.3590998043       -0.4137880393E-01   -0.5194906963E-01    0.6740946677E-01    0.6439727233E-01
   -0.3571428571       -0.4059351920E-01   -0.5169063294E-01    0.6770373897E-01    0.6348089707E-01
   -0.3551859100       -0.3971550198E-01   -0.5136019183E-01    0.6791415188E-01    0.6244860374E-01
   -0.3532289628       -0.3874398153E-01   -0.5095741205E-01    0.6803803006E-01    0.6130005724E-01
   -0.3512720157       -0.3767842236E-01   -0.5048218650E-01    0.6807284889E-01    0.6003526366E-01
   -0.3493150685       -0.3651853463E-01   -0.4993464238E-01    0.6801624723E-01    0.5865457975E-01
   -0.3473581213       -0.3526427968E-01   -0.4931514750E-01    0.6786603987E-01    0.5715872112E-01
   -0.3454011742       -0.3391587874E-01   -0.4862431578E-01    0.6762022959E-01    0.5554876924E-01
   -0.3434442270       -0.3247381678E-01   -0.4786301178E-01    0.6727701879E-01    0.5382617694E-01
   -0.3414872798       -0.3093884922E-01   -0.4703235434E-01    0.6683482068E-01    0.5199277260E-01
   -0.3395303327       -0.2931200400E-01   -0.4613371916E-01    0.6629226988E-01    0.5005076277E-01
   -0.3375733855       -0.2759458611E-01   -0.4516874040E-01    0.6564823249E-01    0.4800273331E-01
   -0.3356164384       -0.2578817758E-01   -0.4413931115E-01    0.6490181540E-01    0.4585164891E-01
   -0.3336594912       -0.2389463976E-01   -0.4304758286E-01    0.6405237497E-01    0.4360085101E-01
   -0.3317025440       -0.2191611118E-01   -0.4189596362E-01    0.6309952489E-01    0.4125405408E-01
   -0.3297455969       -0.1985500736E-01   -0.4068711527E-01    0.6204314322E-01    0.3881534027E-01
   -0.3277886497       -0.1771401641E-01   -0.3942394947E-01    0.6088337853E-01    0.3628915233E-01
   -0.3258317025       -0.1549609646E-01   -0.3810962242E-01    0.5962065518E-01    0.3368028490E-01
   -0.3238747554       -0.1320446883E-01   -0.3674752859E-01    0.5825567745E-01    0.3099387410E-01
   -0.3219178082       -0.1084261240E-01   -0.3534129134E-01    0.5678942983E-01    0.2823538391E-01
   -0.3199608611       -0.8414253322E-02   -0.3389474966E-01    0.5522317134E-01    0.2541058899E-01
   -0.3180039139       -0.5923358624E-02   -0.3241194801E-01    0.5355843553E-01    0.2252556012E-01
   -0.3160469667       -0.3374126659E-02   -0.3089712663E-01    0.5179703191E-01    0.1958664954E-01
   -0.3140900196       -0.7709792054E-03   -0.2935471077E-01    0.4994104632E-01    0.1660047495E-01
   -0.3121330724        0.1881450117E-02   -0.2778929900E-01    0.4799284038E-01    0.1357390203E-01
   -0.3101761252        0.4578325788E-02   -0.2620565053E-01    0.4595504994E-01    0.1051402579E-01
   -0.3082191781        0.7314623880E-02   -0.2460867162E-01    0.4383058256E-01    0.7428150542E-02
   -0.3062622309        0.1008514393E-01   -0.2300340114E-01    0.4162261388E-01    0.4323768767E-02
   -0.3043052838        0.1288452421E-01   -0.2139499530E-01    0.3933458312E-01    0.1208538810E-02
   -0.3023483366        0.1570725533E-01   -0.1978871152E-01    0.3697018741E-01   -0.1909738434E-02
   -0.3003913894        0.1854769711E-01   -0.1818989177E-01    0.3453337522E-01   -0.5023143797E-02
   -0.2984344423        0.2140009378E-01   -0.1660394504E-01    0.3202833872E-01   -0.8123664980E-02
   -0.2964774951        0.2425859214E-01   -0.1503632936E-01    0.2945950520E-01   -0.1120322246E-01
   -0.2945205479        0.2711725811E-01   -0.1349253328E-01    0.2683152747E-01   -0.1425369607E-01
   -0.2925636008        0.2997009603E-01   -0.1197805686E-01    0.2414927338E-01   -0.1726695210E-01
   -0.2906066536        0.3281106620E-01   -0.1049839232E-01    0.2141781435E-01   -0.2023487090E-01
   -0.2886497065        0.3563410501E-01   -0.9059004397E-02    0.1864241309E-01   -0.2314937477E-01
   -0.2866927593        0.3843314326E-01   -0.7665310505E-02    0.1582851041E-01   -0.2600245609E-01
   -0.2847358121        0.4120212678E-01   -0.6322660770E-02    0.1298171127E-01   -0.2878620550E-01
   -0.2827788650        0.4393503513E-01   -0.5036318018E-02    0.1010777004E-01   -0.3149284008E-01
   -0.2808219178        0.4662590247E-01   -0.3811437839E-02    0.7212575115E-02   -0.3411473140E-01
   -0.2788649706        0.4926883633E-01   -0.2653048780E-02    0.4302132768E-02   -0.3664443322E-01
   -0.2769080235        0.5185803829E-01   -0.1566032783E-02    0.1382550521E-02   -0.3907470881E-01
   -0.2749510763        0.5438782253E-01   -0.5551059436E-03   -0.1539980091E-02   -0.4139855782E-01
   -0.2729941292        0.5685263550E-01    0.3752003393E-03   -0.4459201170E-02   -0.4360924195E-01
   -0.2710371820        0.5924706870E-01    0.1220557821E-02   -0.7368806068E-02   -0.4570030672E-01
   -0.2690802348        0.6156587259E-01    0.1976859041E-02   -0.1026245650E-01   -0.4766560192E-01
   -0.2671232877        0.6380397186E-01    0.2640234096E-02   -0.1313379970E-01   -0.4949930376E-01
   -0.2651663405        0.6595648248E-01    0.3207066736E-02   -0.1597648588E-01   -0.5119593643E-01
   -0.2632093933        0.6801872641E-01    0.3674009764E-02   -0.1878418575E-01   -0.5275039262E-01
   -0.2612524462        0.6998624738E-01    0.4037999653E-02   -0.2155060817E-01   -0.5415795284E-01
   -0.2592954990        0.7185482430E-01    0.4296270318E-02   -0.2426951792E-01   -0.5541430351E-01
   -0.2573385519        0.7362048558E-01    0.4446365977E-02   -0.2693475331E-01   -0.5651555380E-01
   -0.2553816047        0.7527952092E-01    0.4486153048E-02   -0.2954024382E-01   -0.5745825103E-01
   -0.2534246575        0.7682849399E-01    0.4413831010E-02   -0.3208002752E-01   -0.5823939460E-01
   -0.2514677104        0.7826425243E-01    0.4227942188E-02   -0.3454826827E-01   -0.5885644843E-01
   -0.2495107632        0.7958393856E-01    0.3927380408E-02   -0.3693927270E-01   -0.5930735179E-01
   -0.2475538160        0.8078499752E-01    0.3511398470E-02   -0.3924750676E-01   -0.5959052845E-01
   -0.2455968689        0.8186518586E-01    0.2979614412E-02   -0.4146761199E-01   -0.5970489426E-01
   -0.2436399217        0.8282257753E-01    0.2332016519E-02   -0.4359442117E-01   -0.5964986285E-01
   -0.2416829746        0.8365557030E-01    0.1568967055E-02   -0.4562297356E-01   -0.5942534968E-01
   -0.2397260274        0.8436288951E-01    0.6912046792E-03   -0.4754852954E-01   -0.5903177427E-01
   -0.2377690802        0.8494359218E-01   -0.3001544537E-03   -0.4936658458E-01   -0.5847006062E-01
   -0.2358121331        0.8539706843E-01   -0.1403616938E-02   -0.5107288254E-01   -0.5774163585E-01
   -0.2338551859        0.8572304323E-01   -0.2617313708E-02   -0.5266342827E-01   -0.5684842699E-01
   -0.2318982387        0.8592157549E-01   -0.3939002982E-02   -0.5413449931E-01   -0.5579285600E-01
   -0.2299412916        0.8599305741E-01   -0.5366074551E-02   -0.5548265691E-01   -0.5457783298E-01
   -0.2279843444        0.8593821124E-01   -0.6895555407E-02   -0.5670475609E-01   -0.5320674763E-01
   -0.2260273973        0.8575808622E-01   -0.8524116695E-02   -0.5779795474E-01   -0.5168345897E-01
   -0.2240704501        0.8545405305E-01   -0.1024808196E-01   -0.5875972191E-01   -0.5001228330E-01
   -0.2221135029        0.8502779686E-01   -0.1206343657E-01   -0.5958784364E-01   -0.4819797952E-01
   -0.2201565558        0.8448130359E-01   -0.1396583784E-01   -0.6028042460E-01   -0.4624573025E-01
   -0.2181996086        0.8381685085E-01   -0.1595062628E-01   -0.6083589161E-01   -0.4416112453E-01
   -0.2162426614        0.8303699832E-01   -0.1801283805E-01   -0.6125299763E-01   -0.4195014038E-01
   -0.2142857143        0.8214457864E-01   -0.2014721839E-01   -0.6153082492E-01   -0.3961912614E-01
   -0.2123287671        0.8114268616E-01   -0.2234823611E-01   -0.6166878717E-01   -0.3717478058E-01
   -0.2103718200        0.8003466610E-01   -0.2461009906E-01   -0.6166663074E-01   -0.3462413181E-01
   -0.2084148728        0.7882410176E-01   -0.2692677050E-01   -0.6152443490E-01   -0.3197451516E-01
   -0.2064579256        0.7751480218E-01   -0.2929198628E-01   -0.6124261119E-01   -0.2923355008E-01
   -0.2045009785        0.7611078792E-01   -0.3169927294E-01   -0.6082190174E-01   -0.2640911603E-01
   -0.2025440313        0.7461627748E-01   -0.3414196639E-01   -0.6026337671E-01   -0.2350932767E-01
   -0.2005870841        0.7303567191E-01   -0.3661323143E-01   -0.5956843075E-01   -0.2054250924E-01
   -0.1986301370        0.7137354018E-01   -0.3910608174E-01   -0.5873877863E-01   -0.1751716834E-01
   -0.1966731898        0.6963460284E-01   -0.4161340052E-01   -0.5777644982E-01   -0.1444196913E-01
   -0.1947162427        0.6782371654E-01   -0.4412796151E-01   -0.5668378236E-01   -0.1132570512E-01
   -0.1927592955        0.6594585711E-01   -0.4664245049E-01   -0.5546341572E-01   -0.8177271629E-02
   -0.1908023483        0.6400610347E-01   -0.4914948701E-01   -0.5411828293E-01   -0.5005637957E-02
   -0.1888454012        0.6200962022E-01   -0.5164164647E-01   -0.5265160183E-01   -0.1819819446E-02
   -0.1868884540        0.5996164137E-01   -0.5411148227E-01   -0.5106686563E-01    0.1371150502E-02
   -0.1849315068        0.5786745271E-01   -0.5655154816E-01   -0.4936783263E-01    0.4558248349E-02
   -0.1829745597        0.5573237549E-01   -0.5895442050E-01   -0.4755851534E-01    0.7732488188E-02
   -0.1810176125        0.5356174893E-01   -0.6131272054E-01   -0.4564316883E-01    0.1088494924E-01
   -0.1790606654        0.5136091406E-01   -0.6361913653E-01   -0.4362627854E-01    0.1400680300E-01
   -0.1771037182        0.4913519666E-01   -0.6586644567E-01   -0.4151254749E-01    0.1708933993E-01
   -0.1751467710        0.4688989156E-01   -0.6804753569E-01   -0.3930688289E-01    0.2012399561E-01
   -0.1731898239        0.4463024598E-01   -0.7015542591E-01   -0.3701438223E-01    0.2310237613E-01
   -0.1712328767        0.4236144311E-01   -0.7218328550E-01   -0.3464031748E-01    0.2601628191E-01
   -0.1692759295        0.4008858499E-01   -0.7412445040E-01   -0.3219011905E-01    0.2885773004E-01
   -0.1673189824        0.3781667888E-01   -0.7597244213E-01   -0.2966936127E-01    0.3161897633E-01
   -0.1653620352        0.3555062333E-01   -0.7772098648E-01   -0.2708374784E-01    0.3429253679E-01
   -0.1634050881        0.3329519593E-01   -0.7936403158E-01   -0.2443909717E-01    0.3687120791E-01
   -0.1614481409        0.3105504051E-01   -0.8089576521E-01   -0.2174132744E-01    0.3934808603E-01
   -0.1594911937        0.2883465624E-01   -0.8231063144E-01   -0.1899644160E-01    0.4171658565E-01
   -0.1575342466        0.2663838615E-01   -0.8360334655E-01   -0.1621051231E-01    0.4397045652E-01
   -0.1555772994        0.2447040760E-01   -0.8476891402E-01   -0.1338966678E-01    0.4610379963E-01
   -0.1536203523        0.2233472237E-01   -0.8580263877E-01   -0.1054007173E-01    0.4811108191E-01
   -0.1516634051        0.2023514854E-01   -0.8670014045E-01   -0.7667918255E-02    0.4998714975E-01
   -0.1497064579        0.1817531220E-01   -0.8745736585E-01   -0.4779406943E-02    0.5172724120E-01
   -0.1477495108        0.1615864094E-01   -0.8807060026E-01   -0.1880733005E-02    0.5332699680E-01
   -0.1457925636        0.1418835715E-01   -0.8853647799E-01    0.1021928355E-02    0.5478246920E-01
   -0.1438356164        0.1226747323E-01   -0.8885199169E-01    0.3922436368E-02    0.5609013131E-01
   -0.1418786693        0.1039878655E-01   -0.8901450085E-01    0.6814698885E-02    0.5724688312E-01
   -0.1399217221        0.8584876260E-02   -0.8902173903E-01    0.9692686259E-02    0.5825005720E-01
   -0.1379647750        0.6828100068E-02   -0.8887182021E-01    0.1255044491E-01    0.5909742275E-01
   -0.1360078278        0.5130592698E-02   -0.8856324391E-01    0.1538211053E-01    0.5978718830E-01
   -0.1340508806        0.3494264294E-02   -0.8809489936E-01    0.1818192089E-01    0.6031800310E-01
   -0.1320939335        0.1920800603E-02   -0.8746606846E-01    0.2094422823E-01    0.6068895706E-01
   -0.1301369863        0.4116630029E-03   -0.8667642775E-01    0.2366351121E-01    0.6089957943E-01
   -0.1281800391       -0.1031909705E-02   -0.8572604919E-01    0.2633438636E-01    0.6094983615E-01
   -0.1262230920       -0.2408899683E-02   -0.8461539993E-01    0.2895161902E-01    0.6084012585E-01
   -0.1242661448       -0.3718506730E-02   -0.8334534104E-01    0.3151013379E-01    0.6057127467E-01
   -0.1223091977       -0.4960145067E-02   -0.8191712437E-01    0.3400502411E-01    0.6014452927E-01
   -0.1203522505       -0.6133438093E-02   -0.8033238653E-01    0.3643156021E-01    0.5956154692E-01
   -0.1183953033       -0.7238213571E-02   -0.7859314346E-01    0.3878519696E-01    0.5882438587E-01
   -0.1164383562       -0.8274497411E-02   -0.7670178526E-01    0.4106158154E-01    0.5793549562E-01
   -0.1144814090       -0.9242507799E-02   -0.7466107008E-01    0.4325656053E-01    0.5689770620E-01
   -0.1125244618       -0.1014264786E-01   -0.7247411714E-01    0.4536618649E-01    0.5571421645E-01
   -0.1105675147       -0.1097549875E-01   -0.7014439886E-01    0.4738672385E-01    0.5438858154E-01
   -0.1086105675       -0.1174181131E-01   -0.6767573220E-01    0.4931465425E-01    0.5292469949E-01
   -0.1066536204       -0.1244249827E-01   -0.6507226910E-01    0.5114668127E-01    0.5132679698E-01
   -0.1046966732       -0.1307862510E-01   -0.6233848620E-01    0.5287973456E-01    0.4959941442E-01
   -0.1027397260       -0.1365140145E-01   -0.5947917381E-01    0.5451097335E-01    0.4774739030E-01
   -0.1007827789       -0.1416217134E-01   -0.5649942412E-01    0.5603778934E-01    0.4577584496E-01
   -0.9882583170E-01   -0.1461240407E-01   -0.5340461879E-01    0.5745780908E-01    0.4369016373E-01
   -0.9686888454E-01   -0.1500368389E-01   -0.5020041588E-01    0.5876889561E-01    0.4149597967E-01
   -0.9491193738E-01   -0.1533770048E-01   -0.4689273614E-01    0.5996914968E-01    0.3919915571E-01
   -0.9295499022E-01   -0.1561623838E-01   -0.4348774882E-01    0.6105691023E-01    0.3680576656E-01
   -0.9099804305E-01   -0.1584116723E-01   -0.3999185688E-01    0.6203075441E-01    0.3432208022E-01
   -0.8904109589E-01   -0.1601443100E-01   -0.3641168177E-01    0.6288949703E-01    0.3175453918E-01
   -0.8708414873E-01   -0.1613803823E-01   -0.3275404775E-01    0.6363218939E-01    0.2910974153E-01
   -0.8512720157E-01   -0.1621405131E-01   -0.2902596583E-01    0.6425811765E-01    0.2639442181E-01
   -0.8317025440E-01   -0.1624457676E-01   -0.2523461734E-01    0.6476680067E-01    0.2361543186E-01
   -0.8121330724E-01   -0.1623175478E-01   -0.2138733719E-01    0.6515798731E-01    0.2077972160E-01
   -0.7925636008E-01   -0.1617774979E-01   -0.1749159692E-01    0.6543165329E-01    0.1789431983E-01
   -0.7729941292E-01   -0.1608474029E-01   -0.1355498741E-01    0.6558799756E-01    0.1496631518E-01
   -0.7534246575E-01   -0.1595490987E-01   -0.9585201525E-02    0.6562743817E-01    0.1200283709E-01
   -0.7338551859E-01   -0.1579043758E-01   -0.5590016531E-02    0.6555060776E-01    0.9011037133E-02
   -0.7142857143E-01   -0.1559348920E-01   -0.1577276377E-02    0.6535834746E-01    0.5998070290E-02
   -0.6947162427E-01   -0.1536620807E-01    0.2445125968E-02    0.6505169996E-01    0.2971076800E-02
   -0.6751467710E-01   -0.1511070738E-01    0.6469265818E-02    0.6463190354E-01   -0.6283534664E-04
   -0.6555772994E-01   -0.1482906210E-01    0.1048720398E-01    0.6410038624E-01   -0.3096607430E-02
   -0.6360078278E-01   -0.1452330223E-01    0.1449100394E-01    0.6345875957E-01   -0.6123246602E-02
   -0.6164383562E-01   -0.1419540557E-01    0.1847274890E-01    0.6270881204E-01   -0.9135842002E-02
   -0.5968688845E-01   -0.1384729187E-01    0.2242455871E-01    0.6185250243E-01   -0.1212758038E-01
   -0.5772994129E-01   -0.1348081661E-01    0.2633860664E-01    0.6089195284E-01   -0.1509176113E-01
   -0.5577299413E-01   -0.1309776606E-01    0.3020713595E-01    0.5982944152E-01   -0.1802181085E-01
   -0.5381604697E-01   -0.1269985212E-01    0.3402247620E-01    0.5866739556E-01   -0.2091129713E-01
   -0.5185909980E-01   -0.1228870841E-01    0.3777705936E-01    0.5740838336E-01   -0.2375394186E-01
   -0.4990215264E-01   -0.1186588618E-01    0.4146343554E-01    0.5605510702E-01   -0.2654363378E-01
   -0.4794520548E-01   -0.1143285150E-01    0.4507428849E-01    0.5461039461E-01   -0.2927444038E-01
   -0.4598825832E-01   -0.1099098219E-01    0.4860245073E-01    0.5307719235E-01   -0.3194061908E-01
   -0.4403131115E-01   -0.1054156620E-01    0.5204091823E-01    0.5145855664E-01   -0.3453662763E-01
   -0.4207436399E-01   -0.1008579958E-01    0.5538286482E-01    0.4975764620E-01   -0.3705713385E-01
   -0.4011741683E-01   -0.9624785981E-02    0.5862165607E-01    0.4797771400E-01   -0.3949702449E-01
   -0.3816046967E-01   -0.9159535745E-02    0.6175086277E-01    0.4612209936E-01   -0.4185141333E-01
   -0.3620352250E-01   -0.8690966430E-02    0.6476427395E-01    0.4419421991E-01   -0.4411564850E-01
   -0.3424657534E-01   -0.8219903029E-02    0.6765590937E-01    0.4219756369E-01   -0.4628531890E-01
   -0.3228962818E-01   -0.7747079519E-02    0.7042003155E-01    0.4013568127E-01   -0.4835625978E-01
   -0.3033268102E-01   -0.7273140112E-02    0.7305115721E-01    0.3801217797E-01   -0.5032455741E-01
   -0.2837573386E-01   -0.6798641807E-02    0.7554406825E-01    0.3583070617E-01   -0.5218655288E-01
   -0.2641878669E-01   -0.6324056613E-02    0.7789382204E-01    0.3359495778E-01   -0.5393884486E-01
   -0.2446183953E-01   -0.5849775034E-02    0.8009576130E-01    0.3130865685E-01   -0.5557829141E-01
   -0.2250489237E-01   -0.5376109270E-02    0.8214552312E-01    0.2897555236E-01   -0.5710201062E-01
   -0.2054794521E-01   -0.4903298015E-02    0.8403904716E-01    0.2659941103E-01   -0.5850737954E-01
   -0.1859099804E-01   -0.4431510666E-02    0.8577258328E-01    0.2418401065E-01   -0.5979203230E-01
   -0.1663405088E-01   -0.3960852496E-02    0.8734269885E-01    0.2173313405E-01   -0.6095385713E-01
   -0.1467710372E-01   -0.3491369354E-02    0.8874628536E-01    0.1925056345E-01   -0.6199099205E-01
   -0.1272015656E-01   -0.3023053460E-02    0.8998056446E-01    0.1674007554E-01   -0.6290181908E-01
   -0.1076320939E-01   -0.2555848678E-02    0.9104309327E-01    0.1420543722E-01   -0.6368495694E-01
   -0.8806262231E-02   -0.2089656835E-02    0.9193176911E-01    0.1165040238E-01   -0.6433925218E-01
   -0.6849315068E-02   -0.1624343450E-02    0.9264483356E-01    0.9078709751E-02   -0.6486376899E-01
   -0.4892367906E-02   -0.1159744451E-02    0.9318087581E-01    0.6494082293E-02   -0.6525777809E-01
   -0.2935420744E-02   -0.6956722374E-03    0.9353883537E-01    0.3900228141E-02   -0.6552074539E-01
   -0.9784735812E-03   -0.2319226633E-03    0.9371800411E-01    0.1300843229E-02   -0.6565232163E-01
    0.9784735812E-03    0.2317186990E-03    0.9371802763E-01   -0.1300384550E-02   -0.6565233436E-01
    0.2935420744E-02    0.6954694419E-03    0.9353890591E-01   -0.3899770110E-02   -0.6552078352E-01
    0.4892367906E-02    0.1159543989E-02    0.9318099333E-01   -0.6493625553E-02   -0.6525784143E-01
    0.6849315068E-02    0.1624146479E-02    0.9264499799E-01   -0.9078254931E-02   -0.6486385723E-01
    0.8806262231E-02    0.2089464500E-02    0.9193198034E-01   -0.1164995010E-01   -0.6433936490E-01
    0.1076320939E-01    0.2555662111E-02    0.9104335117E-01   -0.1420498807E-01   -0.6368509364E-01
    0.1272015656E-01    0.3022873770E-02    0.8998086886E-01   -0.1673963009E-01   -0.6290197918E-01
    0.1467710372E-01    0.3491197632E-02    0.8874663607E-01   -0.1925012226E-01   -0.6199117489E-01
    0.1663405088E-01    0.3960689804E-02    0.8734309563E-01   -0.2173269767E-01   -0.6095406203E-01
    0.1859099804E-01    0.4431358040E-02    0.8577302586E-01   -0.2418357960E-01   -0.5979225852E-01
    0.2054794521E-01    0.4903156458E-02    0.8403953523E-01   -0.2659898582E-01   -0.5850762632E-01
    0.2250489237E-01    0.5375979751E-02    0.8214605634E-01   -0.2897513350E-01   -0.5710227718E-01
    0.2446183953E-01    0.5849658487E-02    0.8009633926E-01   -0.3130824483E-01   -0.5557857696E-01
    0.2641878669E-01    0.6323953932E-02    0.7789444430E-01   -0.3359455311E-01   -0.5393914860E-01
    0.2837573386E-01    0.6798553846E-02    0.7554473431E-01   -0.3583030935E-01   -0.5218687400E-01
    0.3033268102E-01    0.7273067687E-02    0.7305186652E-01   -0.3801178951E-01   -0.5032489510E-01
    0.3228962818E-01    0.7747023403E-02    0.7042078348E-01   -0.4013530168E-01   -0.4835661322E-01
    0.3424657534E-01    0.8219863956E-02    0.6765670323E-01   -0.4219719349E-01   -0.4628568727E-01
    0.3620352250E-01    0.8690945090E-02    0.6476510894E-01   -0.4419385964E-01   -0.4411603097E-01
    0.3816046967E-01    0.9159532787E-02    0.6175173803E-01   -0.4612174956E-01   -0.4185180906E-01
    0.4011741683E-01    0.9624802014E-02    0.5862257063E-01   -0.4797737522E-01   -0.3949743262E-01
    0.4207436399E-01    0.1008583517E-01    0.5538381762E-01   -0.4975731898E-01   -0.3705755353E-01
    0.4403131115E-01    0.1054162186E-01    0.5204190811E-01   -0.5145824156E-01   -0.3453705797E-01
    0.4598825832E-01    0.1099105842E-01    0.4860347640E-01   -0.5307688996E-01   -0.3194105918E-01
    0.4794520548E-01    0.1143294873E-01    0.4507534858E-01   -0.5461010549E-01   -0.2927488932E-01
    0.4990215264E-01    0.1186600481E-01    0.4146452855E-01   -0.5605483171E-01   -0.2654409061E-01
    0.5185909980E-01    0.1228884879E-01    0.3777818371E-01   -0.5740812242E-01   -0.2375440562E-01
    0.5381604697E-01    0.1270001457E-01    0.3402363019E-01   -0.5866714954E-01   -0.2091176683E-01
    0.5577299413E-01    0.1309795085E-01    0.3020831778E-01   -0.5982921093E-01   -0.1802228548E-01
    0.5772994129E-01    0.1348102396E-01    0.2633981441E-01   -0.6089173819E-01   -0.1509223967E-01
    0.5968688845E-01    0.1384752198E-01    0.2242579043E-01   -0.6185230419E-01   -0.1212806175E-01
    0.6164383562E-01    0.1419565857E-01    0.1847400251E-01   -0.6270863066E-01   -0.9136325154E-02
    0.6360078278E-01    0.1452357824E-01    0.1449227729E-01   -0.6345859546E-01   -0.6123730439E-02
    0.6555772994E-01    0.1482936118E-01    0.1048849484E-01   -0.6410023977E-01   -0.3097090851E-02
    0.6751467710E-01    0.1511102955E-01    0.6470571918E-02   -0.6463177502E-01   -0.6331724009E-04
    0.6947162427E-01    0.1536655330E-01    0.2446444992E-02   -0.6505158965E-01    0.2970597550E-02
    0.7142857143E-01    0.1559385743E-01   -0.1575946784E-02   -0.6535825559E-01    0.5997594799E-02
    0.7338551859E-01    0.1579082870E-01   -0.5588678740E-02   -0.6555053445E-01    0.9010566510E-02
    0.7534246575E-01    0.1595532375E-01   -0.9583857914E-02   -0.6562738351E-01    0.1200237244E-01
    0.7729941292E-01    0.1608517672E-01   -0.1355364035E-01   -0.6558796153E-01    0.1496585756E-01
    0.7925636008E-01    0.1617820855E-01   -0.1749024875E-01   -0.6543163584E-01    0.1789387032E-01
    0.8121330724E-01    0.1623223561E-01   -0.2138599021E-01   -0.6515798828E-01    0.2077928120E-01
    0.8317025440E-01    0.1624507936E-01   -0.2523327380E-01   -0.6476681985E-01    0.2361500157E-01
    0.8512720157E-01    0.1621457534E-01   -0.2902462793E-01   -0.6425815476E-01    0.2639400256E-01
    0.8708414873E-01    0.1613858333E-01   -0.3275271761E-01   -0.6363224408E-01    0.2910933422E-01
    0.8904109589E-01    0.1601499677E-01   -0.3641036142E-01   -0.6288956889E-01    0.3175414466E-01
    0.9099804305E-01    0.1584175325E-01   -0.3999054827E-01   -0.6203084298E-01    0.3432169928E-01
    0.9295499022E-01    0.1561684419E-01   -0.4348645381E-01   -0.6105701499E-01    0.3680539994E-01
    0.9491193738E-01    0.1533832560E-01   -0.4689145649E-01   -0.5996927006E-01    0.3919880407E-01
    0.9686888454E-01    0.1500432781E-01   -0.5019915325E-01   -0.5876903101E-01    0.4149564364E-01
    0.9882583170E-01    0.1461306626E-01   -0.5340337474E-01   -0.5745795883E-01    0.4368984386E-01
    0.1007827789        0.1416285123E-01   -0.5649820010E-01   -0.5603795278E-01    0.4577554173E-01
    0.1027397260        0.1365209843E-01   -0.5947797119E-01   -0.5451114974E-01    0.4774710414E-01
    0.1046966732        0.1307933856E-01   -0.6233730624E-01   -0.5287992317E-01    0.4959914569E-01
    0.1066536204        0.1244322755E-01   -0.6507111297E-01   -0.5114688133E-01    0.5132654598E-01
    0.1086105675        0.1174255572E-01   -0.6767460097E-01   -0.4931486498E-01    0.5292446646E-01
    0.1105675147        0.1097625757E-01   -0.7014329353E-01   -0.4738694446E-01    0.5438836666E-01
    0.1125244618        0.1014342033E-01   -0.7247303863E-01   -0.4536641618E-01    0.5571401984E-01
    0.1144814090        0.9243293110E-02   -0.7466001925E-01   -0.4325679849E-01    0.5689752792E-01
    0.1164383562        0.8275294727E-02   -0.7670076291E-01   -0.4106182696E-01    0.5793533570E-01
    0.1183953033        0.7239022006E-02   -0.7859215032E-01   -0.3878544905E-01    0.5882424426E-01
    0.1203522505        0.6134256711E-02   -0.8033142331E-01   -0.3643181817E-01    0.5956142355E-01
    0.1223091977        0.4960972882E-02   -0.8191619175E-01   -0.3400528715E-01    0.6014442402E-01
    0.1242661448        0.3719342699E-02   -0.8334443968E-01   -0.3151040114E-01    0.6057118738E-01
    0.1262230920        0.2409742702E-02   -0.8461453049E-01   -0.2895188992E-01    0.6084005632E-01
    0.1281800391        0.1032758606E-02   -0.8572521232E-01   -0.2633466008E-01    0.6094978417E-01
    0.1301369863       -0.4108094499E-03   -0.8667562412E-01   -0.2366378701E-01    0.6089954474E-01
    0.1320939335       -0.1919943689E-02   -0.8746529872E-01   -0.2094450541E-01    0.6068893938E-01
    0.1340508806       -0.3493405368E-02   -0.8809416416E-01   -0.1818219875E-01    0.6031800212E-01
    0.1360078278       -0.5129733165E-02   -0.8856254391E-01   -0.1538238839E-01    0.5978720368E-01
    0.1379647750       -0.6827241383E-02   -0.8887115604E-01   -0.1255072212E-01    0.5909745413E-01
    0.1399217221       -0.8584019924E-02   -0.8902111133E-01   -0.9692962179E-02    0.5825010419E-01
    0.1418786693       -0.1039793410E-01   -0.8901391020E-01   -0.6814972887E-02    0.5724694530E-01
    0.1438356164       -0.1226662627E-01   -0.8885143866E-01   -0.3922707845E-02    0.5609020823E-01
    0.1457925636       -0.1418751727E-01   -0.8853596312E-01   -0.1022196717E-02    0.5478256041E-01
    0.1477495108       -0.1615780978E-01   -0.8807012406E-01    0.1880468328E-02    0.5332710179E-01
    0.1497064579       -0.1817449143E-01   -0.8745692876E-01    0.4779146505E-02    0.5172735946E-01
    0.1516634051       -0.2023433982E-01   -0.8669974288E-01    0.7667662588E-02    0.4998728075E-01
    0.1536203523       -0.2233392736E-01   -0.8580228106E-01    0.1053982134E-01    0.4811122508E-01
    0.1555772994       -0.2446962798E-01   -0.8476859645E-01    0.1338942218E-01    0.4610395439E-01
    0.1575342466       -0.2663762356E-01   -0.8360306933E-01    0.1621027396E-01    0.4397062227E-01
    0.1594911937       -0.2883391232E-01   -0.8231039471E-01    0.1899620996E-01    0.4171676176E-01
    0.1614481409       -0.3105431687E-01   -0.8089556901E-01    0.2174110293E-01    0.3934827187E-01
    0.1634050881       -0.3329449413E-01   -0.7936387588E-01    0.2443888020E-01    0.3687140281E-01
    0.1653620352       -0.3554994490E-01   -0.7772087115E-01    0.2708353879E-01    0.3429274010E-01
    0.1673189824       -0.3781602528E-01   -0.7597236694E-01    0.2966916050E-01    0.3161918735E-01
    0.1692759295       -0.4008795762E-01   -0.7412441503E-01    0.3218992690E-01    0.2885794806E-01
    0.1712328767       -0.4236084330E-01   -0.7218328951E-01    0.3464013424E-01    0.2601650624E-01
    0.1731898239       -0.4462967498E-01   -0.7015546875E-01    0.3701420818E-01    0.2310260603E-01
    0.1751467710       -0.4688935051E-01   -0.6804761670E-01    0.3930671829E-01    0.2012423037E-01
    0.1771037182       -0.4913468661E-01   -0.6586656408E-01    0.4151239254E-01    0.1708957882E-01
    0.1790606654       -0.5136043594E-01   -0.6361929144E-01    0.4362613345E-01    0.1400704528E-01
    0.1810176125       -0.5356130357E-01   -0.6131291095E-01    0.4564303374E-01    0.1088519417E-01
    0.1829745597       -0.5573196362E-01   -0.5895464532E-01    0.4755839038E-01    0.7732735048E-02
    0.1849315068       -0.5786707493E-01   -0.5655180620E-01    0.4936771789E-01    0.4558496411E-02
    0.1868884540       -0.5996129817E-01   -0.5411177224E-01    0.5106676116E-01    0.1371399046E-02
    0.1888454012       -0.6200931200E-01   -0.5164196701E-01    0.5265150766E-01   -0.1819571126E-02
    0.1908023483       -0.6400583049E-01   -0.4914983670E-01    0.5411819904E-01   -0.5005390557E-02
    0.1927592955       -0.6594561954E-01   -0.4664282784E-01    0.5546334206E-01   -0.8177025827E-02
    0.1947162427       -0.6782351443E-01   -0.4412836497E-01    0.5668371884E-01   -0.1132546158E-01
    0.1966731898       -0.6963443611E-01   -0.4161382848E-01    0.5777639631E-01   -0.1444172848E-01
    0.1986301370       -0.7137340868E-01   -0.3910653257E-01    0.5873873496E-01   -0.1751693120E-01
    0.2005870841       -0.7303557535E-01   -0.3661370346E-01    0.5956839673E-01   -0.2054227620E-01
    0.2025440313       -0.7461621546E-01   -0.3414245794E-01    0.6026335208E-01   -0.2350909927E-01
    0.2045009785       -0.7611075995E-01   -0.3169978228E-01    0.6082188624E-01   -0.2640889280E-01
    0.2064579256       -0.7751480766E-01   -0.2929251170E-01    0.6124260449E-01   -0.2923333250E-01
    0.2084148728       -0.7882413998E-01   -0.2692731027E-01    0.6152443665E-01   -0.3197430368E-01
    0.2103718200       -0.8003473625E-01   -0.2461065147E-01    0.6166664055E-01   -0.3462392682E-01
    0.2123287671       -0.8114278733E-01   -0.2234879945E-01    0.6166880462E-01   -0.3717458245E-01
    0.2142857143       -0.8214470983E-01   -0.2014779097E-01    0.6153084954E-01   -0.3961893519E-01
    0.2162426614       -0.8303715843E-01   -0.1801341821E-01    0.6125302893E-01   -0.4194995686E-01
    0.2181996086       -0.8381703870E-01   -0.1595121239E-01    0.6083592906E-01   -0.4416094866E-01
    0.2201565558       -0.8448151790E-01   -0.1396642828E-01    0.6028046766E-01   -0.4624556220E-01
    0.2221135029       -0.8502803627E-01   -0.1206402980E-01    0.5958789171E-01   -0.4819781938E-01
    0.2240704501       -0.8545431612E-01   -0.1024867645E-01    0.5875977438E-01   -0.5001213114E-01
    0.2260273973       -0.8575837143E-01   -0.8524710974E-02    0.5779801098E-01   -0.5168331477E-01
    0.2279843444       -0.8593851700E-01   -0.6896148064E-02    0.5670481544E-01   -0.5320661134E-01
    0.2299412916       -0.8599338207E-01   -0.5366664225E-02    0.5548271871E-01   -0.5457770448E-01
    0.2318982387       -0.8592191736E-01   -0.3939588376E-02    0.5413456287E-01   -0.5579273514E-01
    0.2338551859       -0.8572340057E-01   -0.2617893589E-02    0.5266349291E-01   -0.5684831356E-01
    0.2358121331       -0.8539743950E-01   -0.1404190142E-02    0.5107294760E-01   -0.5774152960E-01
    0.2377690802       -0.8494397523E-01   -0.3007198871E-03    0.4936664937E-01   -0.5846996127E-01
    0.2397260274       -0.8436328277E-01    0.6906480387E-03    0.4754859343E-01   -0.5903168151E-01
    0.2416829746       -0.8365597203E-01    0.1568420157E-02    0.4562303592E-01   -0.5942526317E-01
    0.2436399217       -0.8282298602E-01    0.2331480242E-02    0.4359448139E-01   -0.5964978224E-01
    0.2455968689       -0.8186559944E-01    0.2979089559E-02    0.4146766952E-01   -0.5970481919E-01
    0.2475538160       -0.8078541457E-01    0.3510885776E-02    0.3924756105E-01   -0.5959045854E-01
    0.2495107632       -0.7958435751E-01    0.3926880537E-02    0.3693932325E-01   -0.5930728667E-01
    0.2514677104       -0.7826467180E-01    0.4227455735E-02    0.3454831463E-01   -0.5885638774E-01
    0.2534246575       -0.7682891236E-01    0.4413358503E-02    0.3208006928E-01   -0.5823933798E-01
    0.2553816047       -0.7527993697E-01    0.4485694950E-02    0.2954028061E-01   -0.5745819815E-01
    0.2573385519       -0.7362089807E-01    0.4445922689E-02    0.2693478481E-01   -0.5651550434E-01
    0.2592954990       -0.7185523211E-01    0.4295842178E-02    0.2426954385E-01   -0.5541425718E-01
    0.2612524462       -0.6998664948E-01    0.4037586942E-02    0.2155062832E-01   -0.5415790939E-01
    0.2632093933       -0.6801912189E-01    0.3673612704E-02    0.1878419992E-01   -0.5275035183E-01
    0.2651663405       -0.6595687056E-01    0.3206685492E-02    0.1597649395E-01   -0.5119589810E-01
    0.2671232877       -0.6380435186E-01    0.2639868781E-02    0.1313380156E-01   -0.4949926775E-01
    0.2690802348       -0.6156624396E-01    0.1976509714E-02    0.1026245208E-01   -0.4766556812E-01
    0.2710371820       -0.5924743099E-01    0.1220224486E-02    0.7368795364E-02   -0.4570027506E-01
    0.2729941292       -0.5685298842E-01    0.3748829495E-03    0.4459184177E-02   -0.4360921240E-01
    0.2749510763       -0.5438816588E-01   -0.5554074888E-03    0.1539956838E-02   -0.4139853039E-01
    0.2769080235       -0.5185837199E-01   -0.1566318637E-02   -0.1382579986E-02   -0.3907468356E-01
    0.2788649706       -0.4926916042E-01   -0.2653319149E-02   -0.4302168383E-02   -0.3664441023E-01
    0.2808219178       -0.4662621707E-01   -0.3811692978E-02   -0.7212616810E-02   -0.3411471079E-01
    0.2827788650       -0.4393534044E-01   -0.5036558228E-02   -0.1010781775E-01   -0.3149282197E-01
    0.2847358121       -0.4120242306E-01   -0.6322886393E-02   -0.1298176491E-01   -0.2878619004E-01
    0.2866927593       -0.3843343083E-01   -0.7665521926E-02   -0.1582856993E-01   -0.2600244343E-01
    0.2886497065       -0.3563438420E-01   -0.9059202036E-02   -0.1864247843E-01   -0.2314936505E-01
    0.2906066536       -0.3281133738E-01   -0.1049857663E-01   -0.2141788547E-01   -0.2023486425E-01
    0.2925636008       -0.2997035959E-01   -0.1197822834E-01   -0.2414935024E-01   -0.1726694866E-01
    0.2945205479       -0.2711751442E-01   -0.1349269244E-01   -0.2683161006E-01   -0.1425369595E-01
    0.2964774951       -0.2425884157E-01   -0.1503647674E-01   -0.2945959352E-01   -0.1120322575E-01
    0.2984344423       -0.2140033670E-01   -0.1660408120E-01   -0.3202843279E-01   -0.8123671733E-02
    0.3003913894       -0.1854793387E-01   -0.1819001730E-01   -0.3453347507E-01   -0.5023154057E-02
    0.3023483366       -0.1570748624E-01   -0.1978882703E-01   -0.3697029307E-01   -0.1909752209E-02
    0.3043052838       -0.1288474957E-01   -0.2139510138E-01   -0.3933469465E-01    0.1208521541E-02
    0.3062622309       -0.1008536401E-01   -0.2300349842E-01   -0.4162273133E-01    0.4323748057E-02
    0.3082191781       -0.7314838898E-02   -0.2460876071E-01   -0.4383070600E-01    0.7428126472E-02
    0.3101761252       -0.4578535946E-02   -0.2620573205E-01   -0.4595517944E-01    0.1051399847E-01
    0.3121330724       -0.1881655585E-02   -0.2778937356E-01   -0.4799297599E-01    0.1357387160E-01
    0.3140900196        0.7707782888E-03   -0.2935477895E-01   -0.4994118810E-01    0.1660044157E-01
    0.3160469667        0.3373930181E-02   -0.3089718900E-01   -0.5179717989E-01    0.1958661340E-01
    0.3180039139        0.5923166497E-02   -0.3241200512E-01   -0.5355858974E-01    0.2252552140E-01
    0.3199608611        0.8414065474E-02   -0.3389480201E-01   -0.5522333177E-01    0.2541054791E-01
    0.3219178082        0.1084242878E-01   -0.3534133939E-01   -0.5678959647E-01    0.2823534068E-01
    0.3238747554        0.1320428938E-01   -0.3674757277E-01   -0.5825585023E-01    0.3099382894E-01
    0.3258317025        0.1549592113E-01   -0.3810966309E-01   -0.5962083399E-01    0.3368023803E-01
    0.3277886497        0.1771384516E-01   -0.3942398693E-01   -0.6088356323E-01    0.3628910393E-01
    0.3297455969        0.1985484012E-01   -0.4068714976E-01   -0.6204333361E-01    0.3881529053E-01
    0.3317025440        0.2191594787E-01   -0.4189599532E-01   -0.6309972075E-01    0.4125400317E-01
    0.3336594912        0.2389448030E-01   -0.4304761189E-01   -0.6405257602E-01    0.4360079906E-01
    0.3356164384        0.2578802183E-01   -0.4413933758E-01   -0.6490202132E-01    0.4585159606E-01
    0.3375733855        0.2759443394E-01   -0.4516876426E-01   -0.6564844294E-01    0.4800267965E-01
    0.3395303327        0.2931185524E-01   -0.4613374042E-01   -0.6629248448E-01    0.5005070837E-01
    0.3414872798        0.3093870368E-01   -0.4703237292E-01   -0.6683503901E-01    0.5199271751E-01
    0.3434442270        0.3247367425E-01   -0.4786302759E-01   -0.6727724043E-01    0.5382612121E-01
    0.3454011742        0.3391573900E-01   -0.4862432869E-01   -0.6762045407E-01    0.5554871287E-01
    0.3473581213        0.3526414248E-01   -0.4931515734E-01   -0.6786626673E-01    0.5715866411E-01
    0.3493150685        0.3651839970E-01   -0.4993464897E-01   -0.6801647597E-01    0.5865452207E-01
    0.3512720157        0.3767828942E-01   -0.5048218966E-01   -0.6807307903E-01    0.6003520527E-01
    0.3532289628        0.3874385030E-01   -0.5095741156E-01   -0.6803826110E-01    0.6129999809E-01
    0.3551859100        0.3971537218E-01   -0.5136018749E-01   -0.6791438332E-01    0.6244854376E-01
    0.3571428571        0.4059339054E-01   -0.5169062455E-01   -0.6770397032E-01    0.6348083619E-01
    0.3590998043        0.4137867613E-01   -0.5194905700E-01   -0.6740969754E-01    0.6439721047E-01
    0.3610567515        0.4207222795E-01   -0.5213603839E-01   -0.6703437828E-01    0.6519833226E-01
    0.3630136986        0.4267526134E-01   -0.5225233298E-01   -0.6658095061E-01    0.6588518613E-01
    0.3649706458        0.4318919983E-01   -0.5229890650E-01   -0.6605246417E-01    0.6645906288E-01
    0.3669275930        0.4361566196E-01   -0.5227691645E-01   -0.6545206695E-01    0.6692154598E-01
    0.3688845401        0.4395645218E-01   -0.5218770176E-01   -0.6478299201E-01    0.6727449724E-01
    0.3708414873        0.4421354670E-01   -0.5203277213E-01   -0.6404854440E-01    0.6752004171E-01
    0.3727984344        0.4438908376E-01   -0.5181379688E-01   -0.6325208808E-01    0.6766055201E-01
    0.3747553816        0.4448534868E-01   -0.5153259360E-01   -0.6239703307E-01    0.6769863205E-01
    0.3767123288        0.4450476423E-01   -0.5119111700E-01   -0.6148682349E-01    0.6763710115E-01
    0.3786692759        0.4444988037E-01   -0.5079145304E-01   -0.6052493231E-01    0.6747898483E-01
    0.3806262231        0.4432337123E-01   -0.5033581504E-01   -0.5951485870E-01    0.6722750840E-01
    0.3825831703        0.4412802023E-01   -0.4982653244E-01   -0.5846011689E-01    0.6688608083E-01
    0.3845401174        0.4386670968E-01   -0.4926603805E-01   -0.5736422367E-01    0.6645827660E-01
    0.3864970646        0.4354240458E-01   -0.4865685548E-01   -0.5623068649E-01    0.6594781765E-01
    0.3884540117        0.4315814252E-01   -0.4800158652E-01   -0.5506299187E-01    0.6535855514E-01
    0.3904109589        0.4271701732E-01   -0.4730289864E-01   -0.5386459426E-01    0.6469445133E-01
    0.3923679061        0.4222216936E-01   -0.4656351259E-01   -0.5263890544E-01    0.6395956154E-01
    0.3943248532        0.4167676945E-01   -0.4578619025E-01   -0.5138928438E-01    0.6315801635E-01
    0.3962818004        0.4108400983E-01   -0.4497372276E-01   -0.5011902765E-01    0.6229400407E-01
    0.3982387476        0.4044708836E-01   -0.4412891892E-01   -0.4883136043E-01    0.6137175363E-01
    0.4001956947        0.3976920049E-01   -0.4325459399E-01   -0.4752942812E-01    0.6039551791E-01
    0.4021526419        0.3905352395E-01   -0.4235355885E-01   -0.4621628850E-01    0.5936955762E-01
    0.4041095890        0.3830321187E-01   -0.4142860974E-01   -0.4489490458E-01    0.5829812570E-01
    0.4060665362        0.3752137811E-01   -0.4048251833E-01   -0.4356813808E-01    0.5718545250E-01
    0.4080234834        0.3671109170E-01   -0.3951802241E-01   -0.4223874351E-01    0.5603573152E-01
    0.4099804305        0.3587536291E-01   -0.3853781713E-01   -0.4090936289E-01    0.5485310603E-01
    0.4119373777        0.3501713913E-01   -0.3754454679E-01   -0.3958252120E-01    0.5364165640E-01
    0.4138943249        0.3413929172E-01   -0.3654079726E-01   -0.3826062231E-01    0.5240538830E-01
    0.4158512720        0.3324461347E-01   -0.3552908897E-01   -0.3694594568E-01    0.5114822175E-01
    0.4178082192        0.3233580622E-01   -0.3451187061E-01   -0.3564064355E-01    0.4987398105E-01
    0.4197651663        0.3141548003E-01   -0.3349151339E-01   -0.3434673885E-01    0.4858638560E-01
    0.4217221135        0.3048614145E-01   -0.3247030598E-01   -0.3306612351E-01    0.4728904165E-01
    0.4236790607        0.2955019448E-01   -0.3145045014E-01   -0.3180055754E-01    0.4598543502E-01
    0.4256360078        0.2860992940E-01   -0.3043405690E-01   -0.3055166841E-01    0.4467892454E-01
    0.4275929550        0.2766752747E-01   -0.2942314550E-01   -0.2932095311E-01    0.4337273962E-01
    0.4295499022        0.2672505903E-01   -0.2841965023E-01   -0.2810978787E-01    0.4206998939E-01
    0.4315068493        0.2578449094E-01   -0.2742542167E-01   -0.2691943177E-01    0.4077366368E-01
    0.4334637965        0.2484767490E-01   -0.2644222407E-01   -0.2575102649E-01    0.3948662844E-01
    0.4354207436        0.2391635237E-01   -0.2547173319E-01   -0.2460559617E-01    0.3821162182E-01
    0.4373776908        0.2299214279E-01   -0.2451553477E-01   -0.2348404781E-01    0.3695125103E-01
    0.4393346380        0.2207655046E-01   -0.2357512370E-01   -0.2238717200E-01    0.3570799016E-01
    0.4412915851        0.2117095261E-01   -0.2265190377E-01   -0.2131564411E-01    0.3448417897E-01
    0.4432485323        0.2027660833E-01   -0.2174718813E-01   -0.2027002579E-01    0.3328202239E-01
    0.4452054795        0.1939464617E-01   -0.2086220034E-01   -0.1925076684E-01    0.3210359108E-01
    0.4471624266        0.1852607524E-01   -0.1999807601E-01   -0.1825820731E-01    0.3095082268E-01
    0.4491193738        0.1767177189E-01   -0.1915586518E-01   -0.1729257987E-01    0.2982552398E-01
    0.4510763209        0.1683249314E-01   -0.1833653513E-01   -0.1635401241E-01    0.2872937385E-01
    0.4530332681        0.1600886187E-01   -0.1754097390E-01   -0.1544253082E-01    0.2766392694E-01
    0.4549902153        0.1520138282E-01   -0.1676999437E-01   -0.1455806181E-01    0.2663061811E-01
    0.4569471624        0.1441042561E-01   -0.1602433887E-01   -0.1370043596E-01    0.2563076768E-01
    0.4589041096        0.1363624364E-01   -0.1530468445E-01   -0.1286939073E-01    0.2466558723E-01
    0.4608610568        0.1287895399E-01   -0.1461164863E-01   -0.1206457346E-01    0.2373618620E-01
    0.4628180039        0.1213855974E-01   -0.1394579575E-01   -0.1128554442E-01    0.2284357904E-01
    0.4647749511        0.1141492561E-01   -0.1330764398E-01   -0.1053177969E-01    0.2198869311E-01
    0.4667318982        0.1070780444E-01   -0.1269767276E-01   -0.9802673987E-02    0.2117237703E-01
    0.4686888454        0.1001680695E-01   -0.1211633108E-01   -0.9097543291E-02    0.2039540982E-01
    0.4706457926        0.9341433689E-02   -0.1156404608E-01   -0.8415627248E-02    0.1965851042E-01
    0.4726027397        0.8681036426E-02   -0.1104123275E-01   -0.7756091364E-02    0.1896234804E-01
    0.4745596869        0.8034857812E-02   -0.1054830384E-01   -0.7118028825E-02    0.1830755283E-01
    0.4765166341        0.7401980748E-02   -0.1008568108E-01   -0.6500462052E-02    0.1769472743E-01
    0.4784735812        0.6781379349E-02   -0.9653806629E-02   -0.5902343753E-02    0.1712445884E-01
    0.4804305284        0.6171850499E-02   -0.9253156197E-02   -0.5322557630E-02    0.1659733128E-01
    0.4823874755        0.5572082632E-02   -0.8884252246E-02   -0.4759918458E-02    0.1611393923E-01
    0.4843444227        0.4980559231E-02   -0.8547679434E-02   -0.4213171741E-02    0.1567490192E-01
    0.4863013699        0.4395658220E-02   -0.8244099935E-02   -0.3680992567E-02    0.1528087756E-01
    0.4882583170        0.3815507262E-02   -0.7974272026E-02   -0.3161983993E-02    0.1493257986E-01
    0.4902152642        0.3238142058E-02   -0.7739067650E-02   -0.2654674390E-02    0.1463079337E-01
    0.4921722114        0.2661266609E-02   -0.7539495699E-02   -0.2157514311E-02    0.1437639304E-01
    0.4941291585        0.2082546664E-02   -0.7376721150E-02   -0.1668871962E-02    0.1417035990E-01
    0.4960861057        0.1499131577E-02   -0.7252097274E-02   -0.1187028328E-02    0.1401380654E-01
    0.4980430528        0.9083813380E-03   -0.7167179176E-02   -0.7101702138E-03    0.1390798730E-01
    0.5000000000        0.3063441974E-03   -0.7123794968E-02   -0.2363835674E-03    0.1385435265E-01
