   -0.5000000000        0.7391333937E-03   -0.3368122654E-02   -0.1515746574E-02   -0.4546114833E-02
   -0.4980430528        0.4338027318E-03   -0.3313852741E-02   -0.1041806611E-02   -0.4484169276E-02
   -0.4960861057        0.1383046934E-03   -0.3283624189E-02   -0.5727108258E-03   -0.4445533618E-02
   -0.4941291585       -0.1498637610E-03   -0.3276092109E-02   -0.1061906029E-03   -0.4429362533E-02
   -0.4921722114       -0.4325382895E-03   -0.3290238891E-02    0.3598529254E-03   -0.4435029593E-02
   -0.4902152642       -0.7116273368E-03   -0.3325145673E-02    0.8274128527E-03   -0.4461983531E-02
   -0.4882583170       -0.9887689832E-03   -0.3380076035E-02    0.1298362175E-02   -0.4509802019E-02
   -0.4863013699       -0.1265566123E-02   -0.3454398782E-02    0.1774477898E-02   -0.4578142869E-02
   -0.4843444227       -0.1543450761E-02   -0.3547614560E-02    0.2257438962E-02   -0.4666761199E-02
   -0.4823874755       -0.1823803521E-02   -0.3659313363E-02    0.2748840124E-02   -0.4775482301E-02
   -0.4804305284       -0.2107881875E-02   -0.3789185110E-02    0.3250192219E-02   -0.4904208255E-02
   -0.4784735812       -0.2396893166E-02   -0.3936991609E-02    0.3762931057E-02   -0.5052899718E-02
   -0.4765166341       -0.2691950301E-02   -0.4102570930E-02    0.4288417857E-02   -0.5221578322E-02
   -0.4745596869       -0.2994120940E-02   -0.4285817091E-02    0.4827945025E-02   -0.5410313165E-02
   -0.4726027397       -0.3304397195E-02   -0.4486681622E-02    0.5382736125E-02   -0.5619221217E-02
   -0.4706457926       -0.3623730761E-02   -0.4705157956E-02    0.5953949481E-02   -0.5848456644E-02
   -0.4686888454       -0.3953010577E-02   -0.4941281597E-02    0.6542677514E-02   -0.6098210167E-02
   -0.4667318982       -0.4293088884E-02   -0.5195117622E-02    0.7149948722E-02   -0.6368700235E-02
   -0.4647749511       -0.4644763779E-02   -0.5466760093E-02    0.7776726412E-02   -0.6660171779E-02
   -0.4628180039       -0.5008799042E-02   -0.5756321733E-02    0.8423909431E-02   -0.6972888669E-02
   -0.4608610568       -0.5385909892E-02   -0.6063932898E-02    0.9092330368E-02   -0.7307132088E-02
   -0.4589041096       -0.5776778346E-02   -0.6389732837E-02    0.9782755345E-02   -0.7663193911E-02
   -0.4569471624       -0.6182041177E-02   -0.6733868402E-02    0.1049588179E-01   -0.8041374838E-02
   -0.4549902153       -0.6602301982E-02   -0.7096486487E-02    0.1123233753E-01   -0.8441978463E-02
   -0.4530332681       -0.7038120727E-02   -0.7477732595E-02    0.1199267827E-01   -0.8865309251E-02
   -0.4510763209       -0.7490023335E-02   -0.7877744188E-02    0.1277738616E-01   -0.9311667144E-02
   -0.4491193738       -0.7958492440E-02   -0.8296649175E-02    0.1358686714E-01   -0.9781345444E-02
   -0.4471624266       -0.8443975083E-02   -0.8734560010E-02    0.1442144920E-01   -0.1027462587E-01
   -0.4452054795       -0.8946874435E-02   -0.9191572154E-02    0.1528137963E-01   -0.1079177639E-01
   -0.4432485323       -0.9467556047E-02   -0.9667758801E-02    0.1616682320E-01   -0.1133304669E-01
   -0.4412915851       -0.1000634039E-01   -0.1016316937E-01    0.1707785952E-01   -0.1189866602E-01
   -0.4393346380       -0.1056350800E-01   -0.1067782480E-01    0.1801448119E-01   -0.1248883899E-01
   -0.4373776908       -0.1113929273E-01   -0.1121171610E-01    0.1897659136E-01   -0.1310374353E-01
   -0.4354207436       -0.1173388613E-01   -0.1176480019E-01    0.1996400215E-01   -0.1374352703E-01
   -0.4334637965       -0.1234743129E-01   -0.1233699858E-01    0.2097643253E-01   -0.1440830442E-01
   -0.4315068493       -0.1298002666E-01   -0.1292819367E-01    0.2201350699E-01   -0.1509815472E-01
   -0.4295499022       -0.1363172060E-01   -0.1353822767E-01    0.2307475392E-01   -0.1581311926E-01
   -0.4275929550       -0.1430251469E-01   -0.1416689942E-01    0.2415960482E-01   -0.1655319864E-01
   -0.4256360078       -0.1499235900E-01   -0.1481396348E-01    0.2526739312E-01   -0.1731835120E-01
   -0.4236790607       -0.1570115500E-01   -0.1547912737E-01    0.2639735383E-01   -0.1810849031E-01
   -0.4217221135       -0.1642874916E-01   -0.1616204867E-01    0.2754861912E-01   -0.1892348039E-01
   -0.4197651663       -0.1717493019E-01   -0.1686232732E-01    0.2872020935E-01   -0.1976312832E-01
   -0.4178082192       -0.1793942340E-01   -0.1757950326E-01    0.2991102983E-01   -0.2062718005E-01
   -0.4158512720       -0.1872189237E-01   -0.1831305357E-01    0.3111986999E-01   -0.2151531747E-01
   -0.4138943249       -0.1952193480E-01   -0.1906239142E-01    0.3234540257E-01   -0.2242715643E-01
   -0.4119373777       -0.2033908425E-01   -0.1982686367E-01    0.3358618347E-01   -0.2336224402E-01
   -0.4099804305       -0.2117280645E-01   -0.2060575010E-01    0.3484065175E-01   -0.2432005684E-01
   -0.4080234834       -0.2202250120E-01   -0.2139826152E-01    0.3610713032E-01   -0.2529999872E-01
   -0.4060665362       -0.2288749934E-01   -0.2220353945E-01    0.3738382682E-01   -0.2630139946E-01
   -0.4041095890       -0.2376706472E-01   -0.2302065470E-01    0.3866883522E-01   -0.2732351290E-01
   -0.4021526419       -0.2466039191E-01   -0.2384860754E-01    0.3996013766E-01   -0.2836551621E-01
   -0.4001956947       -0.2556660842E-01   -0.2468632687E-01    0.4125560709E-01   -0.2942650848E-01
   -0.3982387476       -0.2648477303E-01   -0.2553267083E-01    0.4255301003E-01   -0.3050551048E-01
   -0.3962818004       -0.2741387846E-01   -0.2638642664E-01    0.4385001027E-01   -0.3160146389E-01
   -0.3943248532       -0.2835285030E-01   -0.2724631174E-01    0.4514417276E-01   -0.3271323160E-01
   -0.3923679061       -0.2930055008E-01   -0.2811097424E-01    0.4643296827E-01   -0.3383959758E-01
   -0.3904109589       -0.3025577500E-01   -0.2897899464E-01    0.4771377837E-01   -0.3497926774E-01
   -0.3884540117       -0.3121726137E-01   -0.2984888698E-01    0.4898390113E-01   -0.3613087058E-01
   -0.3864970646       -0.3218368508E-01   -0.3071910110E-01    0.5024055723E-01   -0.3729295861E-01
   -0.3845401174       -0.3315366552E-01   -0.3158802445E-01    0.5148089661E-01   -0.3846400967E-01
   -0.3825831703       -0.3412576677E-01   -0.3245398501E-01    0.5270200558E-01   -0.3964242912E-01
   -0.3806262231       -0.3509850204E-01   -0.3331525369E-01    0.5390091454E-01   -0.4082655180E-01
   -0.3786692759       -0.3607033547E-01   -0.3417004789E-01    0.5507460597E-01   -0.4201464489E-01
   -0.3767123288       -0.3703968718E-01   -0.3501653453E-01    0.5622002305E-01   -0.4320491061E-01
   -0.3747553816       -0.3800493574E-01   -0.3585283421E-01    0.5733407863E-01   -0.4439548984E-01
   -0.3727984344       -0.3896442283E-01   -0.3667702408E-01    0.5841366330E-01   -0.4558446445E-01
   -0.3708414873       -0.3991644991E-01   -0.3748713645E-01    0.5945564550E-01   -0.4676985409E-01
   -0.3688845401       -0.4085927907E-01   -0.3828115829E-01    0.6045687422E-01   -0.4794961419E-01
   -0.3669275930       -0.4179113540E-01   -0.3905703522E-01    0.6141418765E-01   -0.4912163921E-01
   -0.3649706458       -0.4271021253E-01   -0.3981267564E-01    0.6232442307E-01   -0.5028376634E-01
   -0.3630136986       -0.4361467605E-01   -0.4054595566E-01    0.6318442683E-01   -0.5143377983E-01
   -0.3610567515       -0.4450266944E-01   -0.4125472373E-01    0.6399106475E-01   -0.5256941530E-01
   -0.3590998043       -0.4537231802E-01   -0.4193680607E-01    0.6474123262E-01   -0.5368836468E-01
   -0.3571428571       -0.4622173524E-01   -0.4259001176E-01    0.6543186705E-01   -0.5478828112E-01
   -0.3551859100       -0.4704902715E-01   -0.4321213869E-01    0.6605995637E-01   -0.5586678454E-01
   -0.3532289628       -0.4785229900E-01   -0.4380097901E-01    0.6662255173E-01   -0.5692146707E-01
   -0.3512720157       -0.4862966013E-01   -0.4435432547E-01    0.6711677820E-01   -0.5794989911E-01
   -0.3493150685       -0.4937923083E-01   -0.4486997726E-01    0.6753984603E-01   -0.5894963530E-01
   -0.3473581213       -0.5009914756E-01   -0.4534574659E-01    0.6788906174E-01   -0.5991822102E-01
   -0.3454011742       -0.5078757001E-01   -0.4577946488E-01    0.6816183928E-01   -0.6085319880E-01
   -0.3434442270       -0.5144268655E-01   -0.4616898948E-01    0.6835571097E-01   -0.6175211517E-01
   -0.3414872798       -0.5206272139E-01   -0.4651221005E-01    0.6846833841E-01   -0.6261252744E-01
   -0.3395303327       -0.5264594019E-01   -0.4680705543E-01    0.6849752301E-01   -0.6343201083E-01
   -0.3375733855       -0.5319065719E-01   -0.4705150008E-01    0.6844121641E-01   -0.6420816547E-01
   -0.3356164384       -0.5369524091E-01   -0.4724357092E-01    0.6829753049E-01   -0.6493862376E-01
   -0.3336594912       -0.5415812115E-01   -0.4738135375E-01    0.6806474702E-01   -0.6562105748E-01
   -0.3317025440       -0.5457779462E-01   -0.4746300002E-01    0.6774132698E-01   -0.6625318524E-01
   -0.3297455969       -0.5495283175E-01   -0.4748673306E-01    0.6732591927E-01   -0.6683277958E-01
   -0.3277886497       -0.5528188213E-01   -0.4745085464E-01    0.6681736903E-01   -0.6735767444E-01
   -0.3258317025       -0.5556368102E-01   -0.4735375095E-01    0.6621472534E-01   -0.6782577213E-01
   -0.3238747554       -0.5579705436E-01   -0.4719389868E-01    0.6551724819E-01   -0.6823505048E-01
   -0.3219178082       -0.5598092205E-01   -0.4696986828E-01    0.6472441153E-01   -0.6858356610E-01
   -0.3199608611       -0.5611429474E-01   -0.4668032303E-01    0.6383589987E-01   -0.6886945136E-01
   -0.3180039139       -0.5619627731E-01   -0.4632402265E-01    0.6285161140E-01   -0.6909091817E-01
   -0.3160469667       -0.5622607306E-01   -0.4589982881E-01    0.6177166315E-01   -0.6924626444E-01
   -0.3140900196       -0.5620298880E-01   -0.4540671001E-01    0.6059639539E-01   -0.6933388010E-01
   -0.3121330724       -0.5612643855E-01   -0.4484374669E-01    0.5932637543E-01   -0.6935225335E-01
   -0.3101761252       -0.5599594817E-01   -0.4421013566E-01    0.5796240075E-01   -0.6929997631E-01
   -0.3082191781       -0.5581115850E-01   -0.4350519460E-01    0.5650550132E-01   -0.6917575086E-01
   -0.3062622309       -0.5557182938E-01   -0.4272836601E-01    0.5495694131E-01   -0.6897839388E-01
   -0.3043052838       -0.5527784218E-01   -0.4187922106E-01    0.5331821992E-01   -0.6870684261E-01
   -0.3023483366       -0.5492920319E-01   -0.4095746286E-01    0.5159107149E-01   -0.6836015935E-01
   -0.3003913894       -0.5452604543E-01   -0.3996292968E-01    0.4977746481E-01   -0.6793753622E-01
   -0.2984344423       -0.5406863125E-01   -0.3889559745E-01    0.4787960164E-01   -0.6743829929E-01
   -0.2964774951       -0.5355735349E-01   -0.3775558223E-01    0.4589991439E-01   -0.6686191259E-01
   -0.2945205479       -0.5299273727E-01   -0.3654314196E-01    0.4384106299E-01   -0.6620798164E-01
   -0.2925636008       -0.5237544028E-01   -0.3525867807E-01    0.4170593099E-01   -0.6547625669E-01
   -0.2906066536       -0.5170625380E-01   -0.3390273638E-01    0.3949762078E-01   -0.6466663541E-01
   -0.2886497065       -0.5098610217E-01   -0.3247600790E-01    0.3721944808E-01   -0.6377916538E-01
   -0.2866927593       -0.5021604287E-01   -0.3097932885E-01    0.3487493558E-01   -0.6281404597E-01
   -0.2847358121       -0.4939726519E-01   -0.2941368049E-01    0.3246780581E-01   -0.6177162989E-01
   -0.2827788650       -0.4853108944E-01   -0.2778018830E-01    0.3000197327E-01   -0.6065242421E-01
   -0.2808219178       -0.4761896469E-01   -0.2608012090E-01    0.2748153582E-01   -0.5945709106E-01
   -0.2788649706       -0.4666246713E-01   -0.2431488827E-01    0.2491076530E-01   -0.5818644762E-01
   -0.2769080235       -0.4566329695E-01   -0.2248603977E-01    0.2229409755E-01   -0.5684146593E-01
   -0.2749510763       -0.4462327583E-01   -0.2059526146E-01    0.1963612171E-01   -0.5542327201E-01
   -0.2729941292       -0.4354434258E-01   -0.1864437302E-01    0.1694156874E-01   -0.5393314412E-01
   -0.2710371820       -0.4242854597E-01   -0.1663532277E-01    0.1421529827E-01   -0.5237250659E-01
   -0.2690802348       -0.4127803698E-01   -0.1457018320E-01    0.1146228578E-01   -0.5074292411E-01
   -0.2671232877       -0.4009506468E-01   -0.1245114752E-01    0.8687610958E-02   -0.4904609934E-01
   -0.2651663405       -0.3888197154E-01   -0.1028052629E-01    0.5896445780E-02   -0.4728387080E-01
   -0.2632093933       -0.3764118906E-01   -0.8060743388E-02    0.3094042182E-02   -0.4545821015E-01
   -0.2612524462       -0.3637523235E-01   -0.5794332001E-02    0.2857193804E-03   -0.4357121931E-01
   -0.2592954990       -0.3508669520E-01   -0.3483929946E-02   -0.2523149104E-02   -0.4162512695E-01
   -0.2573385519       -0.3377824401E-01   -0.1132274983E-02   -0.5327148744E-02   -0.3962228490E-01
   -0.2553816047       -0.3245261233E-01    0.1257800425E-02   -0.8120837483E-02   -0.3756516390E-01
   -0.2534246575       -0.3111259427E-01    0.3683374407E-02   -0.1089875946E-01   -0.3545634929E-01
   -0.2514677104       -0.2976103849E-01    0.6141441463E-02   -0.1365545880E-01   -0.3329853608E-01
   -0.2495107632       -0.2840084120E-01    0.8628918288E-02   -0.1638549362E-01   -0.3109452397E-01
   -0.2475538160       -0.2703493971E-01    0.1114265003E-01   -0.1908344992E-01   -0.2884721180E-01
   -0.2455968689       -0.2566630502E-01    0.1367941657E-01   -0.2174395568E-01   -0.2655959193E-01
   -0.2436399217       -0.2429793508E-01    0.1623593921E-01   -0.2436169468E-01   -0.2423474412E-01
   -0.2416829746       -0.2293284706E-01    0.1880888729E-01   -0.2693142045E-01   -0.2187582938E-01
   -0.2397260274       -0.2157407035E-01    0.2139488524E-01   -0.2944796994E-01   -0.1948608333E-01
   -0.2377690802       -0.2022463864E-01    0.2399051951E-01   -0.3190627703E-01   -0.1706880955E-01
   -0.2358121331       -0.1888758275E-01    0.2659234584E-01   -0.3430138583E-01   -0.1462737254E-01
   -0.2338551859       -0.1756592263E-01    0.2919689641E-01   -0.3662846367E-01   -0.1216519065E-01
   -0.2318982387       -0.1626266010E-01    0.3180068726E-01   -0.3888281381E-01   -0.9685728708E-02
   -0.2299412916       -0.1498077087E-01    0.3440022561E-01   -0.4105988771E-01   -0.7192490612E-02
   -0.2279843444       -0.1372319729E-01    0.3699201731E-01   -0.4315529695E-01   -0.4689011717E-02
   -0.2260273973       -0.1249284048E-01    0.3957257417E-01   -0.4516482464E-01   -0.2178851203E-02
   -0.2240704501       -0.1129255323E-01    0.4213842141E-01   -0.4708443637E-01    0.3344157281E-03
   -0.2221135029       -0.1012513213E-01    0.4468610408E-01   -0.4891028951E-01    0.2847205555E-02
   -0.2201565558       -0.8993310265E-02    0.4721219116E-01   -0.5063873911E-01    0.5355933926E-02
   -0.2181996086       -0.7899750019E-02    0.4971328092E-01   -0.5226634536E-01    0.7857022556E-02
   -0.2162426614       -0.6847036908E-02    0.5218600727E-01   -0.5378988156E-01    0.1034690614E-01
   -0.2142857143       -0.5837672959E-02    0.5462704571E-01   -0.5520634167E-01    0.1282203913E-01
   -0.2123287671       -0.4874070910E-02    0.5703311947E-01   -0.5651294714E-01    0.1527890255E-01
   -0.2103718200       -0.3958547977E-02    0.5940100524E-01   -0.5770715321E-01    0.1771401066E-01
   -0.2084148728       -0.3093320478E-02    0.6172753899E-01   -0.5878665453E-01    0.2012391762E-01
   -0.2064579256       -0.2280498067E-02    0.6400962142E-01   -0.5974939020E-01    0.2250522398E-01
   -0.2045009785       -0.1522078845E-02    0.6624422340E-01   -0.6059354810E-01    0.2485458310E-01
   -0.2025440313       -0.8199441287E-03    0.6842839106E-01   -0.6131756857E-01    0.2716870740E-01
   -0.2005870841       -0.1758541060E-03    0.7055925082E-01   -0.6192014740E-01    0.2944437447E-01
   -0.1986301370        0.4085567987E-03    0.7263401408E-01   -0.6240023815E-01    0.3167843304E-01
   -0.1966731898        0.9317836641E-03    0.7464998178E-01   -0.6275705377E-01    0.3386780869E-01
   -0.1947162427        0.1392455068E-02    0.7660454863E-01   -0.6299006751E-01    0.3600950946E-01
   -0.1927592955        0.1789336171E-02    0.7849520717E-01   -0.6309901319E-01    0.3810063118E-01
   -0.1908023483        0.2121332026E-02    0.8031955152E-01   -0.6308388472E-01    0.4013836256E-01
   -0.1888454012        0.2387489970E-02    0.8207528090E-01   -0.6294493494E-01    0.4211999014E-01
   -0.1868884540        0.2587002213E-02    0.8376020283E-01   -0.6268267384E-01    0.4404290289E-01
   -0.1849315068        0.2719207501E-02    0.8537223612E-01   -0.6229786599E-01    0.4590459658E-01
   -0.1829745597        0.2783592964E-02    0.8690941350E-01   -0.6179152747E-01    0.4770267787E-01
   -0.1810176125        0.2779795024E-02    0.8836988405E-01   -0.6116492199E-01    0.4943486819E-01
   -0.1790606654        0.2707600479E-02    0.8975191523E-01   -0.6041955648E-01    0.5109900722E-01
   -0.1771037182        0.2566946657E-02    0.9105389472E-01   -0.5955717603E-01    0.5269305615E-01
   -0.1751467710        0.2357921722E-02    0.9227433193E-01   -0.5857975828E-01    0.5421510061E-01
   -0.1731898239        0.2080764032E-02    0.9341185889E-01   -0.5748950689E-01    0.5566335309E-01
   -0.1712328767        0.1735861364E-02    0.9446522754E-01   -0.5628884252E-01    0.5703615296E-01
   -0.1692759295        0.1323749219E-02    0.9543330600E-01   -0.5498039289E-01    0.5833196549E-01
   -0.1673189824        0.8451096510E-03    0.9631507800E-01   -0.5356698495E-01    0.5954938279E-01
   -0.1653620352        0.3007693214E-03    0.9710964293E-01   -0.5205163720E-01    0.6068712489E-01
   -0.1634050881       -0.3083022685E-03    0.9781621532E-01   -0.5043755145E-01    0.6174404052E-01
   -0.1614481409       -0.9809953652E-03    0.9843412442E-01   -0.4872810431E-01    0.6271910758E-01
   -0.1594911937       -0.1716062356E-02    0.9896281332E-01   -0.4692683834E-01    0.6361143341E-01
   -0.1575342466       -0.2512120968E-02    0.9940183803E-01   -0.4503745287E-01    0.6442025477E-01
   -0.1555772994       -0.3367657260E-02    0.9975086624E-01   -0.4306379459E-01    0.6514493754E-01
   -0.1536203523       -0.4281029400E-02    0.1000096760       -0.4100984787E-01    0.6578497621E-01
   -0.1516634051       -0.5250471229E-02    0.1001781542       -0.3887972485E-01    0.6633999306E-01
   -0.1497064579       -0.6274096579E-02    0.1002562949       -0.3667765536E-01    0.6680973717E-01
   -0.1477495108       -0.7349903363E-02    0.1002441970       -0.3440797668E-01    0.6719408311E-01
   -0.1457925636       -0.8475778401E-02    0.1001420630       -0.3207512316E-01    0.6749302945E-01
   -0.1438356164       -0.9649501997E-02    0.9995019622E-01   -0.2968361573E-01    0.6770669703E-01
   -0.1418786693       -0.1086875322E-01    0.9966899861E-01   -0.2723805137E-01    0.6783532698E-01
   -0.1399217221       -0.1213111491E-01    0.9929896841E-01   -0.2474309246E-01    0.6787927854E-01
   -0.1379647750       -0.1343407939E-01    0.9884069755E-01   -0.2220345623E-01    0.6783902673E-01
   -0.1360078278       -0.1477505386E-01    0.9829486897E-01   -0.1962390410E-01    0.6771515970E-01
   -0.1340508806       -0.1615136644E-01    0.9766225391E-01   -0.1700923112E-01    0.6750837601E-01
   -0.1320939335       -0.1756027191E-01    0.9694370903E-01   -0.1436425550E-01    0.6721948162E-01
   -0.1301369863       -0.1899895807E-01    0.9614017352E-01   -0.1169380815E-01    0.6684938685E-01
   -0.1281800391       -0.2046455176E-01    0.9525266611E-01   -0.9002722450E-02    0.6639910298E-01
   -0.1262230920       -0.2195412544E-01    0.9428228207E-01   -0.6295824036E-02    0.6586973890E-01
   -0.1242661448       -0.2346470344E-01    0.9323019009E-01   -0.3577920884E-02    0.6526249744E-01
   -0.1223091977       -0.2499326864E-01    0.9209762854E-01   -0.8537934694E-03    0.6457867115E-01
   -0.1203522505       -0.2653676832E-01    0.9088589932E-01    0.1871814737E-02    0.6381963587E-01
   -0.1183953033       -0.2809212065E-01    0.8959636381E-01    0.4594206206E-02    0.6298684597E-01
   -0.1164383562       -0.2965622092E-01    0.8823043982E-01    0.7308737881E-02    0.6208183034E-01
   -0.1144814090       -0.3122594819E-01    0.8678959883E-01    0.1001082947E-01    0.6110618849E-01
   -0.1125244618       -0.3279817159E-01    0.8527536305E-01    0.1269597139E-01    0.6006158651E-01
   -0.1105675147       -0.3436975700E-01    0.8368930277E-01    0.1535973247E-01    0.5894975302E-01
   -0.1086105675       -0.3593757329E-01    0.8203303354E-01    0.1799776725E-01    0.5777247508E-01
   -0.1066536204       -0.3749849896E-01    0.8030821359E-01    0.2060582305E-01    0.5653159409E-01
   -0.1046966732       -0.3904942836E-01    0.7851654114E-01    0.2317974655E-01    0.5522900163E-01
   -0.1027397260       -0.4058727821E-01    0.7665975199E-01    0.2571549017E-01    0.5386663539E-01
   -0.1007827789       -0.4210899369E-01    0.7473961697E-01    0.2820911792E-01    0.5244647493E-01
   -0.9882583170E-01   -0.4361155487E-01    0.7275793963E-01    0.3065681097E-01    0.5097053763E-01
   -0.9686888454E-01   -0.4509198260E-01    0.7071655394E-01    0.3305487279E-01    0.4944087453E-01
   -0.9491193738E-01   -0.4654734478E-01    0.6861732212E-01    0.3539973390E-01    0.4785956630E-01
   -0.9295499022E-01   -0.4797476206E-01    0.6646213246E-01    0.3768795613E-01    0.4622871910E-01
   -0.9099804305E-01   -0.4937141387E-01    0.6425289742E-01    0.3991623659E-01    0.4455046066E-01
   -0.8904109589E-01   -0.5073454388E-01    0.6199155160E-01    0.4208141102E-01    0.4282693625E-01
   -0.8708414873E-01   -0.5206146575E-01    0.5968005002E-01    0.4418045687E-01    0.4106030485E-01
   -0.8512720157E-01   -0.5334956834E-01    0.5732036631E-01    0.4621049578E-01    0.3925273523E-01
   -0.8317025440E-01   -0.5459632116E-01    0.5491449118E-01    0.4816879560E-01    0.3740640230E-01
   -0.8121330724E-01   -0.5579927920E-01    0.5246443077E-01    0.5005277200E-01    0.3552348337E-01
   -0.7925636008E-01   -0.5695608811E-01    0.4997220538E-01    0.5185998938E-01    0.3360615462E-01
   -0.7729941292E-01   -0.5806448865E-01    0.4743984796E-01    0.5358816142E-01    0.3165658765E-01
   -0.7534246575E-01   -0.5912232150E-01    0.4486940303E-01    0.5523515087E-01    0.2967694616E-01
   -0.7338551859E-01   -0.6012753127E-01    0.4226292542E-01    0.5679896875E-01    0.2766938274E-01
   -0.7142857143E-01   -0.6107817026E-01    0.3962247892E-01    0.5827777194E-01    0.2563603543E-01
   -0.6947162427E-01   -0.6197240105E-01    0.3695013496E-01    0.5966985942E-01    0.2357902437E-01
   -0.6751467710E-01   -0.6280850011E-01    0.3424797198E-01    0.6097366888E-01    0.2150044943E-01
   -0.6555772994E-01   -0.6358486092E-01    0.3151807491E-01    0.6218777269E-01    0.1940238823E-01
   -0.6360078278E-01   -0.6429999727E-01    0.2876253488E-01    0.6331087291E-01    0.1728689456E-01
   -0.6164383562E-01   -0.6495254594E-01    0.2598344879E-01    0.6434179529E-01    0.1515599719E-01
   -0.5968688845E-01   -0.6554126956E-01    0.2318291913E-01    0.6527948221E-01    0.1301169924E-01
   -0.5772994129E-01   -0.6606505884E-01    0.2036305377E-01    0.6612298443E-01    0.1085597823E-01
   -0.5577299413E-01   -0.6652293498E-01    0.1752596585E-01    0.6687145200E-01    0.8690786901E-02
   -0.5381604697E-01   -0.6691405142E-01    0.1467377364E-01    0.6752412433E-01    0.6518055007E-02
   -0.5185909980E-01   -0.6723769579E-01    0.1180860058E-01    0.6808032007E-01    0.4339692206E-02
   -0.4990215264E-01   -0.6749329115E-01    0.8932575207E-02    0.6853942751E-01    0.2157592050E-02
   -0.4794520548E-01   -0.6768039751E-01    0.6047831198E-02    0.6890089633E-01   -0.2636288468E-04
   -0.4598825832E-01   -0.6779871256E-01    0.3156507403E-02    0.6916423191E-01   -0.2210295051E-02
   -0.4403131115E-01   -0.6784807264E-01    0.2607479221E-03    0.6932899278E-01   -0.4392325424E-02
   -0.4207436399E-01   -0.6782845308E-01   -0.2637297882E-02    0.6939479177E-01   -0.6570567016E-02
   -0.4011741683E-01   -0.6773996860E-01   -0.5535475280E-02    0.6936130062E-01   -0.8743118786E-02
   -0.3816046967E-01   -0.6758287316E-01   -0.8431624184E-02    0.6922825742E-01   -0.1090806044E-01
   -0.3620352250E-01   -0.6735755986E-01   -0.1132357907E-01    0.6899547592E-01   -0.1306344824E-01
   -0.3424657534E-01   -0.6706456030E-01   -0.1420916904E-01    0.6866285593E-01   -0.1520731204E-01
   -0.3228962818E-01   -0.6670454398E-01   -0.1708621780E-01    0.6823039379E-01   -0.1733765330E-01
   -0.3033268102E-01   -0.6627831711E-01   -0.1995254378E-01    0.6769819252E-01   -0.1945244422E-01
   -0.2837573386E-01   -0.6578682154E-01   -0.2280596022E-01    0.6706647136E-01   -0.2154962758E-01
   -0.2641878669E-01   -0.6523113309E-01   -0.2564427540E-01    0.6633557431E-01   -0.2362711737E-01
   -0.2446183953E-01   -0.6461245995E-01   -0.2846529287E-01    0.6550597785E-01   -0.2568279987E-01
   -0.2250489237E-01   -0.6393214039E-01   -0.3126681164E-01    0.6457829773E-01   -0.2771453533E-01
   -0.2054794521E-01   -0.6319164015E-01   -0.3404662605E-01    0.6355329490E-01   -0.2972015985E-01
   -0.1859099804E-01   -0.6239254941E-01   -0.3680252592E-01    0.6243188065E-01   -0.3169748771E-01
   -0.1663405088E-01   -0.6153658021E-01   -0.3953229702E-01    0.6121512112E-01   -0.3364431394E-01
   -0.1467710372E-01   -0.6062556316E-01   -0.4223372174E-01    0.5990424115E-01   -0.3555841707E-01
   -0.1272015656E-01   -0.5966144445E-01   -0.4490457975E-01    0.5850062745E-01   -0.3743756219E-01
   -0.1076320939E-01   -0.5864628212E-01   -0.4754264889E-01    0.5700583124E-01   -0.3927950410E-01
   -0.8806262231E-02   -0.5758224255E-01   -0.5014570610E-01    0.5542157035E-01   -0.4108199062E-01
   -0.6849315068E-02   -0.5647159636E-01   -0.5271152852E-01    0.5374973074E-01   -0.4284276614E-01
   -0.4892367906E-02   -0.5531671446E-01   -0.5523789464E-01    0.5199236758E-01   -0.4455957520E-01
   -0.2935420744E-02   -0.5412006345E-01   -0.5772258572E-01    0.5015170580E-01   -0.4623016624E-01
   -0.9784735812E-03   -0.5288420135E-01   -0.6016338718E-01    0.4823014016E-01   -0.4785229549E-01
    0.9784735812E-03   -0.5161177255E-01   -0.6255809025E-01    0.4623023490E-01   -0.4942373096E-01
    0.2935420744E-02   -0.5030550311E-01   -0.6490449370E-01    0.4415472283E-01   -0.5094225646E-01
    0.4892367906E-02   -0.4896819542E-01   -0.6720040572E-01    0.4200650404E-01   -0.5240567585E-01
    0.6849315068E-02   -0.4760272307E-01   -0.6944364594E-01    0.3978864412E-01   -0.5381181725E-01
    0.8806262231E-02   -0.4621202514E-01   -0.7163204759E-01    0.3750437188E-01   -0.5515853741E-01
    0.1076320939E-01   -0.4479910078E-01   -0.7376345981E-01    0.3515707668E-01   -0.5644372609E-01
    0.1272015656E-01   -0.4336700315E-01   -0.7583575011E-01    0.3275030524E-01   -0.5766531060E-01
    0.1467710372E-01   -0.4191883369E-01   -0.7784680689E-01    0.3028775804E-01   -0.5882126024E-01
    0.1663405088E-01   -0.4045773577E-01   -0.7979454226E-01    0.2777328521E-01   -0.5990959099E-01
    0.1859099804E-01   -0.3898688867E-01   -0.8167689479E-01    0.2521088201E-01   -0.6092837004E-01
    0.2054794521E-01   -0.3750950100E-01   -0.8349183256E-01    0.2260468385E-01   -0.6187572052E-01
    0.2250489237E-01   -0.3602880444E-01   -0.8523735624E-01    0.1995896081E-01   -0.6274982610E-01
    0.2446183953E-01   -0.3454804690E-01   -0.8691150234E-01    0.1727811179E-01   -0.6354893576E-01
    0.2641878669E-01   -0.3307048610E-01   -0.8851234654E-01    0.1456665819E-01   -0.6427136844E-01
    0.2837573386E-01   -0.3159938239E-01   -0.9003800738E-01    0.1182923719E-01   -0.6491551815E-01
    0.3033268102E-01   -0.3013799176E-01   -0.9148665012E-01    0.9070594661E-02   -0.6547985936E-01
    0.3228962818E-01   -0.2868955860E-01   -0.9285649059E-01    0.6295577404E-02   -0.6596295181E-01
    0.3424657534E-01   -0.2725730890E-01   -0.9414579899E-01    0.3509124987E-02   -0.6636344518E-01
    0.3620352250E-01   -0.2584444297E-01   -0.9535290385E-01    0.7162611148E-03   -0.6668008361E-01
    0.3816046967E-01   -0.2445412861E-01   -0.9647619597E-01   -0.2077915349E-02   -0.6691171019E-01
    0.4011741683E-01   -0.2308949378E-01   -0.9751413248E-01   -0.4868239760E-02   -0.6705727143E-01
    0.4207436399E-01   -0.2175361980E-01   -0.9846524090E-01   -0.7649491412E-02   -0.6711582152E-01
    0.4403131115E-01   -0.2044953410E-01   -0.9932812327E-01   -0.1041640363E-01   -0.6708652656E-01
    0.4598825832E-01   -0.1918020341E-01   -0.1001014603       -0.1316367416E-01   -0.6696866866E-01
    0.4794520548E-01   -0.1794852664E-01   -0.1007840155       -0.1588597591E-01   -0.6676164990E-01
    0.4990215264E-01   -0.1675732821E-01   -0.1013746393       -0.1857796791E-01   -0.6646499612E-01
    0.5185909980E-01   -0.1560935105E-01   -0.1018722735       -0.2123430662E-01   -0.6607836062E-01
    0.5381604697E-01   -0.1450725013E-01   -0.1022759547       -0.2384965745E-01   -0.6560152763E-01
    0.5577299413E-01   -0.1345358568E-01   -0.1025848191       -0.2641870646E-01   -0.6503441566E-01
    0.5772994129E-01   -0.1245081695E-01   -0.1027981062       -0.2893617232E-01   -0.6437708056E-01
    0.5968688845E-01   -0.1150129572E-01   -0.1029151627       -0.3139681843E-01   -0.6362971851E-01
    0.6164383562E-01   -0.1060726035E-01   -0.1029354465       -0.3379546510E-01   -0.6279266868E-01
    0.6360078278E-01   -0.9770829607E-02   -0.1028585305       -0.3612700199E-01   -0.6186641574E-01
    0.6555772994E-01   -0.8993997130E-02   -0.1026841062       -0.3838640048E-01   -0.6085159208E-01
    0.6751467710E-01   -0.8278625633E-02   -0.1024119871       -0.4056872620E-01   -0.5974897980E-01
    0.6947162427E-01   -0.7626441770E-02   -0.1020421125       -0.4266915157E-01   -0.5855951247E-01
    0.7142857143E-01   -0.7039030828E-02   -0.1015745504       -0.4468296824E-01   -0.5728427653E-01
    0.7338551859E-01   -0.6517832065E-02   -0.1010095008       -0.4660559964E-01   -0.5592451256E-01
    0.7534246575E-01   -0.6064133924E-02   -0.1003472985       -0.4843261329E-01   -0.5448161606E-01
    0.7729941292E-01   -0.5679069851E-02   -0.9958841595E-01   -0.5015973333E-01   -0.5295713832E-01
    0.7925636008E-01   -0.5363613644E-02   -0.9873346812E-01   -0.5178285395E-01   -0.5135278803E-01
    0.8121330724E-01   -0.5118575667E-02   -0.9778321565E-01   -0.5329805235E-01   -0.4967043197E-01
    0.8317025440E-01   -0.4944599246E-02   -0.9673856703E-01   -0.5470160076E-01   -0.4791209442E-01
    0.8512720157E-01   -0.4842157853E-02   -0.9560058014E-01   -0.5598997805E-01   -0.4607995622E-01
    0.8708414873E-01   -0.4811552252E-02   -0.9437046366E-01   -0.5715988110E-01   -0.4417635344E-01
    0.8904109589E-01   -0.4852908434E-02   -0.9304957802E-01   -0.5820823569E-01   -0.4220377560E-01
    0.9099804305E-01   -0.4966175538E-02   -0.9163943622E-01   -0.5913220714E-01   -0.4016486368E-01
    0.9295499022E-01   -0.5151124587E-02   -0.9014170408E-01   -0.5992921035E-01   -0.3806240758E-01
    0.9491193738E-01   -0.5407347218E-02   -0.8855820042E-01   -0.6059691947E-01   -0.3589934333E-01
    0.9686888454E-01   -0.5734255257E-02   -0.8689089662E-01   -0.6113327703E-01   -0.3367874988E-01
    0.9882583170E-01   -0.6131080291E-02   -0.8514191607E-01   -0.6153650252E-01   -0.3140384549E-01
    0.1007827789       -0.6596874109E-02   -0.8331353305E-01   -0.6180510036E-01   -0.2907798377E-01
    0.1027397260       -0.7130509151E-02   -0.8140817142E-01   -0.6193786734E-01   -0.2670464936E-01
    0.1046966732       -0.7730679830E-02   -0.7942840276E-01   -0.6193389932E-01   -0.2428745318E-01
    0.1066536204       -0.8395903871E-02   -0.7737694426E-01   -0.6179259731E-01   -0.2183012738E-01
    0.1086105675       -0.9124524534E-02   -0.7525665617E-01   -0.6151367283E-01   -0.1933651987E-01
    0.1105675147       -0.9914712853E-02   -0.7307053886E-01   -0.6109715252E-01   -0.1681058853E-01
    0.1125244618       -0.1076447076E-01   -0.7082172950E-01   -0.6054338206E-01   -0.1425639505E-01
    0.1144814090       -0.1167163422E-01   -0.6851349839E-01   -0.5985302921E-01   -0.1167809844E-01
    0.1164383562       -0.1263387727E-01   -0.6614924478E-01   -0.5902708609E-01   -0.9079948194E-02
    0.1183953033       -0.1364871600E-01   -0.6373249248E-01   -0.5806687071E-01   -0.6466277136E-02
    0.1203522505       -0.1471351353E-01   -0.6126688492E-01   -0.5697402750E-01   -0.3841493956E-02
    0.1223091977       -0.1582548484E-01   -0.5875617995E-01   -0.5575052714E-01   -0.1210075456E-02
    0.1242661448       -0.1698170257E-01   -0.5620424418E-01   -0.5439866541E-01    0.1423441528E-02
    0.1262230920       -0.1817910275E-01   -0.5361504710E-01   -0.5292106127E-01    0.4054468416E-02
    0.1281800391       -0.1941449155E-01   -0.5099265529E-01   -0.5132065473E-01    0.6678373588E-02
    0.1301369863       -0.2068455237E-01   -0.4834122733E-01   -0.4960070495E-01    0.9290491535E-02
    0.1320939335       -0.2198585352E-01   -0.4566500669E-01   -0.4776478572E-01    0.1188613243E-01
    0.1340508806       -0.2331485575E-01   -0.4296831393E-01   -0.4581677948E-01    0.1446059183E-01
    0.1360078278       -0.2466792070E-01   -0.4025553848E-01   -0.4376087041E-01    0.1700916060E-01
    0.1379647750       -0.2604131906E-01   -0.3753113030E-01   -0.4160153661E-01    0.1952713494E-01
    0.1399217221       -0.2743123969E-01   -0.3479959103E-01   -0.3934354133E-01    0.2200982662E-01
    0.1418786693       -0.2883379850E-01   -0.3206546508E-01   -0.3699192329E-01    0.2445257320E-01
    0.1438356164       -0.3024504804E-01   -0.2933333031E-01   -0.3455198608E-01    0.2685074843E-01
    0.1457925636       -0.3166098695E-01   -0.2660778864E-01   -0.3202928678E-01    0.2919977268E-01
    0.1477495108       -0.3307757009E-01   -0.2389345632E-01   -0.2942962361E-01    0.3149512332E-01
    0.1497064579       -0.3449071840E-01   -0.2119495413E-01   -0.2675902288E-01    0.3373234519E-01
    0.1516634051       -0.3589632936E-01   -0.1851689741E-01   -0.2402372502E-01    0.3590706099E-01
    0.1536203523       -0.3729028725E-01   -0.1586388591E-01   -0.2123016999E-01    0.3801498159E-01
    0.1555772994       -0.3866847389E-01   -0.1324049362E-01   -0.1838498188E-01    0.4005191635E-01
    0.1575342466       -0.4002677908E-01   -0.1065125852E-01   -0.1549495286E-01    0.4201378317E-01
    0.1594911937       -0.4136111151E-01   -0.8100672199E-02   -0.1256702645E-01    0.4389661852E-01
    0.1614481409       -0.4266740931E-01   -0.5593169624E-02   -0.9608280306E-02    0.4569658726E-01
    0.1634050881       -0.4394165099E-01   -0.3133118756E-02   -0.6625908307E-02    0.4740999227E-01
    0.1653620352       -0.4517986600E-01   -0.7248103616E-03   -0.3627202266E-02    0.4903328378E-01
    0.1673189824       -0.4637814556E-01    0.1627552236E-02   -0.6195331201E-03    0.5056306857E-01
    0.1692759295       -0.4753265306E-01    0.3919863169E-02    0.2389668228E-02    0.5199611877E-01
    0.1712328767       -0.4863963473E-01    0.6148124027E-02    0.5392930447E-02    0.5332938044E-01
    0.1731898239       -0.4969542974E-01    0.8308453578E-02    0.8382761558E-02    0.5455998174E-01
    0.1751467710       -0.5069648055E-01    0.1039709741E-01    0.1135166897E-01    0.5568524076E-01
    0.1771037182       -0.5163934287E-01    0.1241043729E-01    0.1429217973E-01    0.5670267335E-01
    0.1790606654       -0.5252069808E-01    0.1434500118E-01    0.1719686162E-01    0.5761000299E-01
    0.1810176125       -0.5333736450E-01    0.1619747287E-01    0.2005834461E-01    0.5840516983E-01
    0.1829745597       -0.5408630724E-01    0.1796470118E-01    0.2286934206E-01    0.5908633735E-01
    0.1849315068       -0.5476464685E-01    0.1964370851E-01    0.2562267174E-01    0.5965189810E-01
    0.1868884540       -0.5536966822E-01    0.2123169909E-01    0.2831127669E-01    0.6010047895E-01
    0.1888454012       -0.5589882838E-01    0.2272606671E-01    0.3092824574E-01    0.6043094578E-01
    0.1908023483       -0.5634976449E-01    0.2412440205E-01    0.3346683381E-01    0.6064240745E-01
    0.1927592955       -0.5672030070E-01    0.2542449935E-01    0.3592048166E-01    0.6073421926E-01
    0.1947162427       -0.5700845513E-01    0.2662436278E-01    0.3828283526E-01    0.6070598571E-01
    0.1966731898       -0.5721244564E-01    0.2772221201E-01    0.4054776461E-01    0.6055756255E-01
    0.1986301370       -0.5733069575E-01    0.2871648739E-01    0.4270938189E-01    0.6028905835E-01
    0.2005870841       -0.5736183924E-01    0.2960585445E-01    0.4476205899E-01    0.5990083515E-01
    0.2025440313       -0.5730472486E-01    0.3038920786E-01    0.4670044426E-01    0.5939350869E-01
    0.2045009785       -0.5715841980E-01    0.3106567463E-01    0.4851947848E-01    0.5876794774E-01
    0.2064579256       -0.5692221304E-01    0.3163461687E-01    0.5021441000E-01    0.5802527293E-01
    0.2084148728       -0.5659561762E-01    0.3209563371E-01    0.5178080888E-01    0.5716685475E-01
    0.2103718200       -0.5617837271E-01    0.3244856272E-01    0.5321458021E-01    0.5619431104E-01
    0.2123287671       -0.5567044448E-01    0.3269348054E-01    0.5451197628E-01    0.5510950365E-01
    0.2142857143       -0.5507202698E-01    0.3283070300E-01    0.5566960779E-01    0.5391453456E-01
    0.2162426614       -0.5438354159E-01    0.3286078436E-01    0.5668445393E-01    0.5261174129E-01
    0.2181996086       -0.5360563657E-01    0.3278451614E-01    0.5755387134E-01    0.5120369172E-01
    0.2201565558       -0.5273918524E-01    0.3260292503E-01    0.5827560192E-01    0.4969317824E-01
    0.2221135029       -0.5178528417E-01    0.3231727039E-01    0.5884777943E-01    0.4808321133E-01
    0.2240704501       -0.5074525005E-01    0.3192904088E-01    0.5926893493E-01    0.4637701253E-01
    0.2260273973       -0.4962061665E-01    0.3143995064E-01    0.5953800093E-01    0.4457800696E-01
    0.2279843444       -0.4841313152E-01    0.3085193547E-01    0.5965431589E-01    0.4268981618E-01
    0.2299412916       -0.4712475510E-01    0.3016715004E-01    0.5961763040E-01    0.4071625278E-01
    0.2318982387       -0.4575765567E-01    0.2938796249E-01    0.5942810891E-01    0.3866131148E-01
    0.2338551859       -0.4431420333E-01    0.2851694789E-01    0.5908632878E-01    0.3652915882E-01
    0.2358121331       -0.4279696268E-01    0.2755688083E-01    0.5859327785E-01    0.3432412218E-01
    0.2377690802       -0.4120868549E-01    0.2651072762E-01    0.5795035072E-01    0.3205067846E-01
    0.2397260274       -0.3955230221E-01    0.2538163775E-01    0.5715934357E-01    0.2971344230E-01
    0.2416829746       -0.3783091359E-01    0.2417293495E-01    0.5622244780E-01    0.2731715390E-01
    0.2436399217       -0.3604778110E-01    0.2288810757E-01    0.5514224218E-01    0.2486666653E-01
    0.2455968689       -0.3420631760E-01    0.2153079873E-01    0.5392168388E-01    0.2236693379E-01
    0.2475538160       -0.3231007679E-01    0.2010479571E-01    0.5256409814E-01    0.1982299649E-01
    0.2495107632       -0.3036274312E-01    0.1861401933E-01    0.5107316689E-01    0.1723996950E-01
    0.2514677104       -0.2836812046E-01    0.1706251257E-01    0.4945291606E-01    0.1462302827E-01
    0.2534246575       -0.2633012134E-01    0.1545442926E-01    0.4770770198E-01    0.1197739545E-01
    0.2553816047       -0.2425275500E-01    0.1379402213E-01    0.4584219657E-01    0.9308327205E-02
    0.2573385519       -0.2214011613E-01    0.1208563098E-01    0.4386137172E-01    0.6621099714E-02
    0.2592954990       -0.1999637256E-01    0.1033367035E-01    0.4177048264E-01    0.3920995572E-02
    0.2612524462       -0.1782575358E-01    0.8542617324E-02    0.3957505044E-01    0.1213290369E-02
    0.2632093933       -0.1563253740E-01    0.6716998982E-02    0.3728084392E-01   -0.1496760730E-02
    0.2651663405       -0.1342103935E-01    0.4861380033E-02    0.3489386069E-01   -0.4203936106E-02
    0.2671232877       -0.1119559923E-01    0.2980350227E-02    0.3242030761E-01   -0.6903060732E-02
    0.2690802348       -0.8960569561E-02    0.1078512005E-02    0.2986658080E-01   -0.9589018835E-02
    0.2710371820       -0.6720302976E-02   -0.8395319776E-03    0.2723924507E-01   -0.1225676640E-01
    0.2729941292       -0.4479140699E-02   -0.2769190994E-02    0.2454501305E-01   -0.1490134322E-01
    0.2749510763       -0.2241400221E-02   -0.4705898444E-02    0.2179072401E-01   -0.1751788465E-01
    0.2769080235       -0.1136410683E-04   -0.6645123674E-02    0.1898332260E-01   -0.2010163310E-01
    0.2788649706        0.2206731941E-02   -0.8582384347E-02    0.1612983867E-01   -0.2264795054E-01
    0.2808219178        0.4408710486E-02   -0.1051325890E-01    0.1323736635E-01   -0.2515233137E-01
    0.2827788650        0.6590464802E-02   -0.1243339877E-01    0.1031304113E-01   -0.2761041384E-01
    0.2847358121        0.8747970054E-02   -0.1433853998E-01    0.7364016886E-02   -0.3001799056E-01
    0.2866927593        0.1087729500E-01   -0.1622451454E-01    0.4397443009E-02   -0.3237101861E-01
    0.2886497065        0.1297461229E-01   -0.1808726113E-01    0.1420441873E-02   -0.3466562877E-01
    0.2906066536        0.1503620922E-01   -0.1992283564E-01   -0.1559913404E-02   -0.3689813426E-01
    0.2925636008        0.1705849698E-01   -0.2172742077E-01   -0.4536620686E-02   -0.3906503860E-01
    0.2945205479        0.1903802038E-01   -0.2349733546E-01   -0.7502770082E-02   -0.4116304288E-01
    0.2964774951        0.2097146589E-01   -0.2522904342E-01   -0.1045156452E-01   -0.4318905219E-01
    0.2984344423        0.2285567019E-01   -0.2691916129E-01   -0.1337633969E-01   -0.4514018132E-01
    0.3003913894        0.2468762693E-01   -0.2856446596E-01   -0.1627058320E-01   -0.4701375967E-01
    0.3023483366        0.2646449400E-01   -0.3016190137E-01   -0.1912795287E-01   -0.4880733538E-01
    0.3043052838        0.2818359896E-01   -0.3170858454E-01   -0.2194229416E-01   -0.5051867867E-01
    0.3062622309        0.2984244491E-01   -0.3320181101E-01   -0.2470765666E-01   -0.5214578443E-01
    0.3082191781        0.3143871457E-01   -0.3463905943E-01   -0.2741830950E-01   -0.5368687389E-01
    0.3101761252        0.3297027474E-01   -0.3601799561E-01   -0.3006875575E-01   -0.5514039573E-01
    0.3121330724        0.3443517894E-01   -0.3733647572E-01   -0.3265374571E-01   -0.5650502618E-01
    0.3140900196        0.3583167047E-01   -0.3859254889E-01   -0.3516828908E-01   -0.5777966854E-01
    0.3160469667        0.3715818361E-01   -0.3978445895E-01   -0.3760766591E-01   -0.5896345185E-01
    0.3180039139        0.3841334531E-01   -0.4091064569E-01   -0.3996743641E-01   -0.6005572892E-01
    0.3199608611        0.3959597496E-01   -0.4196974513E-01   -0.4224344950E-01   -0.6105607352E-01
    0.3219178082        0.4070508471E-01   -0.4296058944E-01   -0.4443185017E-01   -0.6196427707E-01
    0.3238747554        0.4173987791E-01   -0.4388220586E-01   -0.4652908565E-01   -0.6278034453E-01
    0.3258317025        0.4269974814E-01   -0.4473381525E-01   -0.4853191023E-01   -0.6350448975E-01
    0.3277886497        0.4358427789E-01   -0.4551483145E-01   -0.5043739079E-01   -0.6413713255E-01
    0.3297455969        0.4439324269E-01   -0.4622486508E-01   -0.5224291677E-01   -0.6467890218E-01
    0.3317025440        0.4512660958E-01   -0.4686372266E-01   -0.5394620491E-01   -0.6513063453E-01
    0.3336594912        0.4578453441E-01   -0.4743140329E-01   -0.5554530058E-01   -0.6549336561E-01
    0.3356164384        0.4636735683E-01   -0.4792809419E-01   -0.5703857753E-01   -0.6576832426E-01
    0.3375733855        0.4687559629E-01   -0.4835416606E-01   -0.5842473649E-01   -0.6595692446E-01
    0.3395303327        0.4730994581E-01   -0.4871016738E-01   -0.5970280234E-01   -0.6606075685E-01
    0.3414872798        0.4767126684E-01   -0.4899681869E-01   -0.6087212020E-01   -0.6608158012E-01
    0.3434442270        0.4796058196E-01   -0.4921500581E-01   -0.6193235022E-01   -0.6602131164E-01
    0.3454011742        0.4817906882E-01   -0.4936577314E-01   -0.6288346133E-01   -0.6588201806E-01
    0.3473581213        0.4832805188E-01   -0.4945031602E-01   -0.6372572381E-01   -0.6566590525E-01
    0.3493150685        0.4840899559E-01   -0.4946997318E-01   -0.6445970098E-01   -0.6537530831E-01
    0.3512720157        0.4842349537E-01   -0.4942621840E-01   -0.6508623976E-01   -0.6501268101E-01
    0.3532289628        0.4837327015E-01   -0.4932065230E-01   -0.6560646051E-01   -0.6458058541E-01
    0.3551859100        0.4826015281E-01   -0.4915499347E-01   -0.6602174590E-01   -0.6408168105E-01
    0.3571428571        0.4808608230E-01   -0.4893106982E-01   -0.6633372915E-01   -0.6351871431E-01
    0.3590998043        0.4785309362E-01   -0.4865080928E-01   -0.6654428150E-01   -0.6289450751E-01
    0.3610567515        0.4756330972E-01   -0.4831623090E-01   -0.6665549914E-01   -0.6221194831E-01
    0.3630136986        0.4721893124E-01   -0.4792943535E-01   -0.6666968956E-01   -0.6147397885E-01
    0.3649706458        0.4682222834E-01   -0.4749259590E-01   -0.6658935753E-01   -0.6068358534E-01
    0.3669275930        0.4637553037E-01   -0.4700794888E-01   -0.6641719057E-01   -0.5984378747E-01
    0.3688845401        0.4588121777E-01   -0.4647778474E-01   -0.6615604431E-01   -0.5895762830E-01
    0.3708414873        0.4534171186E-01   -0.4590443861E-01   -0.6580892743E-01   -0.5802816411E-01
    0.3727984344        0.4475946694E-01   -0.4529028161E-01   -0.6537898660E-01   -0.5705845481E-01
    0.3747553816        0.4413696033E-01   -0.4463771159E-01   -0.6486949120E-01   -0.5605155422E-01
    0.3767123288        0.4347668532E-01   -0.4394914528E-01   -0.6428381889E-01   -0.5501050181E-01
    0.3786692759        0.4278114655E-01   -0.4322701460E-01   -0.6362544779E-01   -0.5393831992E-01
    0.3806262231        0.4205285975E-01   -0.4247376546E-01   -0.6289795159E-01   -0.5283801396E-01
    0.3825831703        0.4129434284E-01   -0.4169184984E-01   -0.6210498539E-01   -0.5171256440E-01
    0.3845401174        0.4050810882E-01   -0.4088371760E-01   -0.6125027024E-01   -0.5056491818E-01
    0.3864970646        0.3969665625E-01   -0.4005180803E-01   -0.6033757783E-01   -0.4939798027E-01
    0.3884540117        0.3886246292E-01   -0.3919854237E-01   -0.5937071558E-01   -0.4821460599E-01
    0.3904109589        0.3800797686E-01   -0.3832631594E-01   -0.5835351189E-01   -0.4701759341E-01
    0.3923679061        0.3713561076E-01   -0.3743749138E-01   -0.5728980195E-01   -0.4580967663E-01
    0.3943248532        0.3624773358E-01   -0.3653439149E-01   -0.5618341380E-01   -0.4459351905E-01
    0.3962818004        0.3534666588E-01   -0.3561929333E-01   -0.5503815507E-01   -0.4337170774E-01
    0.3982387476        0.3443467214E-01   -0.3469442176E-01   -0.5385780009E-01   -0.4214674769E-01
    0.4001956947        0.3351395697E-01   -0.3376194448E-01   -0.5264607775E-01   -0.4092105720E-01
    0.4021526419        0.3258665820E-01   -0.3282396642E-01   -0.5140665981E-01   -0.3969696315E-01
    0.4041095890        0.3165484412E-01   -0.3188252565E-01   -0.5014315004E-01   -0.3847669748E-01
    0.4060665362        0.3072050723E-01   -0.3093958871E-01   -0.4885907387E-01   -0.3726239352E-01
    0.4080234834        0.2978556259E-01   -0.2999704742E-01   -0.4755786896E-01   -0.3605608349E-01
    0.4099804305        0.2885184230E-01   -0.2905671510E-01   -0.4624287620E-01   -0.3485969583E-01
    0.4119373777        0.2792109486E-01   -0.2812032438E-01   -0.4491733180E-01   -0.3367505381E-01
    0.4138943249        0.2699498035E-01   -0.2718952422E-01   -0.4358435977E-01   -0.3250387380E-01
    0.4158512720        0.2607507091E-01   -0.2626587870E-01   -0.4224696550E-01   -0.3134776485E-01
    0.4178082192        0.2516284647E-01   -0.2535086489E-01   -0.4090802971E-01   -0.3020822793E-01
    0.4197651663        0.2425969630E-01   -0.2444587254E-01   -0.3957030357E-01   -0.2908665643E-01
    0.4217221135        0.2336691532E-01   -0.2355220272E-01   -0.3823640407E-01   -0.2798433621E-01
    0.4236790607        0.2248570665E-01   -0.2267106843E-01   -0.3690881064E-01   -0.2690244707E-01
    0.4256360078        0.2161717833E-01   -0.2180359390E-01   -0.3558986188E-01   -0.2584206345E-01
    0.4275929550        0.2076234832E-01   -0.2095081750E-01   -0.3428175593E-01   -0.2480415841E-01
    0.4295499022        0.1992214810E-01   -0.2011369834E-01   -0.3298655940E-01   -0.2378961289E-01
    0.4315068493        0.1909742918E-01   -0.1929312049E-01   -0.3170621003E-01   -0.2279922099E-01
    0.4334637965        0.1828895919E-01   -0.1848989241E-01   -0.3044251420E-01   -0.2183369061E-01
    0.4354207436        0.1749742603E-01   -0.1770474862E-01   -0.2919714550E-01   -0.2089364561E-01
    0.4373776908        0.1672343400E-01   -0.1693834958E-01   -0.2797164315E-01   -0.1997962683E-01
    0.4393346380        0.1596750895E-01   -0.1619128418E-01   -0.2676741182E-01   -0.1909209505E-01
    0.4412915851        0.1523009441E-01   -0.1546407017E-01   -0.2558572122E-01   -0.1823143257E-01
    0.4432485323        0.1451155781E-01   -0.1475715740E-01   -0.2442770696E-01   -0.1739794681E-01
    0.4452054795        0.1381218633E-01   -0.1407092874E-01   -0.2329437124E-01   -0.1659187245E-01
    0.4471624266        0.1313219421E-01   -0.1340570406E-01   -0.2218658471E-01   -0.1581337558E-01
    0.4491193738        0.1247171818E-01   -0.1276174149E-01   -0.2110508797E-01   -0.1506255620E-01
    0.4510763209        0.1183082578E-01   -0.1213924219E-01   -0.2005049426E-01   -0.1433945296E-01
    0.4530332681        0.1120951008E-01   -0.1153835180E-01   -0.1902329174E-01   -0.1364404588E-01
    0.4549902153        0.1060769918E-01   -0.1095916593E-01   -0.1802384686E-01   -0.1297626167E-01
    0.4569471624        0.1002524979E-01   -0.1040173183E-01   -0.1705240703E-01   -0.1233597648E-01
    0.4589041096        0.9461958038E-02   -0.9866054591E-02   -0.1610910467E-01   -0.1172302178E-01
    0.4608610568        0.8917551480E-02   -0.9352098795E-02   -0.1519396011E-01   -0.1113718710E-01
    0.4628180039        0.8391701419E-02   -0.8859795613E-02   -0.1430688600E-01   -0.1057822641E-01
    0.4647749511        0.7884012801E-02   -0.8389044301E-02   -0.1344769035E-01   -0.1004586071E-01
    0.4667318982        0.7394038390E-02   -0.7939720250E-02   -0.1261608111E-01   -0.9539784966E-02
    0.4686888454        0.6921265720E-02   -0.7511676209E-02   -0.1181166910E-01   -0.9059670440E-02
    0.4706457926        0.6465133782E-02   -0.7104751502E-02   -0.1103397263E-01   -0.8605172211E-02
    0.4726027397        0.6025015867E-02   -0.6718772756E-02   -0.1028242006E-01   -0.8175931105E-02
    0.4745596869        0.5600239775E-02   -0.6353564647E-02   -0.9556354415E-02   -0.7771582007E-02
    0.4765166341        0.5190064829E-02   -0.6008949816E-02   -0.8855035197E-02   -0.7391755096E-02
    0.4784735812        0.4793707343E-02   -0.5684761719E-02   -0.8177642914E-02   -0.7036085308E-02
    0.4804305284        0.4410309017E-02   -0.5380843213E-02   -0.7523279860E-02   -0.6704212478E-02
    0.4823874755        0.4038970795E-02   -0.5097062512E-02   -0.6890974541E-02   -0.6395792550E-02
    0.4843444227        0.3678707765E-02   -0.4833309443E-02   -0.6279680931E-02   -0.6110495923E-02
    0.4863013699        0.3328497507E-02   -0.4589516343E-02   -0.5688282974E-02   -0.5848021531E-02
    0.4882583170        0.2987211912E-02   -0.4365649916E-02   -0.5115591559E-02   -0.5608091979E-02
    0.4902152642        0.2653693508E-02   -0.4161740800E-02   -0.4560349679E-02   -0.5390472836E-02
    0.4921722114        0.2326641917E-02   -0.3977865992E-02   -0.4021225644E-02   -0.5194961188E-02
    0.4941291585        0.2004754429E-02   -0.3814196448E-02   -0.3496820738E-02   -0.5021416143E-02
    0.4960861057        0.1686498976E-02   -0.3670954245E-02   -0.2985654609E-02   -0.4869730333E-02
    0.4980430528        0.1370460605E-02   -0.3548512349E-02   -0.2486182962E-02   -0.4739893870E-02
    0.5000000000        0.1054619294E-02   -0.3447240210E-02   -0.1996754708E-02   -0.4631891611E-02
