   -0.5000000000         137.0339320         0.000000000        0.7255263664E-02
   -0.4990224829         136.1413746         0.000000000        0.6897531429E-02
   -0.4980449658         135.2537266         0.000000000        0.6558694199E-02
   -0.4970674487         134.3709878         0.000000000        0.6237523608E-02
   -0.4960899316         133.4931584         0.000000000        0.5933122589E-02
   -0.4951124145         132.6202382         0.000000000        0.5644525469E-02
   -0.4941348974         131.7522274         0.000000000        0.5370892545E-02
   -0.4931573803         130.8891258         0.000000000        0.5111386242E-02
   -0.4921798631         130.0309335         0.000000000        0.4865249787E-02
   -0.4912023460         129.1776506         0.000000000        0.4631745292E-02
   -0.4902248289         128.3292769         0.000000000        0.4410195935E-02
   -0.4892473118         127.4858126         0.000000000        0.4199948314E-02
   -0.4882697947         126.6472575         0.000000000        0.4000398482E-02
   -0.4872922776         125.8136117         0.000000000        0.3810966419E-02
   -0.4863147605         124.9848753         0.000000000        0.3631113562E-02
   -0.4853372434         124.1610481         0.000000000        0.3460324245E-02
   -0.4843597263         123.3421303         0.000000000        0.3298118231E-02
   -0.4833822092         122.5281217         0.000000000        0.3144036553E-02
   -0.4824046921         121.7190224         0.000000000        0.2997650877E-02
   -0.4814271750         120.9148325         0.000000000        0.2858552325E-02
   -0.4804496579         120.1155518         0.000000000        0.2726358710E-02
   -0.4794721408         119.3211804         0.000000000        0.2600705479E-02
   -0.4784946237         118.5317184         0.000000000        0.2481251461E-02
   -0.4775171065         117.7471656         0.000000000        0.2367671379E-02
   -0.4765395894         116.9675221         0.000000000        0.2259660526E-02
   -0.4755620723         116.1927879         0.000000000        0.2156928459E-02
   -0.4745845552         115.4229631         0.000000000        0.2059202891E-02
   -0.4736070381         114.6580475         0.000000000        0.1966224311E-02
   -0.4726295210         113.8980412         0.000000000        0.1877749265E-02
   -0.4716520039         113.1429442         0.000000000        0.1793545727E-02
   -0.4706744868         112.3927566         0.000000000        0.1713395903E-02
   -0.4696969697         111.6474782         0.000000000        0.1637092204E-02
   -0.4687194526         110.9071091         0.000000000        0.1564439682E-02
   -0.4677419355         110.1716493         0.000000000        0.1495252497E-02
   -0.4667644184         109.4410988         0.000000000        0.1429356048E-02
   -0.4657869013         108.7154577         0.000000000        0.1366583862E-02
   -0.4648093842         107.9947258         0.000000000        0.1306779476E-02
   -0.4638318671         107.2789032         0.000000000        0.1249793672E-02
   -0.4628543500         106.5679899         0.000000000        0.1195486163E-02
   -0.4618768328         105.8619859         0.000000000        0.1143723116E-02
   -0.4608993157         105.1608912         0.000000000        0.1094378677E-02
   -0.4599217986         104.4647058         0.000000000        0.1047332743E-02
   -0.4589442815         103.7734297         0.000000000        0.1002472344E-02
   -0.4579667644         103.0870630         0.000000000        0.9596896346E-03
   -0.4569892473         102.4056055         0.000000000        0.9188831556E-03
   -0.4560117302         101.7290573         0.000000000        0.8799560138E-03
   -0.4550342131         101.0574184         0.000000000        0.8428170380E-03
   -0.4540566960         100.3906888         0.000000000        0.8073791259E-03
   -0.4530791789         99.72886849         0.000000000        0.7735603086E-03
   -0.4521016618         99.07195750         0.000000000        0.7412822418E-03
   -0.4511241447         98.41995580         0.000000000        0.7104711924E-03
   -0.4501466276         97.77286340         0.000000000        0.6810566561E-03
   -0.4491691105         97.13068030         0.000000000        0.6529722746E-03
   -0.4481915934         96.49340650         0.000000000        0.6261545663E-03
   -0.4472140762         95.86104200         0.000000000        0.6005437811E-03
   -0.4462365591         95.23358680         0.000000000        0.5760827318E-03
   -0.4452590420         94.61104090         0.000000000        0.5527175938E-03
   -0.4442815249         93.99340429         0.000000000        0.5303968254E-03
   -0.4433040078         93.38067699         0.000000000        0.5090719180E-03
   -0.4423264907         92.77285898         0.000000000        0.4886963968E-03
   -0.4413489736         92.16995027         0.000000000        0.4692265263E-03
   -0.4403714565         91.57195087         0.000000000        0.4506203822E-03
   -0.4393939394         90.97886076         0.000000000        0.4328385172E-03
   -0.4384164223         90.39067995         0.000000000        0.4158430969E-03
   -0.4374389052         89.80740844         0.000000000        0.3995985288E-03
   -0.4364613881         89.22904622         0.000000000        0.3840706571E-03
   -0.4354838710         88.65559331         0.000000000        0.3692273576E-03
   -0.4345063539         88.08704970         0.000000000        0.3550377851E-03
   -0.4335288368         87.52341538         0.000000000        0.3414729379E-03
   -0.4325513196         86.96469037         0.000000000        0.3285049530E-03
   -0.4315738025         86.41087465         0.000000000        0.3161076420E-03
   -0.4305962854         85.86196823         0.000000000        0.3042558302E-03
   -0.4296187683         85.31797112         0.000000000        0.2929258659E-03
   -0.4286412512         84.77888330         0.000000000        0.2820949997E-03
   -0.4276637341         84.24470478         0.000000000        0.2717418694E-03
   -0.4266862170         83.71543555         0.000000000        0.2618459154E-03
   -0.4257086999         83.19107563         0.000000000        0.2523878435E-03
   -0.4247311828         82.67155936         0.000000000        0.2433490730E-03
   -0.4237536657         82.15567255         0.000000000        0.2347121786E-03
   -0.4227761486         81.64295893         0.000000000        0.2264603636E-03
   -0.4217986315         81.13341851         0.000000000        0.2185778818E-03
   -0.4208211144         80.62705127         0.000000000        0.2110495439E-03
   -0.4198435973         80.12385722         0.000000000        0.2038611238E-03
   -0.4188660802         79.62383637         0.000000000        0.1969988907E-03
   -0.4178885630         79.12698870         0.000000000        0.1904499983E-03
   -0.4169110459         78.63331422         0.000000000        0.1842020408E-03
   -0.4159335288         78.14281294         0.000000000        0.1782434257E-03
   -0.4149560117         77.65548484         0.000000000        0.1725629523E-03
   -0.4139784946         77.17132994         0.000000000        0.1671501688E-03
   -0.4130009775         76.69034822         0.000000000        0.1619949717E-03
   -0.4120234604         76.21253970         0.000000000        0.1570879482E-03
   -0.4110459433         75.73790437         0.000000000        0.1524199951E-03
   -0.4100684262         75.26644222         0.000000000        0.1479826476E-03
   -0.4090909091         74.79815327         0.000000000        0.1437677155E-03
   -0.4081133920         74.33303751         0.000000000        0.1397676002E-03
   -0.4071358749         73.87109494         0.000000000        0.1359749464E-03
   -0.4061583578         73.41232556         0.000000000        0.1323829476E-03
   -0.4051808407         72.95672937         0.000000000        0.1289850136E-03
   -0.4042033236         72.50430637         0.000000000        0.1257750642E-03
   -0.4032258065         72.05505656         0.000000000        0.1227472108E-03
   -0.4022482893         71.60897994         0.000000000        0.1198960402E-03
   -0.4012707722         71.16607651         0.000000000        0.1172163092E-03
   -0.4002932551         70.72634627         0.000000000        0.1147032184E-03
   -0.3993157380         70.28978922         0.000000000        0.1123521191E-03
   -0.3983382209         69.85640536         0.000000000        0.1101587781E-03
   -0.3973607038         69.42619469         0.000000000        0.1081190961E-03
   -0.3963831867         68.99915722         0.000000000        0.1062293632E-03
   -0.3954056696         68.57529293         0.000000000        0.1044859890E-03
   -0.3944281525         68.15460183         0.000000000        0.1028857490E-03
   -0.3934506354         67.73708393         0.000000000        0.1014255251E-03
   -0.3924731183         67.32273921         0.000000000        0.1001025443E-03
   -0.3914956012         66.91156769         0.000000000        0.9891412859E-04
   -0.3905180841         66.50356935         0.000000000        0.9785792606E-04
   -0.3895405670         66.09874421         0.000000000        0.9693167010E-04
   -0.3885630499         65.69709225         0.000000000        0.9613340308E-04
   -0.3875855327         65.29861349         0.000000000        0.9546124416E-04
   -0.3866080156         64.90330792         0.000000000        0.9491360616E-04
   -0.3856304985         64.51117553         0.000000000        0.9448897152E-04
   -0.3846529814         64.12221634         0.000000000        0.9418610248E-04
   -0.3836754643         63.73643034         0.000000000        0.9400382491E-04
   -0.3826979472         63.35381753         0.000000000        0.9394123207E-04
   -0.3817204301         62.97437791         0.000000000        0.9399747581E-04
   -0.3807429130         62.59811147         0.000000000        0.9417196440E-04
   -0.3797653959         62.22501823         0.000000000        0.9446416055E-04
   -0.3787878788         61.85509818         0.000000000        0.9487377356E-04
   -0.3778103617         61.48835132         0.000000000        0.9540056398E-04
   -0.3768328446         61.12477766         0.000000000        0.9604453027E-04
   -0.3758553275         60.76437718         0.000000000        0.9680571965E-04
   -0.3748778104         60.40714217         0.000000000        0.9768440965E-04
   -0.3739002933         60.05247056         0.000000000        0.9868092479E-04
   -0.3729227761         59.69998411         0.000000000        0.9979581195E-04
   -0.3719452590         59.34968283         0.000000000        0.1010296623E-03
   -0.3709677419         59.00156671         0.000000000        0.1023832825E-03
   -0.3699902248         58.65563576         0.000000000        0.1038575231E-03
   -0.3690127077         58.31188997         0.000000000        0.1054534448E-03
   -0.3680351906         57.97032935         0.000000000        0.1071721523E-03
   -0.3670576735         57.63095390         0.000000000        0.1090149561E-03
   -0.3660801564         57.29376361         0.000000000        0.1109832108E-03
   -0.3651026393         56.95875848         0.000000000        0.1130784736E-03
   -0.3641251222         56.62593853         0.000000000        0.1153023464E-03
   -0.3631476051         56.29530373         0.000000000        0.1176566306E-03
   -0.3621700880         55.96685411         0.000000000        0.1201431739E-03
   -0.3611925709         55.64058965         0.000000000        0.1227640207E-03
   -0.3602150538         55.31651035         0.000000000        0.1255212637E-03
   -0.3592375367         54.99461622         0.000000000        0.1284171902E-03
   -0.3582600196         54.67490725         0.000000000        0.1314541382E-03
   -0.3572825024         54.35738346         0.000000000        0.1346346388E-03
   -0.3563049853         54.04204482         0.000000000        0.1379612762E-03
   -0.3553274682         53.72889135         0.000000000        0.1414368270E-03
   -0.3543499511         53.41792305         0.000000000        0.1450641236E-03
   -0.3533724340         53.10913991         0.000000000        0.1488461907E-03
   -0.3523949169         52.80254194         0.000000000        0.1527861117E-03
   -0.3514173998         52.49812914         0.000000000        0.1568871627E-03
   -0.3504398827         52.19590150         0.000000000        0.1611526818E-03
   -0.3494623656         51.89585902         0.000000000        0.1655862004E-03
   -0.3484848485         51.59800171         0.000000000        0.1701913160E-03
   -0.3475073314         51.30232957         0.000000000        0.1749718200E-03
   -0.3465298143         51.00884259         0.000000000        0.1799315744E-03
   -0.3455522972         50.71754078         0.000000000        0.1850746364E-03
   -0.3445747801         50.42842413         0.000000000        0.1904051381E-03
   -0.3435972630         50.14149265         0.000000000        0.1959274090E-03
   -0.3426197458         49.85674633         0.000000000        0.2016458581E-03
   -0.3416422287         49.57418518         0.000000000        0.2075650941E-03
   -0.3406647116         49.29380920         0.000000000        0.2136898103E-03
   -0.3396871945         49.01561838         0.000000000        0.2200249022E-03
   -0.3387096774         48.73961272         0.000000000        0.2265753556E-03
   -0.3377321603         48.46579224         0.000000000        0.2333463614E-03
   -0.3367546432         48.19415691         0.000000000        0.2403432065E-03
   -0.3357771261         47.92470676         0.000000000        0.2475713864E-03
   -0.3347996090         47.65744177         0.000000000        0.2550364987E-03
   -0.3338220919         47.39236194         0.000000000        0.2627443535E-03
   -0.3328445748         47.12946728         0.000000000        0.2707008692E-03
   -0.3318670577         46.86875778         0.000000000        0.2789121812E-03
   -0.3308895406         46.61023345         0.000000000        0.2873845397E-03
   -0.3299120235         46.35389429         0.000000000        0.2961244166E-03
   -0.3289345064         46.09974029         0.000000000        0.3051384059E-03
   -0.3279569892         45.84777146         0.000000000        0.3144333281E-03
   -0.3269794721         45.59798779         0.000000000        0.3240161334E-03
   -0.3260019550         45.35038929         0.000000000        0.3338940038E-03
   -0.3250244379         45.10497595         0.000000000        0.3440742590E-03
   -0.3240469208         44.86141289         0.000000000        0.3545644563E-03
   -0.3230694037         44.61933063         0.000000000        0.3653722962E-03
   -0.3220918866         44.37872896         0.000000000        0.3765057184E-03
   -0.3211143695         44.13960787         0.000000000        0.3879728111E-03
   -0.3201368524         43.90196737         0.000000000        0.3997819073E-03
   -0.3191593353         43.66580746         0.000000000        0.4119414964E-03
   -0.3181818182         43.43112813         0.000000000        0.4244603189E-03
   -0.3172043011         43.19792939         0.000000000        0.4373472795E-03
   -0.3162267840         42.96621124         0.000000000        0.4506115410E-03
   -0.3152492669         42.73597367         0.000000000        0.4642624388E-03
   -0.3142717498         42.50721669         0.000000000        0.4783095730E-03
   -0.3132942326         42.27994030         0.000000000        0.4927627256E-03
   -0.3123167155         42.05414449         0.000000000        0.5076319501E-03
   -0.3113391984         41.82982927         0.000000000        0.5229274911E-03
   -0.3103616813         41.60699463         0.000000000        0.5386598725E-03
   -0.3093841642         41.38564059         0.000000000        0.5548398186E-03
   -0.3084066471         41.16576713         0.000000000        0.5714783410E-03
   -0.3074291300         40.94737425         0.000000000        0.5885866615E-03
   -0.3064516129         40.73046196         0.000000000        0.6061762976E-03
   -0.3054740958         40.51503026         0.000000000        0.6242589870E-03
   -0.3044965787         40.30107914         0.000000000        0.6428467722E-03
   -0.3035190616         40.08860862         0.000000000        0.6619519259E-03
   -0.3025415445         39.87761867         0.000000000        0.6815870351E-03
   -0.3015640274         39.66810932         0.000000000        0.7017649279E-03
   -0.3005865103         39.46008055         0.000000000        0.7224987563E-03
   -0.2996089932         39.25353237         0.000000000        0.7438019245E-03
   -0.2986314761         39.04846477         0.000000000        0.7656881707E-03
   -0.2976539589         38.84487776         0.000000000        0.7881714970E-03
   -0.2966764418         38.64277134         0.000000000        0.8112662502E-03
   -0.2956989247         38.44214550         0.000000000        0.8349870528E-03
   -0.2947214076         38.24300025         0.000000000        0.8593488830E-03
   -0.2937438905         38.04533559         0.000000000        0.8843670075E-03
   -0.2927663734         37.84915151         0.000000000        0.9100570601E-03
   -0.2917888563         37.65444802         0.000000000        0.9364349761E-03
   -0.2908113392         37.46122511         0.000000000        0.9635170696E-03
   -0.2898338221         37.26948280         0.000000000        0.9913199700E-03
   -0.2888563050         37.07922106         0.000000000        0.1019860698E-02
   -0.2878787879         36.89043992         0.000000000        0.1049156604E-02
   -0.2869012708         36.70313936         0.000000000        0.1079225443E-02
   -0.2859237537         36.51731939         0.000000000        0.1110085312E-02
   -0.2849462366         36.33298001         0.000000000        0.1141754728E-02
   -0.2839687195         36.15012121         0.000000000        0.1174252566E-02
   -0.2829912023         35.96874299         0.000000000        0.1207598135E-02
   -0.2820136852         35.78884537         0.000000000        0.1241811117E-02
   -0.2810361681         35.61042833         0.000000000        0.1276911641E-02
   -0.2800586510         35.43349188         0.000000000        0.1312920229E-02
   -0.2790811339         35.25803601         0.000000000        0.1349857865E-02
   -0.2781036168         35.08406073         0.000000000        0.1387745941E-02
   -0.2771260997         34.91156604         0.000000000        0.1426606327E-02
   -0.2761485826         34.74055193         0.000000000        0.1466461322E-02
   -0.2751710655         34.57101841         0.000000000        0.1507333718E-02
   -0.2741935484         34.40275932         0.000000000        0.1549246752E-02
   -0.2732160313         34.23538428         0.000000000        0.1592224170E-02
   -0.2722385142         34.06888403         0.000000000        0.1636290160E-02
   -0.2712609971         33.90325857         0.000000000        0.1681469423E-02
   -0.2702834800         33.73850789         0.000000000        0.1727787122E-02
   -0.2693059629         33.57463200         0.000000000        0.1775268946E-02
   -0.2683284457         33.41163089         0.000000000        0.1823941061E-02
   -0.2673509286         33.24950456         0.000000000        0.1873830179E-02
   -0.2663734115         33.08825302         0.000000000        0.1924963505E-02
   -0.2653958944         32.92787627         0.000000000        0.1977368808E-02
   -0.2644183773         32.76837430         0.000000000        0.2031074368E-02
   -0.2634408602         32.60974711         0.000000000        0.2086109045E-02
   -0.2624633431         32.45199471         0.000000000        0.2142502230E-02
   -0.2614858260         32.29511709         0.000000000        0.2200283912E-02
   -0.2605083089         32.13911426         0.000000000        0.2259484630E-02
   -0.2595307918         31.98398622         0.000000000        0.2320135538E-02
   -0.2585532747         31.82973296         0.000000000        0.2382268363E-02
   -0.2575757576         31.67635448         0.000000000        0.2445915465E-02
   -0.2565982405         31.52385079         0.000000000        0.2511109794E-02
   -0.2556207234         31.37222188         0.000000000        0.2577884958E-02
   -0.2546432063         31.22146776         0.000000000        0.2646275174E-02
   -0.2536656891         31.07158843         0.000000000        0.2716315334E-02
   -0.2526881720         30.92258388         0.000000000        0.2788040965E-02
   -0.2517106549         30.77445411         0.000000000        0.2861488289E-02
   -0.2507331378         30.62719913         0.000000000        0.2936694185E-02
   -0.2497556207         30.48081893         0.000000000        0.3013696247E-02
   -0.2487781036         30.33531352         0.000000000        0.3092532749E-02
   -0.2478005865         30.19068289         0.000000000        0.3173242706E-02
   -0.2468230694         30.04692705         0.000000000        0.3255865833E-02
   -0.2458455523         29.90404599         0.000000000        0.3340442610E-02
   -0.2448680352         29.76203972         0.000000000        0.3427014243E-02
   -0.2438905181         29.62090823         0.000000000        0.3515622723E-02
   -0.2429130010         29.48065153         0.000000000        0.3606310794E-02
   -0.2419354839         29.34126961         0.000000000        0.3699122012E-02
   -0.2409579668         29.20276248         0.000000000        0.3794100709E-02
   -0.2399804497         29.06513013         0.000000000        0.3891292054E-02
   -0.2390029326         28.92837257         0.000000000        0.3990742019E-02
   -0.2380254154         28.79248979         0.000000000        0.4092497442E-02
   -0.2370478983         28.65748180         0.000000000        0.4196605989E-02
   -0.2360703812         28.52334859         0.000000000        0.4303116217E-02
   -0.2350928641         28.39009016         0.000000000        0.4412077544E-02
   -0.2341153470         28.25770652         0.000000000        0.4523540304E-02
   -0.2331378299         28.12619767         0.000000000        0.4637555721E-02
   -0.2321603128         27.99556360         0.000000000        0.4754175966E-02
   -0.2311827957         27.86580432         0.000000000        0.4873454127E-02
   -0.2302052786         27.73691982         0.000000000        0.4995444274E-02
   -0.2292277615         27.60891010         0.000000000        0.5120201421E-02
   -0.2282502444         27.48177518         0.000000000        0.5247781595E-02
   -0.2272727273         27.35551503         0.000000000        0.5378241801E-02
   -0.2262952102         27.23012967         0.000000000        0.5511640088E-02
   -0.2253176931         27.10561910         0.000000000        0.5648035517E-02
   -0.2243401760         26.98190732         0.000000000        0.5787488224E-02
   -0.2233626588         26.85875440         0.000000000        0.5930059384E-02
   -0.2223851417         26.73614273         0.000000000        0.6075811243E-02
   -0.2214076246         26.61407229         0.000000000        0.6224807089E-02
   -0.2204301075         26.49254310         0.000000000        0.6377111312E-02
   -0.2194525904         26.37155515         0.000000000        0.6532789368E-02
   -0.2184750733         26.25110845         0.000000000        0.6691907847E-02
   -0.2174975562         26.13120298         0.000000000        0.6854534438E-02
   -0.2165200391         26.01183876         0.000000000        0.7020737994E-02
   -0.2155425220         25.89301578         0.000000000        0.7190588499E-02
   -0.2145650049         25.77473404         0.000000000        0.7364157131E-02
   -0.2135874878         25.65699354         0.000000000        0.7541516232E-02
   -0.2126099707         25.53979429         0.000000000        0.7722739370E-02
   -0.2116324536         25.42313628         0.000000000        0.7907901314E-02
   -0.2106549365         25.30701951         0.000000000        0.8097078087E-02
   -0.2096774194         25.19144398         0.000000000        0.8290346947E-02
   -0.2086999022         25.07640969         0.000000000        0.8487786444E-02
   -0.2077223851         24.96191665         0.000000000        0.8689476395E-02
   -0.2067448680         24.84796485         0.000000000        0.8895497943E-02
   -0.2057673509         24.73455429         0.000000000        0.9105933532E-02
   -0.2047898338         24.62168497         0.000000000        0.9320866971E-02
   -0.2038123167         24.50935689         0.000000000        0.9540383404E-02
   -0.2028347996         24.39757006         0.000000000        0.9764569376E-02
   -0.2018572825         24.28632447         0.000000000        0.9993512804E-02
   -0.2008797654         24.17562012         0.000000000        0.1022730304E-01
   -0.1999022483         24.06545701         0.000000000        0.1046603086E-01
   -0.1989247312         23.95583515         0.000000000        0.1070978849E-01
   -0.1979472141         23.84675453         0.000000000        0.1095866962E-01
   -0.1969696970         23.73821515         0.000000000        0.1121276947E-01
   -0.1959921799         23.63021701         0.000000000        0.1147218471E-01
   -0.1950146628         23.52276011         0.000000000        0.1173701359E-01
   -0.1940371457         23.41584446         0.000000000        0.1200735589E-01
   -0.1930596285         23.30947004         0.000000000        0.1228331297E-01
   -0.1920821114         23.20363687         0.000000000        0.1256498776E-01
   -0.1911045943         23.09834495         0.000000000        0.1285248484E-01
   -0.1901270772         22.99359426         0.000000000        0.1314591039E-01
   -0.1891495601         22.88938482         0.000000000        0.1344537227E-01
   -0.1881720430         22.78571662         0.000000000        0.1375098000E-01
   -0.1871945259         22.68258966         0.000000000        0.1406284480E-01
   -0.1862170088         22.58000394         0.000000000        0.1438107961E-01
   -0.1852394917         22.47795946         0.000000000        0.1470579913E-01
   -0.1842619746         22.37645623         0.000000000        0.1503711981E-01
   -0.1832844575         22.27549424         0.000000000        0.1537515989E-01
   -0.1823069404         22.17507349         0.000000000        0.1572003943E-01
   -0.1813294233         22.07519398         0.000000000        0.1607188031E-01
   -0.1803519062         21.97585572         0.000000000        0.1643080629E-01
   -0.1793743891         21.87705870         0.000000000        0.1679694300E-01
   -0.1783968719         21.77880292         0.000000000        0.1717041798E-01
   -0.1774193548         21.68108838         0.000000000        0.1755136070E-01
   -0.1764418377         21.58391508         0.000000000        0.1793990258E-01
   -0.1754643206         21.48728303         0.000000000        0.1833617706E-01
   -0.1744868035         21.39115499         0.000000000        0.1874031953E-01
   -0.1735092864         21.29532856         0.000000000        0.1915246744E-01
   -0.1725317693         21.19977326         0.000000000        0.1957276019E-01
   -0.1715542522         21.10448909         0.000000000        0.2000133918E-01
   -0.1705767351         21.00947605         0.000000000        0.2043834777E-01
   -0.1695992180         20.91473415         0.000000000        0.2088393137E-01
   -0.1686217009         20.82026338         0.000000000        0.2133823741E-01
   -0.1676441838         20.72606374         0.000000000        0.2180141538E-01
   -0.1666666667         20.63213523         0.000000000        0.2227361684E-01
   -0.1656891496         20.53847785         0.000000000        0.2275499547E-01
   -0.1647116325         20.44509161         0.000000000        0.2324570702E-01
   -0.1637341153         20.35197650         0.000000000        0.2374590943E-01
   -0.1627565982         20.25913252         0.000000000        0.2425576274E-01
   -0.1617790811         20.16655967         0.000000000        0.2477542922E-01
   -0.1608015640         20.07425796         0.000000000        0.2530507329E-01
   -0.1598240469         19.98222738         0.000000000        0.2584486161E-01
   -0.1588465298         19.89046793         0.000000000        0.2639496307E-01
   -0.1578690127         19.79897961         0.000000000        0.2695554882E-01
   -0.1568914956         19.70776242         0.000000000        0.2752679227E-01
   -0.1559139785         19.61681637         0.000000000        0.2810886914E-01
   -0.1549364614         19.52614144         0.000000000        0.2870195745E-01
   -0.1539589443         19.43573765         0.000000000        0.2930623759E-01
   -0.1529814272         19.34560500         0.000000000        0.2992189225E-01
   -0.1520039101         19.25574347         0.000000000        0.3054910654E-01
   -0.1510263930         19.16615308         0.000000000        0.3118806794E-01
   -0.1500488759         19.07683381         0.000000000        0.3183896636E-01
   -0.1490713587         18.98778568         0.000000000        0.3250199412E-01
   -0.1480938416         18.89900869         0.000000000        0.3317734602E-01
   -0.1471163245         18.81050282         0.000000000        0.3386521931E-01
   -0.1461388074         18.72226809         0.000000000        0.3456581376E-01
   -0.1451612903         18.63430449         0.000000000        0.3527933161E-01
   -0.1441837732         18.54661202         0.000000000        0.3600597768E-01
   -0.1432062561         18.45919068         0.000000000        0.3674595930E-01
   -0.1422287390         18.37204048         0.000000000        0.3749948639E-01
   -0.1412512219         18.28516140         0.000000000        0.3826677145E-01
   -0.1402737048         18.19855346         0.000000000        0.3904802960E-01
   -0.1392961877         18.11221666         0.000000000        0.3984347857E-01
   -0.1383186706         18.02615098         0.000000000        0.4065333875E-01
   -0.1373411535         17.94035644         0.000000000        0.4147783319E-01
   -0.1363636364         17.85483302         0.000000000        0.4231718763E-01
   -0.1353861193         17.76958074         0.000000000        0.4317163049E-01
   -0.1344086022         17.68459960         0.000000000        0.4404139294E-01
   -0.1334310850         17.59988958         0.000000000        0.4492670886E-01
   -0.1324535679         17.51545070         0.000000000        0.4582781493E-01
   -0.1314760508         17.43128295         0.000000000        0.4674495055E-01
   -0.1304985337         17.34738633         0.000000000        0.4767835796E-01
   -0.1295210166         17.26376084         0.000000000        0.4862828219E-01
   -0.1285434995         17.18040648         0.000000000        0.4959497110E-01
   -0.1275659824         17.09732326         0.000000000        0.5057867541E-01
   -0.1265884653         17.01451117         0.000000000        0.5157964869E-01
   -0.1256109482         16.93197021         0.000000000        0.5259814740E-01
   -0.1246334311         16.84968966         0.000000000        0.5363443091E-01
   -0.1236559140         16.76755744         0.000000000        0.5468876145E-01
   -0.1226783969         16.68554377         0.000000000        0.5576140411E-01
   -0.1217008798         16.60364864         0.000000000        0.5685262670E-01
   -0.1207233627         16.52187204         0.000000000        0.5796269986E-01
   -0.1197458456         16.44021399         0.000000000        0.5909189699E-01
   -0.1187683284         16.35867447         0.000000000        0.6024049429E-01
   -0.1177908113         16.27725350         0.000000000        0.6140877075E-01
   -0.1168132942         16.19595106         0.000000000        0.6259700818E-01
   -0.1158357771         16.11476716         0.000000000        0.6380549117E-01
   -0.1148582600         16.03370181         0.000000000        0.6503450714E-01
   -0.1138807429         15.95275499         0.000000000        0.6628434630E-01
   -0.1129032258         15.87192671         0.000000000        0.6755530170E-01
   -0.1119257087         15.79121697         0.000000000        0.6884766917E-01
   -0.1109481916         15.71062577         0.000000000        0.7016174738E-01
   -0.1099706745         15.63015312         0.000000000        0.7149783778E-01
   -0.1089931574         15.54979900         0.000000000        0.7285624465E-01
   -0.1080156403         15.46956342         0.000000000        0.7423727508E-01
   -0.1070381232         15.38944637         0.000000000        0.7564123897E-01
   -0.1060606061         15.30944787         0.000000000        0.7706844899E-01
   -0.1050830890         15.22956791         0.000000000        0.7851922064E-01
   -0.1041055718         15.14980649         0.000000000        0.7999387221E-01
   -0.1031280547         15.07016361         0.000000000        0.8149272475E-01
   -0.1021505376         14.99063926         0.000000000        0.8301610210E-01
   -0.1011730205         14.91123346         0.000000000        0.8456433089E-01
   -0.1001955034         14.83194620         0.000000000        0.8613774048E-01
   -0.9921798631E-01     14.75277747         0.000000000        0.8773666301E-01
   -0.9824046921E-01     14.67372729         0.000000000        0.8936143333E-01
   -0.9726295210E-01     14.59479564         0.000000000        0.9101238906E-01
   -0.9628543500E-01     14.51598254         0.000000000        0.9268987050E-01
   -0.9530791789E-01     14.43728797         0.000000000        0.9439422068E-01
   -0.9433040078E-01     14.35871194         0.000000000        0.9612578531E-01
   -0.9335288368E-01     14.28025446         0.000000000        0.9788491276E-01
   -0.9237536657E-01     14.20191551         0.000000000        0.9967195408E-01
   -0.9139784946E-01     14.12369510         0.000000000        0.1014872629    
   -0.9042033236E-01     14.04559323         0.000000000        0.1033311957    
   -0.8944281525E-01     13.96760990         0.000000000        0.1052041111    
   -0.8846529814E-01     13.88974511         0.000000000        0.1071063708    
   -0.8748778104E-01     13.81199886         0.000000000        0.1090383388    
   -0.8651026393E-01     13.73437115         0.000000000        0.1110003817    
   -0.8553274682E-01     13.65686198         0.000000000        0.1129928685    
   -0.8455522972E-01     13.57947135         0.000000000        0.1150161709    
   -0.8357771261E-01     13.50219926         0.000000000        0.1170706628    
   -0.8260019550E-01     13.42504571         0.000000000        0.1191567208    
   -0.8162267840E-01     13.34801069         0.000000000        0.1212747237    
   -0.8064516129E-01     13.27109422         0.000000000        0.1234250528    
   -0.7966764418E-01     13.19429629         0.000000000        0.1256080916    
   -0.7869012708E-01     13.11761689         0.000000000        0.1278242261    
   -0.7771260997E-01     13.04105604         0.000000000        0.1300738445    
   -0.7673509286E-01     12.96461372         0.000000000        0.1323573372    
   -0.7575757576E-01     12.88828995         0.000000000        0.1346750967    
   -0.7478005865E-01     12.81208257         0.000000000        0.1370275180    
   -0.7380254154E-01     12.73593458         0.000000000        0.1394149978    
   -0.7282502444E-01     12.65982059         0.000000000        0.1418379350    
   -0.7184750733E-01     12.58374060         0.000000000        0.1442967303    
   -0.7086999022E-01     12.50769460         0.000000000        0.1467917860    
   -0.6989247312E-01     12.43168260         0.000000000        0.1493235062    
   -0.6891495601E-01     12.35570460         0.000000000        0.1518922965    
   -0.6793743891E-01     12.27976060         0.000000000        0.1544985643    
   -0.6695992180E-01     12.20385059         0.000000000        0.1571427182    
   -0.6598240469E-01     12.12797458         0.000000000        0.1598251685    
   -0.6500488759E-01     12.05213257         0.000000000        0.1625463266    
   -0.6402737048E-01     11.97632456         0.000000000        0.1653066055    
   -0.6304985337E-01     11.90055055         0.000000000        0.1681064193    
   -0.6207233627E-01     11.82481053         0.000000000        0.1709461830    
   -0.6109481916E-01     11.74910451         0.000000000        0.1738263131    
   -0.6011730205E-01     11.67343249         0.000000000        0.1767472268    
   -0.5913978495E-01     11.59779447         0.000000000        0.1797093424    
   -0.5816226784E-01     11.52219044         0.000000000        0.1827130790    
   -0.5718475073E-01     11.44662041         0.000000000        0.1857588562    
   -0.5620723363E-01     11.37108438         0.000000000        0.1888470946    
   -0.5522971652E-01     11.29558235         0.000000000        0.1919782153    
   -0.5425219941E-01     11.22011431         0.000000000        0.1951526397    
   -0.5327468231E-01     11.14468028         0.000000000        0.1983707899    
   -0.5229716520E-01     11.06928024         0.000000000        0.2016330880    
   -0.5131964809E-01     10.99391420         0.000000000        0.2049399564    
   -0.5034213099E-01     10.91858215         0.000000000        0.2082918177    
   -0.4936461388E-01     10.84328411         0.000000000        0.2116890945    
   -0.4838709677E-01     10.76802006         0.000000000        0.2151322091    
   -0.4740957967E-01     10.69279001         0.000000000        0.2186215837    
   -0.4643206256E-01     10.61759395         0.000000000        0.2221576402    
   -0.4545454545E-01     10.54243190         0.000000000        0.2257408001    
   -0.4447702835E-01     10.46730384         0.000000000        0.2293714842    
   -0.4349951124E-01     10.39220978         0.000000000        0.2330501128    
   -0.4252199413E-01     10.31714972         0.000000000        0.2367771053    
   -0.4154447703E-01     10.24212365         0.000000000        0.2405528803    
   -0.4056695992E-01     10.16713158         0.000000000        0.2443778552    
   -0.3958944282E-01     10.09217351         0.000000000        0.2482524463    
   -0.3861192571E-01     10.01724944         0.000000000        0.2521770689    
   -0.3763440860E-01     9.942359369         0.000000000        0.2561521364    
   -0.3665689150E-01     9.867503292         0.000000000        0.2601780609    
   -0.3567937439E-01     9.792681214         0.000000000        0.2642552529    
   -0.3470185728E-01     9.717893133         0.000000000        0.2683841208    
   -0.3372434018E-01     9.643139050         0.000000000        0.2725650713    
   -0.3274682307E-01     9.568418964         0.000000000        0.2767985089    
   -0.3176930596E-01     9.493732877         0.000000000        0.2810848356    
   -0.3079178886E-01     9.419080787         0.000000000        0.2854244514    
   -0.2981427175E-01     9.344462694         0.000000000        0.2898177533    
   -0.2883675464E-01     9.269878600         0.000000000        0.2942651360    
   -0.2785923754E-01     9.195328503         0.000000000        0.2987669910    
   -0.2688172043E-01     9.120812404         0.000000000        0.3033237068    
   -0.2590420332E-01     9.046330302         0.000000000        0.3079356689    
   -0.2492668622E-01     8.971882199         0.000000000        0.3126032591    
   -0.2394916911E-01     8.897468079         0.000000000        0.3173268560    
   -0.2297165200E-01     8.823087934         0.000000000        0.3221068343    
   -0.2199413490E-01     8.748741764         0.000000000        0.3269435648    
   -0.2101661779E-01     8.674429569         0.000000000        0.3318374143    
   -0.2003910068E-01     8.600151348         0.000000000        0.3367887453    
   -0.1906158358E-01     8.525907101         0.000000000        0.3417979160    
   -0.1808406647E-01     8.451696830         0.000000000        0.3468652798    
   -0.1710654936E-01     8.377520532         0.000000000        0.3519911855    
   -0.1612903226E-01     8.303378210         0.000000000        0.3571759768    
   -0.1515151515E-01     8.229269862         0.000000000        0.3624199922    
   -0.1417399804E-01     8.155195488         0.000000000        0.3677235649    
   -0.1319648094E-01     8.081155090         0.000000000        0.3730870225    
   -0.1221896383E-01     8.007148665         0.000000000        0.3785106868    
   -0.1124144673E-01     7.933176216         0.000000000        0.3839948737    
   -0.1026392962E-01     7.859237741         0.000000000        0.3895398928    
   -0.9286412512E-02     7.785333240         0.000000000        0.3951460473    
   -0.8308895406E-02     7.711462714         0.000000000        0.4008136340    
   -0.7331378299E-02     7.637626163         0.000000000        0.4065429427    
   -0.6353861193E-02     7.563823586         0.000000000        0.4123342563    
   -0.5376344086E-02     7.490054984         0.000000000        0.4181878502    
   -0.4398826979E-02     7.416320357         0.000000000        0.4241039926    
   -0.3421309873E-02     7.342619704         0.000000000        0.4300829439    
   -0.2443792766E-02     7.268953025         0.000000000        0.4361249566    
   -0.1466275660E-02     7.195320322         0.000000000        0.4422302750    
   -0.4887585533E-03     7.121721592         0.000000000        0.4483991351    
    0.4887585533E-03     7.048156838         0.000000000        0.4546317642    
    0.1466275660E-02     6.974626058         0.000000000        0.4609283808    
    0.2443792766E-02     6.901129252         0.000000000        0.4672891942    
    0.3421309873E-02     6.827666422         0.000000000        0.4737144047    
    0.4398826979E-02     6.754237565         0.000000000        0.4802042026    
    0.5376344086E-02     6.680842684         0.000000000        0.4867587686    
    0.6353861193E-02     6.607481777         0.000000000        0.4933782735    
    0.7331378299E-02     6.534154844         0.000000000        0.5000628774    
    0.8308895406E-02     6.460861886         0.000000000        0.5068127302    
    0.9286412512E-02     6.387602903         0.000000000        0.5136279708    
    0.1026392962E-01     6.314377894         0.000000000        0.5205087271    
    0.1124144673E-01     6.241186860         0.000000000        0.5274551156    
    0.1221896383E-01     6.168029801         0.000000000        0.5344672413    
    0.1319648094E-01     6.094906716         0.000000000        0.5415451973    
    0.1417399804E-01     6.021817606         0.000000000        0.5486890646    
    0.1515151515E-01     5.948762470         0.000000000        0.5558989118    
    0.1612903226E-01     5.875741309         0.000000000        0.5631747949    
    0.1710654936E-01     5.802754122         0.000000000        0.5705167571    
    0.1808406647E-01     5.729800910         0.000000000        0.5779248281    
    0.1906158358E-01     5.656881673         0.000000000        0.5853990246    
    0.2003910068E-01     5.583996410         0.000000000        0.5929393492    
    0.2101661779E-01     5.511145122         0.000000000        0.6005457907    
    0.2199413490E-01     5.438327808         0.000000000        0.6082183236    
    0.2297165200E-01     5.365544469         0.000000000        0.6159569079    
    0.2394916911E-01     5.292795105         0.000000000        0.6237614886    
    0.2492668622E-01     5.220079715         0.000000000        0.6316319958    
    0.2590420332E-01     5.147424762         0.000000000        0.6395683442    
    0.2688172043E-01     5.074865464         0.000000000        0.6475704333    
    0.2785923754E-01     5.002401995         0.000000000        0.6556381471    
    0.2883675464E-01     4.930034356         0.000000000        0.6637713545    
    0.2981427175E-01     4.857762546         0.000000000        0.6719699088    
    0.3079178886E-01     4.785586565         0.000000000        0.6802336472    
    0.3176930596E-01     4.713506413         0.000000000        0.6885623909    
    0.3274682307E-01     4.641522090         0.000000000        0.6969559448    
    0.3372434018E-01     4.569633597         0.000000000        0.7054140971    
    0.3470185728E-01     4.497840933         0.000000000        0.7139366189    
    0.3567937439E-01     4.426144098         0.000000000        0.7225232644    
    0.3665689150E-01     4.354543092         0.000000000        0.7311737705    
    0.3763440860E-01     4.283037916         0.000000000        0.7398878562    
    0.3861192571E-01     4.211628569         0.000000000        0.7486652227    
    0.3958944282E-01     4.140315051         0.000000000        0.7575055532    
    0.4056695992E-01     4.069097362         0.000000000        0.7664085123    
    0.4154447703E-01     3.997975502         0.000000000        0.7753737463    
    0.4252199413E-01     3.926949472         0.000000000        0.7844008823    
    0.4349951124E-01     3.856019270         0.000000000        0.7934895285    
    0.4447702835E-01     3.785184899         0.000000000        0.8026392736    
    0.4545454545E-01     3.714446356         0.000000000        0.8118496869    
    0.4643206256E-01     3.643803642         0.000000000        0.8211203176    
    0.4740957967E-01     3.573256758         0.000000000        0.8304506950    
    0.4838709677E-01     3.502805703         0.000000000        0.8398403283    
    0.4936461388E-01     3.432450477         0.000000000        0.8492887057    
    0.5034213099E-01     3.362191080         0.000000000        0.8587952949    
    0.5131964809E-01     3.292027512         0.000000000        0.8683595427    
    0.5229716520E-01     3.221959774         0.000000000        0.8779808745    
    0.5327468231E-01     3.151987865         0.000000000        0.8876586943    
    0.5425219941E-01     3.082111785         0.000000000        0.8973923844    
    0.5522971652E-01     3.012331535         0.000000000        0.9071813053    
    0.5620723363E-01     2.942647113         0.000000000        0.9170247953    
    0.5718475073E-01     2.873058521         0.000000000        0.9269221705    
    0.5816226784E-01     2.803565758         0.000000000        0.9368727242    
    0.5913978495E-01     2.734168824         0.000000000        0.9468757274    
    0.6011730205E-01     2.664867720         0.000000000        0.9569304278    
    0.6109481916E-01     2.595662444         0.000000000        0.9670360500    
    0.6207233627E-01     2.526552998         0.000000000        0.9771917954    
    0.6304985337E-01     2.457539381         0.000000000        0.9873968419    
    0.6402737048E-01     2.388621593         0.000000000        0.9976503434    
    0.6500488759E-01     2.319799635         0.000000000         1.007951430    
    0.6598240469E-01     2.251073505         0.000000000         1.018299208    
    0.6695992180E-01     2.182443205         0.000000000         1.028692759    
    0.6793743891E-01     2.113908734         0.000000000         1.039131141    
    0.6891495601E-01     2.045470093         0.000000000         1.049613386    
    0.6989247312E-01     1.977127280         0.000000000         1.060138502    
    0.7086999022E-01     1.908880297         0.000000000         1.070705473    
    0.7184750733E-01     1.840729143         0.000000000         1.081313256    
    0.7282502444E-01     1.772673818         0.000000000         1.091960784    
    0.7380254154E-01     1.704714323         0.000000000         1.102646964    
    0.7478005865E-01     1.636850656         0.000000000         1.113370679    
    0.7575757576E-01     1.569127182         0.000000000         1.124130784    
    0.7673509286E-01     1.501643518         0.000000000         1.134926112    
    0.7771260997E-01     1.434403406         0.000000000         1.145755470    
    0.7869012708E-01     1.367406843         0.000000000         1.156617646    
    0.7966764418E-01     1.300653832         0.000000000         1.167511403    
    0.8064516129E-01     1.234144371         0.000000000         1.178435482    
    0.8162267840E-01     1.167878460         0.000000000         1.189388602    
    0.8260019550E-01     1.101856100         0.000000000         1.200369459    
    0.8357771261E-01     1.036077291         0.000000000         1.211376726    
    0.8455522972E-01    0.9705420316         0.000000000         1.222409054    
    0.8553274682E-01    0.9052503232         0.000000000         1.233465073    
    0.8651026393E-01    0.8402021654         0.000000000         1.244543387    
    0.8748778104E-01    0.7753975580         0.000000000         1.255642580    
    0.8846529814E-01    0.7108365013         0.000000000         1.266761215    
    0.8944281525E-01    0.6465189950         0.000000000         1.277897829    
    0.9042033236E-01    0.5824450393         0.000000000         1.289050939    
    0.9139784946E-01    0.5186146342         0.000000000         1.300219041    
    0.9237536657E-01    0.4550277796         0.000000000         1.311400607    
    0.9335288368E-01    0.3916844755         0.000000000         1.322594087    
    0.9433040078E-01    0.3285847220         0.000000000         1.333797910    
    0.9530791789E-01    0.2657285190         0.000000000         1.345010484    
    0.9628543500E-01    0.2031158666         0.000000000         1.356230193    
    0.9726295210E-01    0.1407467647         0.000000000         1.367455400    
    0.9824046921E-01    0.7862121335E-01     0.000000000         1.378684450    
    0.9921798631E-01    0.1673921254E-01     0.000000000         1.389915662    
    0.1001955034       -0.4489923773E-01     0.000000000         1.401147338    
    0.1011730205       -0.1062941375         0.000000000         1.412377755    
    0.1021505376       -0.1674454866         0.000000000         1.423605173    
    0.1031280547       -0.2283532853         0.000000000         1.434827828    
    0.1041055718       -0.2890175334         0.000000000         1.446043939    
    0.1050830890       -0.3494382309         0.000000000         1.457251703    
    0.1060606061       -0.4096153780         0.000000000         1.468449296    
    0.1070381232       -0.4695489744         0.000000000         1.479634876    
    0.1080156403       -0.5292390204         0.000000000         1.490806580    
    0.1089931574       -0.5886855158         0.000000000         1.501962527    
    0.1099706745       -0.6478884606         0.000000000         1.513100816    
    0.1109481916       -0.7068478549         0.000000000         1.524219527    
    0.1119257087       -0.7655636987         0.000000000         1.535316721    
    0.1129032258       -0.8240359919         0.000000000         1.546390442    
    0.1138807429       -0.8822647346         0.000000000         1.557438715    
    0.1148582600       -0.9402499267         0.000000000         1.568459548    
    0.1158357771       -0.9979915683         0.000000000         1.579450929    
    0.1168132942        -1.055489659         0.000000000         1.590410831    
    0.1177908113        -1.112744200         0.000000000         1.601337210    
    0.1187683284        -1.169755190         0.000000000         1.612228005    
    0.1197458456        -1.226522629         0.000000000         1.623081138    
    0.1207233627        -1.283046518         0.000000000         1.633894515    
    0.1217008798        -1.339326857         0.000000000         1.644666028    
    0.1226783969        -1.395363644         0.000000000         1.655393553    
    0.1236559140        -1.451156882         0.000000000         1.666074949    
    0.1246334311        -1.506706568         0.000000000         1.676708064    
    0.1256109482        -1.561975778         0.000000000         1.687290728    
    0.1265884653        -1.616825668         0.000000000         1.697820763    
    0.1275659824        -1.671242946         0.000000000         1.708295979    
    0.1285434995        -1.725227610         0.000000000         1.718714183    
    0.1295210166        -1.778779661         0.000000000         1.729073173    
    0.1304985337        -1.831899099         0.000000000         1.739370745    
    0.1314760508        -1.884585924         0.000000000         1.749604687    
    0.1324535679        -1.936840136         0.000000000         1.759772783    
    0.1334310850        -1.988661735         0.000000000         1.769872816    
    0.1344086022        -2.040050720         0.000000000         1.779902562    
    0.1353861193        -2.091007093         0.000000000         1.789859798    
    0.1363636364        -2.141530853         0.000000000         1.799742296    
    0.1373411535        -2.191621999         0.000000000         1.809547828    
    0.1383186706        -2.241280533         0.000000000         1.819274164    
    0.1392961877        -2.290506453         0.000000000         1.828919075    
    0.1402737048        -2.339299761         0.000000000         1.838480331    
    0.1412512219        -2.387660455         0.000000000         1.847955704    
    0.1422287390        -2.435588536         0.000000000         1.857342966    
    0.1432062561        -2.483084005         0.000000000         1.866639893    
    0.1441837732        -2.530146860         0.000000000         1.875844261    
    0.1451612903        -2.576777102         0.000000000         1.884953851    
    0.1461388074        -2.622974731         0.000000000         1.893966449    
    0.1471163245        -2.668739747         0.000000000         1.902879842    
    0.1480938416        -2.714072149         0.000000000         1.911691825    
    0.1490713587        -2.758971939         0.000000000         1.920400199    
    0.1500488759        -2.803439116         0.000000000         1.929002768    
    0.1510263930        -2.847473680         0.000000000         1.937497347    
    0.1520039101        -2.891075630         0.000000000         1.945881756    
    0.1529814272        -2.934244968         0.000000000         1.954153824    
    0.1539589443        -2.976981692         0.000000000         1.962311389    
    0.1549364614        -3.019285804         0.000000000         1.970352298    
    0.1559139785        -3.061157302         0.000000000         1.978274409    
    0.1568914956        -3.102596187         0.000000000         1.986075590    
    0.1578690127        -3.143602459         0.000000000         1.993753721    
    0.1588465298        -3.184176119         0.000000000         2.001306694    
    0.1598240469        -3.224317165         0.000000000         2.008732412    
    0.1608015640        -3.264025598         0.000000000         2.016028794    
    0.1617790811        -3.303301418         0.000000000         2.023193771    
    0.1627565982        -3.342144625         0.000000000         2.030225290    
    0.1637341153        -3.380555218         0.000000000         2.037121311    
    0.1647116325        -3.418533199         0.000000000         2.043879813    
    0.1656891496        -3.456078567         0.000000000         2.050498788    
    0.1666666667        -3.493191321         0.000000000         2.056976248    
    0.1676441838        -3.529871463         0.000000000         2.063310222    
    0.1686217009        -3.566118991         0.000000000         2.069498755    
    0.1695992180        -3.601933907         0.000000000         2.075539914    
    0.1705767351        -3.637316209         0.000000000         2.081431785    
    0.1715542522        -3.672265899         0.000000000         2.087172473    
    0.1725317693        -3.706782975         0.000000000         2.092760104    
    0.1735092864        -3.740867438         0.000000000         2.098192826    
    0.1744868035        -3.774519288         0.000000000         2.103468808    
    0.1754643206        -3.807703717         0.000000000         2.108586245    
    0.1764418377        -3.840189503         0.000000000         2.113543352    
    0.1774193548        -3.871934125         0.000000000         2.118338383    
    0.1783968719        -3.902937582         0.000000000         2.122969627    
    0.1793743891        -3.933199875         0.000000000         2.127435411    
    0.1803519062        -3.962721003         0.000000000         2.131734102    
    0.1813294233        -3.991500966         0.000000000         2.135864106    
    0.1823069404        -4.019539765         0.000000000         2.139823867    
    0.1832844575        -4.046837400         0.000000000         2.143611874    
    0.1842619746        -4.073393870         0.000000000         2.147226652    
    0.1852394917        -4.099209175         0.000000000         2.150666772    
    0.1862170088        -4.124283316         0.000000000         2.153930844    
    0.1871945259        -4.148616292         0.000000000         2.157017523    
    0.1881720430        -4.172208104         0.000000000         2.159925507    
    0.1891495601        -4.195058752         0.000000000         2.162653538    
    0.1901270772        -4.217168234         0.000000000         2.165200401    
    0.1911045943        -4.238536552         0.000000000         2.167564926    
    0.1920821114        -4.259163706         0.000000000         2.169745991    
    0.1930596285        -4.279049695         0.000000000         2.171742516    
    0.1940371457        -4.298194520         0.000000000         2.173553469    
    0.1950146628        -4.316598180         0.000000000         2.175177866    
    0.1959921799        -4.334260675         0.000000000         2.176614766    
    0.1969696970        -4.351182006         0.000000000         2.177863279    
    0.1979472141        -4.367362173         0.000000000         2.178922560    
    0.1989247312        -4.382801175         0.000000000         2.179791813    
    0.1999022483        -4.397499012         0.000000000         2.180470291    
    0.2008797654        -4.411455685         0.000000000         2.180957294    
    0.2018572825        -4.424671193         0.000000000         2.181252172    
    0.2028347996        -4.437145537         0.000000000         2.181354323    
    0.2038123167        -4.448878716         0.000000000         2.181263195    
    0.2047898338        -4.459870731         0.000000000         2.180978284    
    0.2057673509        -4.470121581         0.000000000         2.180499137    
    0.2067448680        -4.479631266         0.000000000         2.179825351    
    0.2077223851        -4.488399787         0.000000000         2.178956572    
    0.2086999022        -4.496427144         0.000000000         2.177892495    
    0.2096774194        -4.503713336         0.000000000         2.176632868    
    0.2106549365        -4.510258363         0.000000000         2.175177486    
    0.2116324536        -4.516062226         0.000000000         2.173526197    
    0.2126099707        -4.521124925         0.000000000         2.171678896    
    0.2135874878        -4.525446458         0.000000000         2.169635532    
    0.2145650049        -4.529026828         0.000000000         2.167396101    
    0.2155425220        -4.531866032         0.000000000         2.164960650    
    0.2165200391        -4.533964073         0.000000000         2.162329278    
    0.2174975562        -4.535320948         0.000000000         2.159502132    
    0.2184750733        -4.535936659         0.000000000         2.156479409    
    0.2194525904        -4.535811206         0.000000000         2.153261356    
    0.2204301075        -4.534944588         0.000000000         2.149848270    
    0.2214076246        -4.533336805         0.000000000         2.146240498    
    0.2223851417        -4.530987858         0.000000000         2.142438436    
    0.2233626588        -4.527897747         0.000000000         2.138442527    
    0.2243401760        -4.524066471         0.000000000         2.134253266    
    0.2253176931        -4.519474319         0.000000000         2.129871194    
    0.2262952102        -4.513852801         0.000000000         2.125296904    
    0.2272727273        -4.507116892         0.000000000         2.120531047    
    0.2282502444        -4.499266591         0.000000000         2.115574339    
    0.2292277615        -4.490301899         0.000000000         2.110427556    
    0.2302052786        -4.480222815         0.000000000         2.105091539    
    0.2311827957        -4.469029339         0.000000000         2.099567191    
    0.2321603128        -4.456721471         0.000000000         2.093855474    
    0.2331378299        -4.443299212         0.000000000         2.087957413    
    0.2341153470        -4.428762561         0.000000000         2.081874093    
    0.2350928641        -4.413111519         0.000000000         2.075606657    
    0.2360703812        -4.396346085         0.000000000         2.069156309    
    0.2370478983        -4.378466259         0.000000000         2.062524310    
    0.2380254154        -4.359472042         0.000000000         2.055711977    
    0.2390029326        -4.339363433         0.000000000         2.048720688    
    0.2399804497        -4.318140432         0.000000000         2.041551872    
    0.2409579668        -4.295803040         0.000000000         2.034207016    
    0.2419354839        -4.272351256         0.000000000         2.026687661    
    0.2429130010        -4.247785080         0.000000000         2.018995402    
    0.2438905181        -4.222104513         0.000000000         2.011131883    
    0.2448680352        -4.195309554         0.000000000         2.003098805    
    0.2458455523        -4.167400203         0.000000000         1.994897916    
    0.2468230694        -4.138376461         0.000000000         1.986531014    
    0.2478005865        -4.108238327         0.000000000         1.977999948    
    0.2487781036        -4.076985802         0.000000000         1.969306612    
    0.2497556207        -4.044618885         0.000000000         1.960452949    
    0.2507331378        -4.011137576         0.000000000         1.951440947    
    0.2517106549        -3.976541875         0.000000000         1.942272638    
    0.2526881720        -3.940831783         0.000000000         1.932950099    
    0.2536656891        -3.904007300         0.000000000         1.923475447    
    0.2546432063        -3.866068424         0.000000000         1.913850844    
    0.2556207234        -3.827015157         0.000000000         1.904078488    
    0.2565982405        -3.786847498         0.000000000         1.894160620    
    0.2575757576        -3.745565448         0.000000000         1.884099517    
    0.2585532747        -3.703169006         0.000000000         1.873897492    
    0.2595307918        -3.659658172         0.000000000         1.863556896    
    0.2605083089        -3.615032947         0.000000000         1.853080111    
    0.2614858260        -3.569293330         0.000000000         1.842469555    
    0.2624633431        -3.522439321         0.000000000         1.831727676    
    0.2634408602        -3.474470921         0.000000000         1.820856955    
    0.2644183773        -3.425388129         0.000000000         1.809859899    
    0.2653958944        -3.375190946         0.000000000         1.798739045    
    0.2663734115        -3.323879370         0.000000000         1.787496958    
    0.2673509286        -3.271453404         0.000000000         1.776136226    
    0.2683284457        -3.217913045         0.000000000         1.764659463    
    0.2693059629        -3.163258295         0.000000000         1.753069305    
    0.2702834800        -3.107489153         0.000000000         1.741368411    
    0.2712609971        -3.050605620         0.000000000         1.729559458    
    0.2722385142        -2.992607695         0.000000000         1.717645143    
    0.2732160313        -2.933495378         0.000000000         1.705628183    
    0.2741935484        -2.873268669         0.000000000         1.693511308    
    0.2751710655        -2.811918996         0.000000000         1.681297265    
    0.2761485826        -2.749085579         0.000000000         1.668988815    
    0.2771260997        -2.684577881         0.000000000         1.656588744    
    0.2781036168        -2.618395902         0.000000000         1.644099867    
    0.2790811339        -2.550539643         0.000000000         1.631525026    
    0.2800586510        -2.481009102         0.000000000         1.618867088    
    0.2810361681        -2.409804280         0.000000000         1.606128947    
    0.2820136852        -2.336925178         0.000000000         1.593313517    
    0.2829912023        -2.262371794         0.000000000         1.580423734    
    0.2839687195        -2.186144130         0.000000000         1.567462551    
    0.2849462366        -2.108242185         0.000000000         1.554432940    
    0.2859237537        -2.028665958         0.000000000         1.541337888    
    0.2869012708        -1.947415451         0.000000000         1.528180396    
    0.2878787879        -1.864490663         0.000000000         1.514963476    
    0.2888563050        -1.779891594         0.000000000         1.501690150    
    0.2898338221        -1.693618244         0.000000000         1.488363450    
    0.2908113392        -1.605670613         0.000000000         1.474986413    
    0.2917888563        -1.516048702         0.000000000         1.461562081    
    0.2927663734        -1.424752509         0.000000000         1.448093502    
    0.2937438905        -1.331782035         0.000000000         1.434583722    
    0.2947214076        -1.237137281         0.000000000         1.421035790    
    0.2956989247        -1.140818245         0.000000000         1.407452751    
    0.2966764418        -1.042824929         0.000000000         1.393837647    
    0.2976539589       -0.9431573315         0.000000000         1.380193517    
    0.2986314761       -0.8418154532         0.000000000         1.366523392    
    0.2996089932       -0.7387992941         0.000000000         1.352830293    
    0.3005865103       -0.6341088539         0.000000000         1.339117235    
    0.3015640274       -0.5277441329         0.000000000         1.325387219    
    0.3025415445       -0.4197051309         0.000000000         1.311643233    
    0.3035190616       -0.3099918480         0.000000000         1.297888253    
    0.3044965787       -0.1986042842         0.000000000         1.284125238    
    0.3054740958       -0.8554243947E-01     0.000000000         1.270357128    
    0.3064516129        0.2919368620E-01     0.000000000         1.256586846    
    0.3074291300        0.1456040928         0.000000000         1.242817295    
    0.3084066471        0.2636887803         0.000000000         1.229051355    
    0.3093841642        0.3834477488         0.000000000         1.215291886    
    0.3103616813        0.5048809981         0.000000000         1.201541720    
    0.3113391984        0.6279885284         0.000000000         1.187803666    
    0.3123167155        0.7527703397         0.000000000         1.174080505    
    0.3132942326        0.8792264318         0.000000000         1.160374991    
    0.3142717498         1.007356805         0.000000000         1.146689848    
    0.3152492669         1.137161459         0.000000000         1.133027770    
    0.3162267840         1.268640394         0.000000000         1.119391418    
    0.3172043011         1.401793610         0.000000000         1.105783422    
    0.3181818182         1.536621106         0.000000000         1.092206377    
    0.3191593353         1.673122884         0.000000000         1.078662844    
    0.3201368524         1.811298943         0.000000000         1.065155347    
    0.3211143695         1.951149282         0.000000000         1.051686374    
    0.3220918866         2.092673903         0.000000000         1.038258376    
    0.3230694037         2.235872804         0.000000000         1.024873762    
    0.3240469208         2.380745987         0.000000000         1.011534904    
    0.3250244379         2.527293675         0.000000000        0.9982441338    
    0.3260019550         2.675894175         0.000000000        0.9850037402    
    0.3269794721         2.826890394         0.000000000        0.9718159790    
    0.3279569892         2.980282332         0.000000000        0.9586830754    
    0.3289345064         3.136069990         0.000000000        0.9456072247    
    0.3299120235         3.294253368         0.000000000        0.9325905903    
    0.3308895406         3.454832465         0.000000000        0.9196353028    
    0.3318670577         3.617807282         0.000000000        0.9067434589    
    0.3328445748         3.783177818         0.000000000        0.8939171200    
    0.3338220919         3.950944073         0.000000000        0.8811583114    
    0.3347996090         4.121106049         0.000000000        0.8684690213    
    0.3357771261         4.293663743         0.000000000        0.8558511994    
    0.3367546432         4.468617158         0.000000000        0.8433067565    
    0.3377321603         4.645966291         0.000000000        0.8308375631    
    0.3387096774         4.825711145         0.000000000        0.8184454490    
    0.3396871945         5.007851718         0.000000000        0.8061322020    
    0.3406647116         5.192388010         0.000000000        0.7938995678    
    0.3416422287         5.379320022         0.000000000        0.7817492483    
    0.3426197458         5.568647753         0.000000000        0.7696829021    
    0.3435972630         5.760371204         0.000000000        0.7577021428    
    0.3445747801         5.954490375         0.000000000        0.7458085390    
    0.3455522972         6.151005265         0.000000000        0.7340036136    
    0.3465298143         6.349915874         0.000000000        0.7222888433    
    0.3475073314         6.551222204         0.000000000        0.7106656583    
    0.3484848485         6.754924252         0.000000000        0.6991354413    
    0.3494623656         6.961022020         0.000000000        0.6876995280    
    0.3504398827         7.169515508         0.000000000        0.6763592060    
    0.3514173998         7.380404715         0.000000000        0.6651157148    
    0.3523949169         7.593689642         0.000000000        0.6539702459    
    0.3533724340         7.809370288         0.000000000        0.6429239419    
    0.3543499511         8.027446654         0.000000000        0.6319778967    
    0.3553274682         8.247918739         0.000000000        0.6211331556    
    0.3563049853         8.470786544         0.000000000        0.6103907147    
    0.3572825024         8.696050069         0.000000000        0.5997515213    
    0.3582600196         8.923709312         0.000000000        0.5892164735    
    0.3592375367         9.153764276         0.000000000        0.5787864207    
    0.3602150538         9.386214959         0.000000000        0.5684621632    
    0.3611925709         9.621061361         0.000000000        0.5582444524    
    0.3621700880         9.858303483         0.000000000        0.5481339913    
    0.3631476051         10.09794132         0.000000000        0.5381314342    
    0.3641251222         10.33997489         0.000000000        0.5282373872    
    0.3651026393         10.58440417         0.000000000        0.5184524083    
    0.3660801564         10.83122917         0.000000000        0.5087770077    
    0.3670576735         11.08044989         0.000000000        0.4992116481    
    0.3680351906         11.33206633         0.000000000        0.4897567451    
    0.3690127077         11.58607848         0.000000000        0.4804126674    
    0.3699902248         11.84248636         0.000000000        0.4711797376    
    0.3709677419         12.10128996         0.000000000        0.4620582320    
    0.3719452590         12.36248928         0.000000000        0.4530483815    
    0.3729227761         12.62608431         0.000000000        0.4441503720    
    0.3739002933         12.89207507         0.000000000        0.4353643448    
    0.3748778104         13.16046155         0.000000000        0.4266903972    
    0.3758553275         13.43161331         0.000000000        0.4181285832    
    0.3768328446         13.70611865         0.000000000        0.4096789173    
    0.3778103617         13.98398512         0.000000000        0.4013413789    
    0.3787878788         14.26521271         0.000000000        0.3931159129    
    0.3797653959         14.54980142         0.000000000        0.3850024300    
    0.3807429130         14.83775125         0.000000000        0.3770008071    
    0.3817204301         15.12906221         0.000000000        0.3691108870    
    0.3826979472         15.42373428         0.000000000        0.3613324793    
    0.3836754643         15.72176748         0.000000000        0.3536653603    
    0.3846529814         16.02316180         0.000000000        0.3461092732    
    0.3856304985         16.32791725         0.000000000        0.3386639290    
    0.3866080156         16.63603381         0.000000000        0.3313290064    
    0.3875855327         16.94751150         0.000000000        0.3241041526    
    0.3885630499         17.26235031         0.000000000        0.3169889833    
    0.3895405670         17.58055024         0.000000000        0.3099830835    
    0.3905180841         17.90211130         0.000000000        0.3030860078    
    0.3914956012         18.22703348         0.000000000        0.2962972813    
    0.3924731183         18.55531678         0.000000000        0.2896163994    
    0.3934506354         18.88696120         0.000000000        0.2830428293    
    0.3944281525         19.22196674         0.000000000        0.2765760095    
    0.3954056696         19.56033341         0.000000000        0.2702153516    
    0.3963831867         19.90206119         0.000000000        0.2639602397    
    0.3973607038         20.24715010         0.000000000        0.2578100320    
    0.3983382209         20.59560014         0.000000000        0.2517640608    
    0.3993157380         20.94741129         0.000000000        0.2458216335    
    0.4002932551         21.30258357         0.000000000        0.2399820332    
    0.4012707722         21.66111697         0.000000000        0.2342445192    
    0.4022482893         22.02301149         0.000000000        0.2286083281    
    0.4032258065         22.38826713         0.000000000        0.2230726739    
    0.4042033236         22.75688390         0.000000000        0.2176367494    
    0.4051808407         23.12886179         0.000000000        0.2122997263    
    0.4061583578         23.50420080         0.000000000        0.2070607563    
    0.4071358749         23.88290093         0.000000000        0.2019189718    
    0.4081133920         24.26496219         0.000000000        0.1968734864    
    0.4090909091         24.65038456         0.000000000        0.1919233959    
    0.4100684262         25.03916806         0.000000000        0.1870677789    
    0.4110459433         25.43131268         0.000000000        0.1823056978    
    0.4120234604         25.82681843         0.000000000        0.1776361989    
    0.4130009775         26.22568529         0.000000000        0.1730583141    
    0.4139784946         26.62791328         0.000000000        0.1685710606    
    0.4149560117         27.03350239         0.000000000        0.1641734426    
    0.4159335288         27.44245262         0.000000000        0.1598644515    
    0.4169110459         27.85476398         0.000000000        0.1556430666    
    0.4178885630         28.27043646         0.000000000        0.1515082561    
    0.4188660802         28.68947006         0.000000000        0.1474589779    
    0.4198435973         29.11186478         0.000000000        0.1434941798    
    0.4208211144         29.53762062         0.000000000        0.1396128009    
    0.4217986315         29.96673759         0.000000000        0.1358137716    
    0.4227761486         30.39921567         0.000000000        0.1320960152    
    0.4237536657         30.83505489         0.000000000        0.1284584476    
    0.4247311828         31.27425522         0.000000000        0.1248999789    
    0.4257086999         31.71726455         0.000000000        0.1214195133    
    0.4266862170         32.16527472         0.000000000        0.1180159517    
    0.4276637341         32.61835017         0.000000000        0.1146881943    
    0.4286412512         33.07649091         0.000000000        0.1114351412    
    0.4296187683         33.53969693         0.000000000        0.1082556930    
    0.4305962854         34.00796823         0.000000000        0.1051487511    
    0.4315738025         34.48130481         0.000000000        0.1021132176    
    0.4325513196         34.95970667         0.000000000        0.9914799662E-01
    0.4335288368         35.44317382         0.000000000        0.9625199331E-01
    0.4345063539         35.93170625         0.000000000        0.9342411539E-01
    0.4354838710         36.42530396         0.000000000        0.9066327264E-01
    0.4364613881         36.92396695         0.000000000        0.8796837789E-01
    0.4374389052         37.42769522         0.000000000        0.8533834677E-01
    0.4384164223         37.93648878         0.000000000        0.8277209864E-01
    0.4393939394         38.45034761         0.000000000        0.8026855632E-01
    0.4403714565         38.96927173         0.000000000        0.7782664708E-01
    0.4413489736         39.49326113         0.000000000        0.7544530228E-01
    0.4423264907         40.02231581         0.000000000        0.7312345842E-01
    0.4433040078         40.55643578         0.000000000        0.7086005676E-01
    0.4442815249         41.09562102         0.000000000        0.6865404434E-01
    0.4452590420         41.63987155         0.000000000        0.6650437359E-01
    0.4462365591         42.18918736         0.000000000        0.6441000339E-01
    0.4472140762         42.74356845         0.000000000        0.6236989858E-01
    0.4481915934         43.30301483         0.000000000        0.6038303112E-01
    0.4491691105         43.86752648         0.000000000        0.5844837946E-01
    0.4501466276         44.43710342         0.000000000        0.5656492980E-01
    0.4511241447         45.01174564         0.000000000        0.5473167536E-01
    0.4521016618         45.59145314         0.000000000        0.5294761769E-01
    0.4530791789         46.17622592         0.000000000        0.5121176588E-01
    0.4540566960         46.76606399         0.000000000        0.4952313787E-01
    0.4550342131         47.36096733         0.000000000        0.4788075959E-01
    0.4560117302         47.96093596         0.000000000        0.4628366642E-01
    0.4569892473         48.56596987         0.000000000        0.4473090206E-01
    0.4579667644         49.17606907         0.000000000        0.4322152017E-01
    0.4589442815         49.79123354         0.000000000        0.4175458314E-01
    0.4599217986         50.41146330         0.000000000        0.4032916373E-01
    0.4608993157         51.03675833         0.000000000        0.3894434378E-01
    0.4618768328         51.66711865         0.000000000        0.3759921591E-01
    0.4628543500         52.30254425         0.000000000        0.3629288209E-01
    0.4638318671         52.94303514         0.000000000        0.3502445548E-01
    0.4648093842         53.58859130         0.000000000        0.3379305878E-01
    0.4657869013         54.23921275         0.000000000        0.3259782625E-01
    0.4667644184         54.89489948         0.000000000        0.3143790184E-01
    0.4677419355         55.55565149         0.000000000        0.3031244143E-01
    0.4687194526         56.22146878         0.000000000        0.2922061063E-01
    0.4696969697         56.89235136         0.000000000        0.2816158732E-01
    0.4706744868         57.56829921         0.000000000        0.2713455912E-01
    0.4716520039         58.24931235         0.000000000        0.2613872624E-01
    0.4726295210         58.93539077         0.000000000        0.2517329855E-01
    0.4736070381         59.62653447         0.000000000        0.2423749878E-01
    0.4745845552         60.32274346         0.000000000        0.2333055923E-01
    0.4755620723         61.02401772         0.000000000        0.2245172530E-01
    0.4765395894         61.73035727         0.000000000        0.2160025174E-01
    0.4775171065         62.44176210         0.000000000        0.2077540671E-01
    0.4784946237         63.15823221         0.000000000        0.1997646735E-01
    0.4794721408         63.87976760         0.000000000        0.1920272456E-01
    0.4804496579         64.60636828         0.000000000        0.1845347772E-01
    0.4814271750         65.33803424         0.000000000        0.1772804039E-01
    0.4824046921         66.07476547         0.000000000        0.1702573392E-01
    0.4833822092         66.81656199         0.000000000        0.1634589437E-01
    0.4843597263         67.56342380         0.000000000        0.1568786471E-01
    0.4853372434         68.31535088         0.000000000        0.1505100328E-01
    0.4863147605         69.07234325         0.000000000        0.1443467413E-01
    0.4872922776         69.83440090         0.000000000        0.1383825772E-01
    0.4882697947         70.60152383         0.000000000        0.1326113843E-01
    0.4892473118         71.37371204         0.000000000        0.1270271868E-01
    0.4902248289         72.15096553         0.000000000        0.1216240223E-01
    0.4912023460         72.93328431         0.000000000        0.1163961344E-01
    0.4921798631         73.72066836         0.000000000        0.1113377398E-01
    0.4931573803         74.51311770         0.000000000        0.1064433074E-01
    0.4941348974         75.31063232         0.000000000        0.1017072075E-01
    0.4951124145         76.11321223         0.000000000        0.9712415432E-02
    0.4960899316         76.92085741         0.000000000        0.9268861873E-02
    0.4970674487         77.73356788         0.000000000        0.8839563217E-02
    0.4980449658         78.55134363         0.000000000        0.8423959762E-02
    0.4990224829         79.37418466         0.000000000        0.8021622534E-02
    0.5000000000         80.20209097         0.000000000        0.7631868341E-02
