   -0.5000000000        0.1451947269E-02   -0.9406723180E-03    0.1427429047E-02    0.1532973333E-02
   -0.4980430528        0.1371035909E-02   -0.8070145460E-03    0.1362962454E-02    0.1353533723E-02
   -0.4960861057        0.1302367184E-02   -0.6820868178E-03    0.1307198652E-02    0.1182340814E-02
   -0.4941291585        0.1244906334E-02   -0.5645344271E-03    0.1259569165E-02    0.1018153675E-02
   -0.4921722114        0.1197890350E-02   -0.4533324668E-03    0.1219632665E-02    0.8598868213E-03
   -0.4902152642        0.1160593849E-02   -0.3474521789E-03    0.1186980227E-02    0.7065009842E-03
   -0.4882583170        0.1132427587E-02   -0.2460091406E-03    0.1161273726E-02    0.5570434054E-03
   -0.4863013699        0.1112861937E-02   -0.1481556109E-03    0.1142214365E-02    0.4106103669E-03
   -0.4843444227        0.1101463082E-02   -0.5313729330E-04    0.1129556259E-02    0.2663602247E-03
   -0.4823874755        0.1097852777E-02    0.3976237681E-04    0.1123089580E-02    0.1234927732E-03
   -0.4804305284        0.1101726079E-02    0.1311932125E-03    0.1122646868E-02   -0.1874537641E-04
   -0.4784735812        0.1112825963E-02    0.2217729285E-03    0.1128092213E-02   -0.1610742802E-03
   -0.4765166341        0.1130953468E-02    0.3120698346E-03    0.1139324628E-02   -0.3041781637E-03
   -0.4745596869        0.1155950091E-02    0.4026265821E-03    0.1156270422E-02   -0.4487149872E-03
   -0.4726027397        0.1187704234E-02    0.4939487170E-03    0.1178885182E-02   -0.5953151592E-03
   -0.4706457926        0.1226138273E-02    0.5865219344E-03    0.1207148079E-02   -0.7445886294E-03
   -0.4686888454        0.1271212997E-02    0.6808038959E-03    0.1241063122E-02   -0.8971241187E-03
   -0.4667318982        0.1322917725E-02    0.7772372609E-03    0.1280654740E-02   -0.1053494511E-02
   -0.4647749511        0.1381273562E-02    0.8762434659E-03    0.1325968615E-02   -0.1214256282E-02
   -0.4628180039        0.1446325619E-02    0.9782328377E-03    0.1377068156E-02   -0.1379953652E-02
   -0.4608610568        0.1518145518E-02    0.1083599625E-02    0.1434035083E-02   -0.1551118059E-02
   -0.4589041096        0.1596825124E-02    0.1192730003E-02    0.1496966535E-02   -0.1728271377E-02
   -0.4569471624        0.1682478540E-02    0.1305997946E-02    0.1565975489E-02   -0.1911925359E-02
   -0.4549902153        0.1775236955E-02    0.1423771657E-02    0.1641188352E-02   -0.2102584128E-02
   -0.4530332681        0.1875250272E-02    0.1546410032E-02    0.1722745252E-02   -0.2300743556E-02
   -0.4510763209        0.1982682803E-02    0.1674267883E-02    0.1810797996E-02   -0.2506893182E-02
   -0.4491193738        0.2097714615E-02    0.1807692829E-02    0.1905510276E-02   -0.2721515518E-02
   -0.4471624266        0.2220537877E-02    0.1947029584E-02    0.2007055901E-02   -0.2945087502E-02
   -0.4452054795        0.2351357991E-02    0.2092617171E-02    0.2115618936E-02   -0.3178079739E-02
   -0.4432485323        0.2490390440E-02    0.2244792466E-02    0.2231392150E-02   -0.3420957578E-02
   -0.4412915851        0.2637861754E-02    0.2403887664E-02    0.2354577105E-02   -0.3674180295E-02
   -0.4393346380        0.2794006757E-02    0.2570233232E-02    0.2485382777E-02   -0.3938201869E-02
   -0.4373776908        0.2959069393E-02    0.2744155580E-02    0.2624025601E-02   -0.4213470123E-02
   -0.4354207436        0.3133300303E-02    0.2925979543E-02    0.2770728238E-02   -0.4500427259E-02
   -0.4334637965        0.3316957536E-02    0.3116026218E-02    0.2925719588E-02   -0.4799508977E-02
   -0.4315068493        0.3510304400E-02    0.3314615067E-02    0.3089233677E-02   -0.5111144824E-02
   -0.4295499022        0.3713610090E-02    0.3522061915E-02    0.3261509656E-02   -0.5435757307E-02
   -0.4275929550        0.3927147765E-02    0.3738680738E-02    0.3442790791E-02   -0.5773762112E-02
   -0.4256360078        0.4151195118E-02    0.3964781809E-02    0.3633324455E-02   -0.6125567229E-02
   -0.4236790607        0.4386032622E-02    0.4200673211E-02    0.3833361193E-02   -0.6491573035E-02
   -0.4217221135        0.4631943399E-02    0.4446658494E-02    0.4043154142E-02   -0.6872170487E-02
   -0.4197651663        0.4889210080E-02    0.4703036473E-02    0.4262956826E-02   -0.7267738824E-02
   -0.4178082192        0.5158114592E-02    0.4970098958E-02    0.4493022554E-02   -0.7678643718E-02
   -0.4158512720        0.5438936358E-02    0.5248131520E-02    0.4733603322E-02   -0.8105236675E-02
   -0.4138943249        0.5731952269E-02    0.5537411534E-02    0.4984949406E-02   -0.8547853562E-02
   -0.4119373777        0.6037434962E-02    0.5838208759E-02    0.5247308278E-02   -0.9006813905E-02
   -0.4099804305        0.6355652729E-02    0.6150783452E-02    0.5520924172E-02   -0.9482419428E-02
   -0.4080234834        0.6686867869E-02    0.6475386790E-02    0.5806037024E-02   -0.9974953287E-02
   -0.4060665362        0.7031336550E-02    0.6812259058E-02    0.6102882016E-02   -0.1048467863E-01
   -0.4041095890        0.7389307242E-02    0.7161629955E-02    0.6411688545E-02   -0.1101183782E-01
   -0.4021526419        0.7761020543E-02    0.7523716851E-02    0.6732679759E-02   -0.1155665103E-01
   -0.4001956947        0.8146707702E-02    0.7898725012E-02    0.7066071570E-02   -0.1211931547E-01
   -0.3982387476        0.8546590427E-02    0.8286845939E-02    0.7412072185E-02   -0.1270000407E-01
   -0.3962818004        0.8960879503E-02    0.8688257533E-02    0.7770881176E-02   -0.1329886473E-01
   -0.3943248532        0.9389774608E-02    0.9103122531E-02    0.8142689026E-02   -0.1391601911E-01
   -0.3923679061        0.9833463029E-02    0.9531588638E-02    0.8527676260E-02   -0.1455156198E-01
   -0.3904109589        0.1029211951E-01    0.9973787074E-02    0.8926013027E-02   -0.1520556009E-01
   -0.3884540117        0.1076590508E-01    0.1042983271E-01    0.9337858302E-02   -0.1587805163E-01
   -0.3864970646        0.1125496694E-01    0.1089982270E-01    0.9763359522E-02   -0.1656904530E-01
   -0.3845401174        0.1175943744E-01    0.1138383670E-01    0.1020265187E-01   -0.1727851987E-01
   -0.3825831703        0.1227943402E-01    0.1188193559E-01    0.1065585798E-01   -0.1800642341E-01
   -0.3806262231        0.1281505833E-01    0.1239416173E-01    0.1112308732E-01   -0.1875267307E-01
   -0.3786692759        0.1336639624E-01    0.1292053789E-01    0.1160443600E-01   -0.1951715446E-01
   -0.3767123288        0.1393351716E-01    0.1346106751E-01    0.1209998622E-01   -0.2029972166E-01
   -0.3747553816        0.1451647415E-01    0.1401573386E-01    0.1260980625E-01   -0.2110019684E-01
   -0.3727984344        0.1511530306E-01    0.1458450005E-01    0.1313394972E-01   -0.2191836999E-01
   -0.3708414873        0.1573002030E-01    0.1516730593E-01    0.1367245345E-01   -0.2275399521E-01
   -0.3688845401        0.1636062030E-01    0.1576406648E-01    0.1422533541E-01   -0.2360678801E-01
   -0.3669275930        0.1700707514E-01    0.1637467057E-01    0.1479259413E-01   -0.2447642448E-01
   -0.3649706458        0.1766933381E-01    0.1699898102E-01    0.1537420812E-01   -0.2536254110E-01
   -0.3630136986        0.1834732207E-01    0.1763683359E-01    0.1597013557E-01   -0.2626473436E-01
   -0.3610567515        0.1904094177E-01    0.1828803713E-01    0.1658031377E-01   -0.2718256071E-01
   -0.3590998043        0.1975007091E-01    0.1895237274E-01    0.1720465897E-01   -0.2811553645E-01
   -0.3571428571        0.2047456308E-01    0.1962959405E-01    0.1784306595E-01   -0.2906313795E-01
   -0.3551859100        0.2121424767E-01    0.2031942654E-01    0.1849540791E-01   -0.3002480170E-01
   -0.3532289628        0.2196892944E-01    0.2102156790E-01    0.1916153623E-01   -0.3099992483E-01
   -0.3512720157        0.2273838888E-01    0.2173568758E-01    0.1984128048E-01   -0.3198786540E-01
   -0.3493150685        0.2352238197E-01    0.2246142728E-01    0.2053444831E-01   -0.3298794320E-01
   -0.3473581213        0.2432064072E-01    0.2319840070E-01    0.2124082558E-01   -0.3399944032E-01
   -0.3454011742        0.2513287307E-01    0.2394619414E-01    0.2196017645E-01   -0.3502160215E-01
   -0.3434442270        0.2595876360E-01    0.2470436648E-01    0.2269224363E-01   -0.3605363830E-01
   -0.3414872798        0.2679797368E-01    0.2547244995E-01    0.2343674859E-01   -0.3709472383E-01
   -0.3395303327        0.2765014227E-01    0.2624995026E-01    0.2419339206E-01   -0.3814400045E-01
   -0.3375733855        0.2851488631E-01    0.2703634761E-01    0.2496185431E-01   -0.3920057806E-01
   -0.3356164384        0.2939180172E-01    0.2783109700E-01    0.2574179586E-01   -0.4026353618E-01
   -0.3336594912        0.3028046394E-01    0.2863362934E-01    0.2653285792E-01   -0.4133192575E-01
   -0.3317025440        0.3118042915E-01    0.2944335208E-01    0.2733466325E-01   -0.4240477087E-01
   -0.3297455969        0.3209123501E-01    0.3025965041E-01    0.2814681681E-01   -0.4348107079E-01
   -0.3277886497        0.3301240200E-01    0.3108188812E-01    0.2896890672E-01   -0.4455980200E-01
   -0.3258317025        0.3394343443E-01    0.3190940897E-01    0.2980050513E-01   -0.4563992037E-01
   -0.3238747554        0.3488382187E-01    0.3274153765E-01    0.3064116930E-01   -0.4672036339E-01
   -0.3219178082        0.3583303851E-01    0.3357757969E-01    0.3149044092E-01   -0.4780005013E-01
   -0.3199608611        0.3679053968E-01    0.3441681773E-01    0.3234784279E-01   -0.4887787659E-01
   -0.3180039139        0.3775576126E-01    0.3525851153E-01    0.3321287816E-01   -0.4995271587E-01
   -0.3160469667        0.3872812088E-01    0.3610189874E-01    0.3408503162E-01   -0.5102342006E-01
   -0.3140900196        0.3970701873E-01    0.3694619620E-01    0.3496376974E-01   -0.5208882231E-01
   -0.3121330724        0.4069183887E-01    0.3779060083E-01    0.3584854205E-01   -0.5314773890E-01
   -0.3101761252        0.4168195021E-01    0.3863429109E-01    0.3673878181E-01   -0.5419897148E-01
   -0.3082191781        0.4267670795E-01    0.3947642801E-01    0.3763390713E-01   -0.5524130930E-01
   -0.3062622309        0.4367545467E-01    0.4031615684E-01    0.3853332186E-01   -0.5627353162E-01
   -0.3043052838        0.4467752191E-01    0.4115260813E-01    0.3943641683E-01   -0.5729441006E-01
   -0.3023483366        0.4568223139E-01    0.4198489955E-01    0.4034257084E-01   -0.5830271113E-01
   -0.3003913894        0.4668889667E-01    0.4281213710E-01    0.4125115201E-01   -0.5929719871E-01
   -0.2984344423        0.4769682451E-01    0.4363341698E-01    0.4216151895E-01   -0.6027663669E-01
   -0.2964774951        0.4870531662E-01    0.4444782702E-01    0.4307302210E-01   -0.6123979149E-01
   -0.2945205479        0.4971367115E-01    0.4525444855E-01    0.4398500507E-01   -0.6218543484E-01
   -0.2925636008        0.5072118445E-01    0.4605235793E-01    0.4489680607E-01   -0.6311234633E-01
   -0.2906066536        0.5172715271E-01    0.4684062855E-01    0.4580775931E-01   -0.6401931620E-01
   -0.2886497065        0.5273087378E-01    0.4761833244E-01    0.4671719651E-01   -0.6490514796E-01
   -0.2866927593        0.5373164883E-01    0.4838454226E-01    0.4762444842E-01   -0.6576866118E-01
   -0.2847358121        0.5472878429E-01    0.4913833302E-01    0.4852884637E-01   -0.6660869410E-01
   -0.2827788650        0.5572159352E-01    0.4987878413E-01    0.4942972381E-01   -0.6742410639E-01
   -0.2808219178        0.5670939878E-01    0.5060498110E-01    0.5032641798E-01   -0.6821378174E-01
   -0.2788649706        0.5769153297E-01    0.5131601766E-01    0.5121827146E-01   -0.6897663055E-01
   -0.2769080235        0.5866734156E-01    0.5201099745E-01    0.5210463388E-01   -0.6971159244E-01
   -0.2749510763        0.5963618439E-01    0.5268903617E-01    0.5298486354E-01   -0.7041763892E-01
   -0.2729941292        0.6059743708E-01    0.5334926277E-01    0.5385832863E-01   -0.7109377511E-01
   -0.2710371820        0.6155048751E-01    0.5399081707E-01    0.5472440450E-01   -0.7173903652E-01
   -0.2690802348        0.6249473277E-01    0.5461284700E-01    0.5558247108E-01   -0.7235248582E-01
   -0.2671232877        0.6342957973E-01    0.5521450992E-01    0.5643191360E-01   -0.7293321424E-01
   -0.2651663405        0.6435444658E-01    0.5579497398E-01    0.5727212396E-01   -0.7348034355E-01
   -0.2632093933        0.6526876390E-01    0.5635341983E-01    0.5810250185E-01   -0.7399302791E-01
   -0.2612524462        0.6617197613E-01    0.5688904192E-01    0.5892245611E-01   -0.7447045567E-01
   -0.2592954990        0.6706354264E-01    0.5740105022E-01    0.5973140586E-01   -0.7491185113E-01
   -0.2573385519        0.6794293906E-01    0.5788867149E-01    0.6052878176E-01   -0.7531647617E-01
   -0.2553816047        0.6880965840E-01    0.5835115092E-01    0.6131402725E-01   -0.7568363190E-01
   -0.2534246575        0.6966321232E-01    0.5878775343E-01    0.6208659972E-01   -0.7601266012E-01
   -0.2514677104        0.7050313211E-01    0.5919776519E-01    0.6284597171E-01   -0.7630294481E-01
   -0.2495107632        0.7132896997E-01    0.5958049486E-01    0.6359163207E-01   -0.7655391342E-01
   -0.2475538160        0.7214029988E-01    0.5993527514E-01    0.6432308712E-01   -0.7676503820E-01
   -0.2455968689        0.7293671881E-01    0.6026146382E-01    0.6503986179E-01   -0.7693583726E-01
   -0.2436399217        0.7371784753E-01    0.6055844531E-01    0.6574150068E-01   -0.7706587571E-01
   -0.2416829746        0.7448333166E-01    0.6082563162E-01    0.6642756919E-01   -0.7715476654E-01
   -0.2397260274        0.7523284248E-01    0.6106246374E-01    0.6709765449E-01   -0.7720217155E-01
   -0.2377690802        0.7596607781E-01    0.6126841260E-01    0.6775136661E-01   -0.7720780200E-01
   -0.2358121331        0.7668276273E-01    0.6144298028E-01    0.6838833935E-01   -0.7717141933E-01
   -0.2338551859        0.7738265041E-01    0.6158570087E-01    0.6900823127E-01   -0.7709283558E-01
   -0.2318982387        0.7806552264E-01    0.6169614163E-01    0.6961072655E-01   -0.7697191384E-01
   -0.2299412916        0.7873119055E-01    0.6177390366E-01    0.7019553586E-01   -0.7680856852E-01
   -0.2279843444        0.7937949512E-01    0.6181862296E-01    0.7076239721E-01   -0.7660276552E-01
   -0.2260273973        0.8001030765E-01    0.6182997098E-01    0.7131107667E-01   -0.7635452220E-01
   -0.2240704501        0.8062353019E-01    0.6180765550E-01    0.7184136910E-01   -0.7606390738E-01
   -0.2221135029        0.8121909421E-01    0.6175141974E-01    0.7235309715E-01   -0.7573103927E-01
   -0.2201565558        0.8179695490E-01    0.6166103852E-01    0.7284610597E-01   -0.7535607909E-01
   -0.2181996086        0.8235708947E-01    0.6153631705E-01    0.7332026177E-01   -0.7493922874E-01
   -0.2162426614        0.8289949696E-01    0.6137709160E-01    0.7377545209E-01   -0.7448073042E-01
   -0.2142857143        0.8342419832E-01    0.6118322973E-01    0.7421158614E-01   -0.7398086608E-01
   -0.2123287671        0.8393123617E-01    0.6095463081E-01    0.7462859503E-01   -0.7343995697E-01
   -0.2103718200        0.8442067482E-01    0.6069122625E-01    0.7502643209E-01   -0.7285836295E-01
   -0.2084148728        0.8489259989E-01    0.6039297989E-01    0.7540507301E-01   -0.7223648181E-01
   -0.2064579256        0.8534711825E-01    0.6005988814E-01    0.7576451603E-01   -0.7157474852E-01
   -0.2045009785        0.8578435758E-01    0.5969198027E-01    0.7610478212E-01   -0.7087363435E-01
   -0.2025440313        0.8620446616E-01    0.5928931847E-01    0.7642591505E-01   -0.7013364596E-01
   -0.2005870841        0.8660761240E-01    0.5885199804E-01    0.7672798144E-01   -0.6935532443E-01
   -0.1986301370        0.8699398448E-01    0.5838014733E-01    0.7701107085E-01   -0.6853924416E-01
   -0.1966731898        0.8736378985E-01    0.5787392787E-01    0.7727529572E-01   -0.6768601179E-01
   -0.1947162427        0.8771725476E-01    0.5733353421E-01    0.7752079137E-01   -0.6679626497E-01
   -0.1927592955        0.8805462366E-01    0.5675919394E-01    0.7774771590E-01   -0.6587067113E-01
   -0.1908023483        0.8837615870E-01    0.5615116743E-01    0.7795625011E-01   -0.6490992616E-01
   -0.1888454012        0.8868213901E-01    0.5550974777E-01    0.7814659734E-01   -0.6391475308E-01
   -0.1868884540        0.8897286014E-01    0.5483526046E-01    0.7831898329E-01   -0.6288590055E-01
   -0.1849315068        0.8924863328E-01    0.5412806318E-01    0.7847365579E-01   -0.6182414149E-01
   -0.1829745597        0.8950978464E-01    0.5338854542E-01    0.7861088461E-01   -0.6073027146E-01
   -0.1810176125        0.8975665459E-01    0.5261712822E-01    0.7873096111E-01   -0.5960510722E-01
   -0.1790606654        0.8998959699E-01    0.5181426363E-01    0.7883419797E-01   -0.5844948502E-01
   -0.1771037182        0.9020897828E-01    0.5098043443E-01    0.7892092881E-01   -0.5726425903E-01
   -0.1751467710        0.9041517678E-01    0.5011615348E-01    0.7899150787E-01   -0.5605029964E-01
   -0.1731898239        0.9060858138E-01    0.4922196318E-01    0.7904630918E-01   -0.5480849159E-01
   -0.1712328767        0.9078958725E-01    0.4829843264E-01    0.7908572303E-01   -0.5353972996E-01
   -0.1692759295        0.9095859049E-01    0.4734615492E-01    0.7911015143E-01   -0.5224491601E-01
   -0.1673189824        0.9111598678E-01    0.4636574610E-01    0.7912000716E-01   -0.5092495534E-01
   -0.1653620352        0.9126217037E-01    0.4535784514E-01    0.7911571321E-01   -0.4958075665E-01
   -0.1634050881        0.9139753326E-01    0.4432311334E-01    0.7909770224E-01   -0.4821323028E-01
   -0.1614481409        0.9152246419E-01    0.4326223401E-01    0.7906641589E-01   -0.4682328690E-01
   -0.1594911937        0.9163734778E-01    0.4217591201E-01    0.7902230423E-01   -0.4541183607E-01
   -0.1575342466        0.9174256355E-01    0.4106487336E-01    0.7896582499E-01   -0.4397978500E-01
   -0.1555772994        0.9183848508E-01    0.3992986475E-01    0.7889744287E-01   -0.4252803710E-01
   -0.1536203523        0.9192547900E-01    0.3877165314E-01    0.7881762879E-01   -0.4105749075E-01
   -0.1516634051        0.9200390423E-01    0.3759102521E-01    0.7872685899E-01   -0.3956903795E-01
   -0.1497064579        0.9207411097E-01    0.3638878698E-01    0.7862561423E-01   -0.3806356306E-01
   -0.1477495108        0.9213643994E-01    0.3516576320E-01    0.7851437878E-01   -0.3654194153E-01
   -0.1457925636        0.9219122143E-01    0.3392279699E-01    0.7839363939E-01   -0.3500503875E-01
   -0.1438356164        0.9223877456E-01    0.3266074917E-01    0.7826388422E-01   -0.3345370875E-01
   -0.1418786693        0.9227940640E-01    0.3138049789E-01    0.7812560153E-01   -0.3188879316E-01
   -0.1399217221        0.9231341123E-01    0.3008293795E-01    0.7797927842E-01   -0.3031112008E-01
   -0.1379647750        0.9234106970E-01    0.2876898042E-01    0.7782539929E-01   -0.2872150302E-01
   -0.1360078278        0.9236264819E-01    0.2743955190E-01    0.7766444426E-01   -0.2712073996E-01
   -0.1340508806        0.9237839799E-01    0.2609559416E-01    0.7749688729E-01   -0.2550961242E-01
   -0.1320939335        0.9238855471E-01    0.2473806337E-01    0.7732319418E-01   -0.2388888468E-01
   -0.1301369863        0.9239333752E-01    0.2336792970E-01    0.7714382033E-01   -0.2225930304E-01
   -0.1281800391        0.9239294864E-01    0.2198617662E-01    0.7695920821E-01   -0.2062159525E-01
   -0.1262230920        0.9238757265E-01    0.2059380034E-01    0.7676978451E-01   -0.1897647011E-01
   -0.1242661448        0.9237737601E-01    0.1919180922E-01    0.7657595705E-01   -0.1732461717E-01
   -0.1223091977        0.9236250574E-01    0.1778122292E-01    0.7637811059E-01   -0.1566670656E-01
   -0.1203522505        0.9234308592E-01    0.1636307089E-01    0.7617659997E-01   -0.1400338860E-01
   -0.1183953033        0.9231921588E-01    0.1493839161E-01    0.7597174478E-01   -0.1233529437E-01
   -0.1164383562        0.9229096991E-01    0.1350823209E-01    0.7576382503E-01   -0.1066303682E-01
   -0.1144814090        0.9225839681E-01    0.1207364757E-01    0.7555307670E-01   -0.8987212446E-02
   -0.1125244618        0.9222151973E-01    0.1063570100E-01    0.7533968728E-01   -0.7308403229E-02
   -0.1105675147        0.9218033579E-01    0.9195462714E-02    0.7512379152E-01   -0.5627179184E-02
   -0.1086105675        0.9213481603E-01    0.7754009926E-02    0.7490546764E-01   -0.3944101260E-02
   -0.1066536204        0.9208490516E-01    0.6312426368E-02    0.7468473416E-01   -0.2259724737E-02
   -0.1046966732        0.9203052154E-01    0.4871801760E-02    0.7446154772E-01   -0.5746029316E-03
   -0.1027397260        0.9197155707E-01    0.3433231441E-02    0.7423580209E-01    0.1110708785E-02
   -0.1007827789        0.9190787725E-01    0.1997815804E-02    0.7400732833E-01    0.2795648906E-02
   -0.9882583170E-01    0.9183932119E-01    0.5666599088E-03    0.7377589636E-01    0.4479645659E-02
   -0.9686888454E-01    0.9176570175E-01   -0.8591271131E-03    0.7354121755E-01    0.6162113110E-02
   -0.9491193738E-01    0.9168680564E-01   -0.2278432475E-02    0.7330294843E-01    0.7842447485E-02
   -0.9295499022E-01    0.9160239371E-01   -0.3690140357E-02    0.7306069498E-01    0.9520023930E-02
   -0.9099804305E-01    0.9151220112E-01   -0.5093132359E-02    0.7281401745E-01    0.1119419365E-01
   -0.8904109589E-01    0.9141593772E-01   -0.6486288152E-02    0.7256243533E-01    0.1286428155E-01
   -0.8708414873E-01    0.9131328837E-01   -0.7868485971E-02    0.7230543236E-01    0.1452958427E-01
   -0.8512720157E-01    0.9120391341E-01   -0.9238603299E-02    0.7204246131E-01    0.1618936869E-01
   -0.8317025440E-01    0.9108744906E-01   -0.1059551740E-01    0.7177294854E-01    0.1784287081E-01
   -0.8121330724E-01    0.9096350800E-01   -0.1193810605E-01    0.7149629819E-01    0.1948929491E-01
   -0.7925636008E-01    0.9083167992E-01   -0.1326524810E-01    0.7121189610E-01    0.2112781311E-01
   -0.7729941292E-01    0.9069153219E-01   -0.1457582425E-01    0.7091911323E-01    0.2275756513E-01
   -0.7534246575E-01    0.9054261047E-01   -0.1586871767E-01    0.7061730895E-01    0.2437765826E-01
   -0.7338551859E-01    0.9038443946E-01   -0.1714281480E-01    0.7030583376E-01    0.2598716759E-01
   -0.7142857143E-01    0.9021652247E-01   -0.1839700615E-01    0.6998403118E-01    0.2758513605E-01
   -0.6947162427E-01    0.9003834067E-01   -0.1963018716E-01    0.6965123901E-01    0.2917057448E-01
   -0.6751467710E-01    0.8984935367E-01   -0.2084125887E-01    0.6930679130E-01    0.3074246207E-01
   -0.6555772994E-01    0.8964900061E-01   -0.2202912863E-01    0.6895002045E-01    0.3229974705E-01
   -0.6360078278E-01    0.8943670115E-01   -0.2319271076E-01    0.6858025901E-01    0.3384134746E-01
   -0.6164383562E-01    0.8921185667E-01   -0.2433092741E-01    0.6819684144E-01    0.3536615206E-01
   -0.5968688845E-01    0.8897385132E-01   -0.2544270919E-01    0.6779910571E-01    0.3687302129E-01
   -0.5772994129E-01    0.8872205330E-01   -0.2652699610E-01    0.6738639482E-01    0.3836078836E-01
   -0.5577299413E-01    0.8845581608E-01   -0.2758273831E-01    0.6695805825E-01    0.3982826043E-01
   -0.5381604697E-01    0.8817447975E-01   -0.2860889709E-01    0.6651345334E-01    0.4127421992E-01
   -0.5185909980E-01    0.8787737230E-01   -0.2960444562E-01    0.6605194656E-01    0.4269742577E-01
   -0.4990215264E-01    0.8756381110E-01   -0.3056837006E-01    0.6557291487E-01    0.4409661495E-01
   -0.4794520548E-01    0.8723310427E-01   -0.3149967041E-01    0.6507574690E-01    0.4547050396E-01
   -0.4598825832E-01    0.8688455225E-01   -0.3239736161E-01    0.6455984420E-01    0.4681779042E-01
   -0.4403131115E-01    0.8651744921E-01   -0.3326047451E-01    0.6402462243E-01    0.4813715473E-01
   -0.4207436399E-01    0.8613108479E-01   -0.3408805698E-01    0.6346951253E-01    0.4942726187E-01
   -0.4011741683E-01    0.8572474552E-01   -0.3487917498E-01    0.6289396188E-01    0.5068676319E-01
   -0.3816046967E-01    0.8529771664E-01   -0.3563291376E-01    0.6229743547E-01    0.5191429836E-01
   -0.3620352250E-01    0.8484928368E-01   -0.3634837894E-01    0.6167941702E-01    0.5310849728E-01
   -0.3424657534E-01    0.8437873421E-01   -0.3702469779E-01    0.6103941015E-01    0.5426798224E-01
   -0.3228962818E-01    0.8388535961E-01   -0.3766102036E-01    0.6037693949E-01    0.5539136993E-01
   -0.3033268102E-01    0.8336845683E-01   -0.3825652083E-01    0.5969155181E-01    0.5647727375E-01
   -0.2837573386E-01    0.8282733021E-01   -0.3881039869E-01    0.5898281714E-01    0.5752430599E-01
   -0.2641878669E-01    0.8226129333E-01   -0.3932188015E-01    0.5825032992E-01    0.5853108019E-01
   -0.2446183953E-01    0.8166967086E-01   -0.3979021931E-01    0.5749371007E-01    0.5949621356E-01
   -0.2250489237E-01    0.8105180041E-01   -0.4021469974E-01    0.5671260415E-01    0.6041832940E-01
   -0.2054794521E-01    0.8040703417E-01   -0.4059463589E-01    0.5590668640E-01    0.6129605963E-01
   -0.1859099804E-01    0.7973474079E-01   -0.4092937472E-01    0.5507565990E-01    0.6212804738E-01
   -0.1663405088E-01    0.7903430727E-01   -0.4121829697E-01    0.5421925759E-01    0.6291294956E-01
   -0.1467710372E-01    0.7830514097E-01   -0.4146081860E-01    0.5333724344E-01    0.6364943963E-01
   -0.1272015656E-01    0.7754667159E-01   -0.4165639216E-01    0.5242941343E-01    0.6433621027E-01
   -0.1076320939E-01    0.7675835313E-01   -0.4180450823E-01    0.5149559670E-01    0.6497197620E-01
   -0.8806262231E-02    0.7593966588E-01   -0.4190469674E-01    0.5053565653E-01    0.6555547696E-01
   -0.6849315068E-02    0.7509011841E-01   -0.4195652853E-01    0.4954949138E-01    0.6608547981E-01
   -0.4892367906E-02    0.7420924951E-01   -0.4195961660E-01    0.4853703595E-01    0.6656078258E-01
   -0.2935420744E-02    0.7329663020E-01   -0.4191361768E-01    0.4749826211E-01    0.6698021666E-01
   -0.9784735812E-03    0.7235186563E-01   -0.4181823351E-01    0.4643317988E-01    0.6734264986E-01
    0.9784735812E-03    0.7137459703E-01   -0.4167321234E-01    0.4534183843E-01    0.6764698945E-01
    0.2935420744E-02    0.7036450362E-01   -0.4147835022E-01    0.4422432688E-01    0.6789218513E-01
    0.4892367906E-02    0.6932130450E-01   -0.4123349250E-01    0.4308077533E-01    0.6807723200E-01
    0.6849315068E-02    0.6824476048E-01   -0.4093853506E-01    0.4191135556E-01    0.6820117358E-01
    0.8806262231E-02    0.6713467594E-01   -0.4059342572E-01    0.4071628198E-01    0.6826310481E-01
    0.1076320939E-01    0.6599090056E-01   -0.4019816549E-01    0.3949581232E-01    0.6826217506E-01
    0.1272015656E-01    0.6481333113E-01   -0.3975280992E-01    0.3825024838E-01    0.6819759109E-01
    0.1467710372E-01    0.6360191320E-01   -0.3925747025E-01    0.3697993677E-01    0.6806862002E-01
    0.1663405088E-01    0.6235664274E-01   -0.3871231469E-01    0.3568526951E-01    0.6787459231E-01
    0.1859099804E-01    0.6107756774E-01   -0.3811756953E-01    0.3436668461E-01    0.6761490459E-01
    0.2054794521E-01    0.5976478975E-01   -0.3747352026E-01    0.3302466668E-01    0.6728902265E-01
    0.2250489237E-01    0.5841846533E-01   -0.3678051265E-01    0.3165974736E-01    0.6689648417E-01
    0.2446183953E-01    0.5703880751E-01   -0.3603895373E-01    0.3027250578E-01    0.6643690154E-01
    0.2641878669E-01    0.5562608705E-01   -0.3524931276E-01    0.2886356892E-01    0.6590996462E-01
    0.2837573386E-01    0.5418063409E-01   -0.3441212241E-01    0.2743361210E-01    0.6531544377E-01
    0.3033268102E-01    0.5270283966E-01   -0.3352797996E-01    0.2598335946E-01    0.6465319315E-01
    0.3228962818E-01    0.5119315697E-01   -0.3259754820E-01    0.2451358420E-01    0.6392315339E-01
    0.3424657534E-01    0.4965210218E-01   -0.3162155589E-01    0.2302510848E-01    0.6312535387E-01
    0.3620352250E-01    0.4808025538E-01   -0.3060079837E-01    0.2151880341E-01    0.6225991508E-01
    0.3816046967E-01    0.4647826117E-01   -0.2953613785E-01    0.1999558888E-01    0.6132705068E-01
    0.4011741683E-01    0.4484682941E-01   -0.2842850381E-01    0.1845643334E-01    0.6032706959E-01
    0.4207436399E-01    0.4318673561E-01   -0.2727889316E-01    0.1690235344E-01    0.5926037790E-01
    0.4403131115E-01    0.4149882144E-01   -0.2608837037E-01    0.1533441367E-01    0.5812748058E-01
    0.4598825832E-01    0.3978399491E-01   -0.2485806744E-01    0.1375372583E-01    0.5692898320E-01
    0.4794520548E-01    0.3804323057E-01   -0.2358918384E-01    0.1216144846E-01    0.5566559333E-01
    0.4990215264E-01    0.3627756954E-01   -0.2228298619E-01    0.1055878613E-01    0.5433812191E-01
    0.5185909980E-01    0.3448811940E-01   -0.2094080804E-01    0.8946988716E-02    0.5294748440E-01
    0.5381604697E-01    0.3267605393E-01   -0.1956404928E-01    0.7327350471E-02    0.5149470176E-01
    0.5577299413E-01    0.3084261281E-01   -0.1815417565E-01    0.5701209094E-02    0.4998090128E-01
    0.5772994129E-01    0.2898910105E-01   -0.1671271792E-01    0.4069944633E-02    0.4840731722E-01
    0.5968688845E-01    0.2711688837E-01   -0.1524127115E-01    0.2434978343E-02    0.4677529119E-01
    0.6164383562E-01    0.2522740843E-01   -0.1374149360E-01    0.7977713889E-03    0.4508627248E-01
    0.6360078278E-01    0.2332215787E-01   -0.1221510573E-01   -0.8401765023E-03    0.4334181803E-01
    0.6555772994E-01    0.2140269523E-01   -0.1066388882E-01   -0.2477328538E-02    0.4154359229E-01
    0.6751467710E-01    0.1947063979E-01   -0.9089683685E-02   -0.4112112414E-02    0.3969336686E-01
    0.6947162427E-01    0.1752767008E-01   -0.7494389071E-02   -0.5742922016E-02    0.3779301985E-01
    0.7142857143E-01    0.1557552246E-01   -0.5879960038E-02   -0.7368119175E-02    0.3584453508E-01
    0.7338551859E-01    0.1361598940E-01   -0.4248406074E-02   -0.8986035580E-02    0.3385000103E-01
    0.7534246575E-01    0.1165091764E-01   -0.2601789220E-02   -0.1059497473E-01    0.3181160959E-01
    0.7729941292E-01    0.9682206263E-02   -0.9422218929E-03   -0.1219321409E-01    0.2973165457E-01
    0.7925636008E-01    0.7711804760E-02    0.7281352262E-03   -0.1377900760E-01    0.2761253083E-01
    0.8121330724E-01    0.5741710629E-02    0.2407075797E-02   -0.1535058832E-01    0.2545673243E-01
    0.8317025440E-01    0.3773966754E-02    0.4092350505E-02   -0.1690617105E-01    0.2326685021E-01
    0.8512720157E-01    0.1810658494E-02    0.5781670074E-02   -0.1844395503E-01    0.2104556896E-01
    0.8708414873E-01   -0.1460892560E-03    0.7472708237E-02   -0.1996212668E-01    0.1879566437E-01
    0.8904109589E-01   -0.2094115259E-02    0.9163105025E-02   -0.2145886250E-01    0.1651999969E-01
    0.9099804305E-01   -0.4031225151E-02    0.1085047001E-01   -0.2293233199E-01    0.1422152223E-01
    0.9295499022E-01   -0.5955194908E-02    0.1253238585E-01   -0.2438070064E-01    0.1190325948E-01
    0.9491193738E-01   -0.7863774327E-02    0.1420641178E-01   -0.2580213304E-01    0.9568315107E-02
    0.9686888454E-01   -0.9754690745E-02    0.1587008743E-01   -0.2719479601E-01    0.7219864646E-02
    0.9882583170E-01   -0.1162565276E-01    0.1752093652E-01   -0.2855686180E-01    0.4861150966E-02
    0.1007827789       -0.1347435419E-01    0.1915647090E-01   -0.2988651138E-01    0.2495479498E-02
    0.1027397260       -0.1529847800E-01    0.2077419446E-01   -0.3118193770E-01    0.1262132695E-03
    0.1046966732       -0.1709570048E-01    0.2237160740E-01   -0.3244134910E-01   -0.2243232328E-02
    0.1066536204       -0.1886369539E-01    0.2394621031E-01   -0.3366297267E-01   -0.4609394932E-02
    0.1086105675       -0.2060013825E-01    0.2549550855E-01   -0.3484505767E-01   -0.6968770861E-02
    0.1105675147       -0.2230271070E-01    0.2701701659E-01   -0.3598587901E-01   -0.9317820900E-02
    0.1125244618       -0.2396910497E-01    0.2850826248E-01   -0.3708374070E-01   -0.1165297634E-01
    0.1144814090       -0.2559702828E-01    0.2996679230E-01   -0.3813697933E-01   -0.1397064510E-01
    0.1164383562       -0.2718420752E-01    0.3139017477E-01   -0.3914396760E-01   -0.1626721816E-01
    0.1183953033       -0.2872839369E-01    0.3277600576E-01   -0.4010311773E-01   -0.1853907596E-01
    0.1203522505       -0.3022736667E-01    0.3412191303E-01   -0.4101288503E-01   -0.2078259510E-01
    0.1223091977       -0.3167893977E-01    0.3542556075E-01   -0.4187177128E-01   -0.2299415512E-01
    0.1242661448       -0.3308096445E-01    0.3668465426E-01   -0.4267832825E-01   -0.2517014532E-01
    0.1262230920       -0.3443133499E-01    0.3789694470E-01   -0.4343116107E-01   -0.2730697185E-01
    0.1281800391       -0.3572799374E-01    0.3906023427E-01   -0.4412893231E-01   -0.2940106515E-01
    0.1301369863       -0.3696893706E-01    0.4017238227E-01   -0.4477036695E-01   -0.3144888832E-01
    0.1320939335       -0.3815222055E-01    0.4123131036E-01   -0.4535425618E-01   -0.3344694494E-01
    0.1340508806       -0.3927596375E-01    0.4223500712E-01   -0.4587946062E-01   -0.3539178663E-01
    0.1360078278       -0.4033835495E-01    0.4318153290E-01   -0.4634491362E-01   -0.3728002072E-01
    0.1379647750       -0.4133765572E-01    0.4406902432E-01   -0.4674962426E-01   -0.3910831778E-01
    0.1399217221       -0.4227220555E-01    0.4489569879E-01   -0.4709268042E-01   -0.4087341924E-01
    0.1418786693       -0.4314042618E-01    0.4565985889E-01   -0.4737325158E-01   -0.4257214488E-01
    0.1438356164       -0.4394082598E-01    0.4635989665E-01   -0.4759059159E-01   -0.4420140026E-01
    0.1457925636       -0.4467200404E-01    0.4699429764E-01   -0.4774404126E-01   -0.4575818403E-01
    0.1477495108       -0.4533265429E-01    0.4756164503E-01   -0.4783303078E-01   -0.4723959521E-01
    0.1497064579       -0.4592156927E-01    0.4806062330E-01   -0.4785708206E-01   -0.4864284024E-01
    0.1516634051       -0.4643764393E-01    0.4849002202E-01   -0.4781581085E-01   -0.4996523995E-01
    0.1536203523       -0.4687987904E-01    0.4884873922E-01   -0.4770892866E-01   -0.5120423630E-01
    0.1555772994       -0.4724738460E-01    0.4913578477E-01   -0.4753624465E-01   -0.5235739897E-01
    0.1575342466       -0.4753938293E-01    0.4935028338E-01   -0.4729766715E-01   -0.5342243173E-01
    0.1594911937       -0.4775521162E-01    0.4949147757E-01   -0.4699320515E-01   -0.5439717858E-01
    0.1614481409       -0.4789432617E-01    0.4955873021E-01   -0.4662296947E-01   -0.5527962960E-01
    0.1634050881       -0.4795630254E-01    0.4955152708E-01   -0.4618717387E-01   -0.5606792665E-01
    0.1653620352       -0.4794083930E-01    0.4946947891E-01   -0.4568613584E-01   -0.5676036865E-01
    0.1673189824       -0.4784775969E-01    0.4931232347E-01   -0.4512027722E-01   -0.5735541666E-01
    0.1692759295       -0.4767701327E-01    0.4907992715E-01   -0.4449012466E-01   -0.5785169859E-01
    0.1712328767       -0.4742867750E-01    0.4877228647E-01   -0.4379630979E-01   -0.5824801362E-01
    0.1731898239       -0.4710295885E-01    0.4838952917E-01   -0.4303956921E-01   -0.5854333624E-01
    0.1751467710       -0.4670019376E-01    0.4793191517E-01   -0.4222074427E-01   -0.5873681995E-01
    0.1771037182       -0.4622084960E-01    0.4739983737E-01   -0.4134078085E-01   -0.5882780091E-01
    0.1790606654       -0.4566552731E-01    0.4679382446E-01   -0.4040073074E-01   -0.5881580386E-01
    0.1810176125       -0.4503496317E-01    0.4611454255E-01   -0.3940175218E-01   -0.5870054694E-01
    0.1829745597       -0.4433002871E-01    0.4536279511E-01   -0.3834510866E-01   -0.5848194410E-01
    0.1849315068       -0.4355172983E-01    0.4453952196E-01   -0.3723216715E-01   -0.5816010657E-01
    0.1868884540       -0.4270120581E-01    0.4364579833E-01   -0.3606439622E-01   -0.5773534407E-01
    0.1888454012       -0.4177972779E-01    0.4268283321E-01   -0.3484336375E-01   -0.5720816533E-01
    0.1908023483       -0.4078869713E-01    0.4165196766E-01   -0.3357073459E-01   -0.5657927821E-01
    0.1927592955       -0.3972964318E-01    0.4055467261E-01   -0.3224826775E-01   -0.5584958930E-01
    0.1947162427       -0.3860422100E-01    0.3939254644E-01   -0.3087781352E-01   -0.5502020297E-01
    0.1966731898       -0.3741420847E-01    0.3816731209E-01   -0.2946131031E-01   -0.5409241996E-01
    0.1986301370       -0.3616150334E-01    0.3688081410E-01   -0.2800078121E-01   -0.5306773545E-01
    0.2005870841       -0.3484811979E-01    0.3553501501E-01   -0.2649833042E-01   -0.5194783656E-01
    0.2025440313       -0.3347618479E-01    0.3413199183E-01   -0.2495613945E-01   -0.5073459950E-01
    0.2045009785       -0.3204793408E-01    0.3267393186E-01   -0.2337646302E-01   -0.4943008605E-01
    0.2064579256       -0.3056570799E-01    0.3116312853E-01   -0.2176162497E-01   -0.4803653970E-01
    0.2084148728       -0.2903194684E-01    0.2960197673E-01   -0.2011401379E-01   -0.4655638123E-01
    0.2103718200       -0.2744918624E-01    0.2799296808E-01   -0.1843607814E-01   -0.4499220385E-01
    0.2123287671       -0.2582005196E-01    0.2633868578E-01   -0.1673032210E-01   -0.4334676791E-01
    0.2142857143       -0.2414725479E-01    0.2464179940E-01   -0.1499930038E-01   -0.4162299517E-01
    0.2162426614       -0.2243358494E-01    0.2290505927E-01   -0.1324561331E-01   -0.3982396258E-01
    0.2181996086       -0.2068190647E-01    0.2113129087E-01   -0.1147190179E-01   -0.3795289579E-01
    0.2201565558       -0.1889515131E-01    0.1932338881E-01   -0.9680842104E-02   -0.3601316214E-01
    0.2221135029       -0.1707631334E-01    0.1748431085E-01   -0.7875140628E-02   -0.3400826339E-01
    0.2240704501       -0.1522844209E-01    0.1561707160E-01   -0.6057528495E-02   -0.3194182802E-01
    0.2260273973       -0.1335463648E-01    0.1372473627E-01   -0.4230756215E-02   -0.2981760330E-01
    0.2279843444       -0.1145803864E-01    0.1181041433E-01   -0.2397588274E-02   -0.2763944770E-01
    0.2299412916       -0.9541828087E-02    0.9877253838E-02   -0.5607977386E-03   -0.2541132429E-01
    0.2318982387       -0.7609214716E-02    0.7928434277E-02    0.1276839802E-02   -0.2313729178E-01
    0.2338551859       -0.5663431453E-02    0.5967159256E-02    0.3112552376E-02   -0.2082149471E-01
    0.2358121331       -0.3707726732E-02    0.3996648894E-02    0.4943577819E-02   -0.1846815322E-01
    0.2377690802       -0.1745357108E-02    0.2020132450E-02    0.6767169860E-02   -0.1608155280E-01
    0.2397260274        0.2204203310E-03    0.4084065896E-04    0.8580604217E-02   -0.1366603372E-01
    0.2416829746        0.2186355323E-02   -0.1938001614E-02    0.1038118455E-01   -0.1122598046E-01
    0.2436399217        0.4149211960E-02   -0.3913182979E-02    0.1216624838E-01   -0.8765810965E-02
    0.2455968689        0.6105775936E-02   -0.5881512747E-02    0.1393317286E-01   -0.6289965887E-02
    0.2475538160        0.8052861920E-02   -0.7839828380E-02    0.1567938041E-01   -0.3802897761E-02
    0.2495107632        0.9987320598E-02   -0.9785002514E-02    0.1740234424E-01   -0.1309060263E-02
    0.2514677104        0.1190604580E-01   -0.1171395016E-01    0.1909959369E-01    0.1187102570E-02
    0.2534246575        0.1380598124E-01   -0.1362363541E-01    0.2076871936E-01    0.3681166936E-02
    0.2553816047        0.1568412733E-01   -0.1551107834E-01    0.2240737812E-01    0.6168739848E-02
    0.2573385519        0.1753754751E-01   -0.1737336133E-01    0.2401329783E-01    0.8645469464E-02
    0.2592954990        0.1936337469E-01   -0.1920763550E-01    0.2558428190E-01    0.1110705532E-01
    0.2612524462        0.2115881708E-01   -0.2101112663E-01    0.2711821356E-01    0.1354925826E-01
    0.2632093933        0.2292116415E-01   -0.2278114111E-01    0.2861305995E-01    0.1596791020E-01
    0.2651663405        0.2464779199E-01   -0.2451507127E-01    0.3006687588E-01    0.1835892353E-01
    0.2671232877        0.2633616863E-01   -0.2621040083E-01    0.3147780739E-01    0.2071830028E-01
    0.2690802348        0.2798385888E-01   -0.2786470965E-01    0.3284409498E-01    0.2304214091E-01
    0.2710371820        0.2958852902E-01   -0.2947567852E-01    0.3416407659E-01    0.2532665273E-01
    0.2729941292        0.3114795097E-01   -0.3104109327E-01    0.3543619027E-01    0.2756815797E-01
    0.2749510763        0.3266000634E-01   -0.3255884894E-01    0.3665897655E-01    0.2976310143E-01
    0.2769080235        0.3412269020E-01   -0.3402695347E-01    0.3783108083E-01    0.3190805788E-01
    0.2788649706        0.3553411715E-01   -0.3544353386E-01    0.3895125810E-01    0.3399974144E-01
    0.2808219178        0.3689252746E-01   -0.3680684222E-01    0.4001837788E-01    0.3603501506E-01
    0.2827788650        0.3819629071E-01   -0.3811525955E-01    0.4103142627E-01    0.3801089779E-01
    0.2847358121        0.3944390840E-01   -0.3936729827E-01    0.4198950722E-01    0.3992457091E-01
    0.2866927593        0.4063401649E-01   -0.4056160482E-01    0.4289184354E-01    0.4177338375E-01
    0.2886497065        0.4176538712E-01   -0.4169696141E-01    0.4373777739E-01    0.4355485868E-01
    0.2906066536        0.4283693024E-01   -0.4277228760E-01    0.4452677056E-01    0.4526669568E-01
    0.2925636008        0.4384769442E-01   -0.4378664122E-01    0.4525840421E-01    0.4690677612E-01
    0.2945205479        0.4479686759E-01   -0.4473921906E-01    0.4593237846E-01    0.4847316606E-01
    0.2964774951        0.4568377700E-01   -0.4562935684E-01    0.4654851136E-01    0.4996411873E-01
    0.2984344423        0.4650788904E-01   -0.4645652910E-01    0.4710673776E-01    0.5137807661E-01
    0.3003913894        0.4726880833E-01   -0.4722034823E-01    0.4760710765E-01    0.5271367262E-01
    0.3023483366        0.4796627670E-01   -0.4792056355E-01    0.4804978435E-01    0.5396973090E-01
    0.3043052838        0.4860017145E-01   -0.4855705946E-01    0.4843504214E-01    0.5514526680E-01
    0.3062622309        0.4917050353E-01   -0.4912985377E-01    0.4876326386E-01    0.5623948637E-01
    0.3082191781        0.4967741497E-01   -0.4963909504E-01    0.4903493802E-01    0.5725178514E-01
    0.3101761252        0.5012117636E-01   -0.5008506012E-01    0.4925065570E-01    0.5818174647E-01
    0.3121330724        0.5050218355E-01   -0.5046815082E-01    0.4941110721E-01    0.5902913909E-01
    0.3140900196        0.5082095438E-01   -0.5078889072E-01    0.4951707847E-01    0.5979391434E-01
    0.3160469667        0.5107812477E-01   -0.5104792118E-01    0.4956944716E-01    0.6047620268E-01
    0.3180039139        0.5127444486E-01   -0.5124599757E-01    0.4956917873E-01    0.6107630981E-01
    0.3199608611        0.5141077447E-01   -0.5138398466E-01    0.4951732208E-01    0.6159471221E-01
    0.3219178082        0.5148807869E-01   -0.5146285232E-01    0.4941500523E-01    0.6203205229E-01
    0.3238747554        0.5150742292E-01   -0.5148367044E-01    0.4926343071E-01    0.6238913307E-01
    0.3258317025        0.5146996796E-01   -0.5144760417E-01    0.4906387089E-01    0.6266691251E-01
    0.3277886497        0.5137696655E-01   -0.5135591032E-01    0.4881766499E-01    0.6286649964E-01
    0.3297455969        0.5122976535E-01   -0.5120993949E-01    0.4852622113E-01    0.6298915730E-01
    0.3317025440        0.5102980174E-01   -0.5101113274E-01    0.4819101365E-01    0.6303629849E-01
    0.3336594912        0.5077859823E-01   -0.5076101613E-01    0.4781357793E-01    0.6300947953E-01
    0.3356164384        0.5047775624E-01   -0.5046119438E-01    0.4739550490E-01    0.6291039250E-01
    0.3375733855        0.5012895006E-01   -0.5011334497E-01    0.4693843556E-01    0.6274085749E-01
    0.3395303327        0.4973392037E-01   -0.4971921155E-01    0.4644405535E-01    0.6250281448E-01
    0.3414872798        0.4929446802E-01   -0.4928059782E-01    0.4591408865E-01    0.6219831500E-01
    0.3434442270        0.4881244730E-01   -0.4879936071E-01    0.4535029301E-01    0.6182951356E-01
    0.3454011742        0.4828975969E-01   -0.4827740425E-01    0.4475445368E-01    0.6139865894E-01
    0.3473581213        0.4772834707E-01   -0.4771667264E-01    0.4412837794E-01    0.6090808529E-01
    0.3493150685        0.4713018547E-01   -0.4711914415E-01    0.4347388965E-01    0.6036020323E-01
    0.3512720157        0.4649727830E-01   -0.4648682426E-01    0.4279282377E-01    0.5975749075E-01
    0.3532289628        0.4583165026E-01   -0.4582173961E-01    0.4208702104E-01    0.5910248432E-01
    0.3551859100        0.4513534072E-01   -0.4512593135E-01    0.4135832271E-01    0.5839776973E-01
    0.3571428571        0.4441039783E-01   -0.4440144931E-01    0.4060856553E-01    0.5764597332E-01
    0.3590998043        0.4365887213E-01   -0.4365034554E-01    0.3983957671E-01    0.5684975299E-01
    0.3610567515        0.4288281099E-01   -0.4287466884E-01    0.3905316922E-01    0.5601178960E-01
    0.3630136986        0.4208425253E-01   -0.4207645855E-01    0.3825113712E-01    0.5513477831E-01
    0.3649706458        0.4126522042E-01   -0.4125773955E-01    0.3743525124E-01    0.5422142034E-01
    0.3669275930        0.4042771826E-01   -0.4042051638E-01    0.3660725485E-01    0.5327441469E-01
    0.3688845401        0.3957372476E-01   -0.3956676869E-01    0.3576885986E-01    0.5229645040E-01
    0.3708414873        0.3870518858E-01   -0.3869844585E-01    0.3492174283E-01    0.5129019876E-01
    0.3727984344        0.3782402407E-01   -0.3781746288E-01    0.3406754167E-01    0.5025830616E-01
    0.3747553816        0.3693210654E-01   -0.3692569552E-01    0.3320785213E-01    0.4920338688E-01
    0.3767123288        0.3603126892E-01   -0.3602497712E-01    0.3234422527E-01    0.4812801707E-01
    0.3786692759        0.3512330178E-01   -0.3511709840E-01    0.3147816818E-01    0.4703473381E-01
    0.3806262231        0.3420995548E-01   -0.3420380985E-01    0.3061114642E-01    0.4592603649E-01
    0.3825831703        0.3329293661E-01   -0.3328681793E-01    0.2974458145E-01    0.4480438115E-01
    0.3845401174        0.3237390452E-01   -0.3236778179E-01    0.2887984793E-01    0.4367217426E-01
    0.3864970646        0.3145446738E-01   -0.3144830916E-01    0.2801827095E-01    0.4253176671E-01
    0.3884540117        0.3053617946E-01   -0.3052995379E-01    0.2716112389E-01    0.4138544846E-01
    0.3904109589        0.2962053772E-01   -0.2961421185E-01    0.2630962616E-01    0.4023544324E-01
    0.3923679061        0.2870897976E-01   -0.2870252005E-01    0.2546494161E-01    0.3908390412E-01
    0.3943248532        0.2780288100E-01   -0.2779625263E-01    0.2462817679E-01    0.3793290898E-01
    0.3962818004        0.2690355324E-01   -0.2689672009E-01    0.2380037989E-01    0.3678445696E-01
    0.3982387476        0.2601224247E-01   -0.2600516677E-01    0.2298253952E-01    0.3564046480E-01
    0.4001956947        0.2513012806E-01   -0.2512277029E-01    0.2217558418E-01    0.3450276411E-01
    0.4021526419        0.2425832111E-01   -0.2425063958E-01    0.2138038153E-01    0.3337309861E-01
    0.4041095890        0.2339786429E-01   -0.2338981503E-01    0.2059773834E-01    0.3225312224E-01
    0.4060665362        0.2254973077E-01   -0.2254126702E-01    0.1982840024E-01    0.3114439726E-01
    0.4080234834        0.2171482460E-01   -0.2170589668E-01    0.1907305219E-01    0.3004839313E-01
    0.4099804305        0.2089398015E-01   -0.2088453489E-01    0.1833231858E-01    0.2896648546E-01
    0.4119373777        0.2008796308E-01   -0.2007794363E-01    0.1760676414E-01    0.2789995572E-01
    0.4138943249        0.1929747023E-01   -0.1928681542E-01    0.1689689450E-01    0.2684999081E-01
    0.4158512720        0.1852313111E-01   -0.1851177518E-01    0.1620315743E-01    0.2581768365E-01
    0.4178082192        0.1776550816E-01   -0.1775338003E-01    0.1552594374E-01    0.2480403336E-01
    0.4197651663        0.1702509878E-01   -0.1701212167E-01    0.1486558890E-01    0.2380994655E-01
    0.4217221135        0.1630233586E-01   -0.1628842649E-01    0.1422237416E-01    0.2283623808E-01
    0.4236790607        0.1559759027E-01   -0.1558265836E-01    0.1359652856E-01    0.2188363299E-01
    0.4256360078        0.1491117164E-01   -0.1489511892E-01    0.1298823021E-01    0.2095276777E-01
    0.4275929550        0.1424333223E-01   -0.1422605186E-01    0.1239760941E-01    0.2004419417E-01
    0.4295499022        0.1359427240E-01   -0.1357564778E-01    0.1182475402E-01    0.1915838724E-01
    0.4315068493        0.1296414510E-01   -0.1294404907E-01    0.1126971300E-01    0.1829575008E-01
    0.4334637965        0.1235305608E-01   -0.1233134955E-01    0.1073249729E-01    0.1745661463E-01
    0.4354207436        0.1176106651E-01   -0.1173759746E-01    0.1021308158E-01    0.1664124377E-01
    0.4373776908        0.1118819328E-01   -0.1116279503E-01    0.9711405279E-02    0.1584983241E-01
    0.4393346380        0.1063441200E-01   -0.1060690202E-01    0.9227374591E-02    0.1508251001E-01
    0.4412915851        0.1009965743E-01   -0.1006983524E-01    0.8760863570E-02    0.1433934207E-01
    0.4432485323        0.9583826863E-02   -0.9551472474E-02    0.8311716450E-02    0.1362033304E-01
    0.4452054795        0.9086780586E-02   -0.9051651983E-02    0.7879748782E-02    0.1292542805E-01
    0.4471624266        0.8608345646E-02   -0.8570176819E-02    0.7464749954E-02    0.1225451619E-01
    0.4491193738        0.8148316215E-02   -0.8106814063E-02    0.7066484348E-02    0.1160743242E-01
    0.4510763209        0.7706457756E-02   -0.7661299618E-02    0.6684694029E-02    0.1098396110E-01
    0.4530332681        0.7282507213E-02   -0.7233337049E-02    0.6319099859E-02    0.1038383791E-01
    0.4549902153        0.6876177557E-02   -0.6822602841E-02    0.5969404346E-02    0.9806753688E-02
    0.4569471624        0.6487157701E-02   -0.6428744702E-02    0.5635292635E-02    0.9252356225E-02
    0.4589041096        0.6115117474E-02   -0.6051387335E-02    0.5316435521E-02    0.8720254322E-02
    0.4608610568        0.5759707122E-02   -0.5690130010E-02    0.5012490255E-02    0.8210019389E-02
    0.4628180039        0.5420562795E-02   -0.5344552956E-02    0.4723103722E-02    0.7721189659E-02
    0.4647749511        0.5097305470E-02   -0.5014213934E-02    0.4447912983E-02    0.7253271473E-02
    0.4667318982        0.4789547085E-02   -0.4698655438E-02    0.4186548666E-02    0.6805743668E-02
    0.4686888454        0.4496888681E-02   -0.4397399930E-02    0.3938635140E-02    0.6378058384E-02
    0.4706457926        0.4218927394E-02   -0.4109958120E-02    0.3703794190E-02    0.5969645662E-02
    0.4726027397        0.3955253529E-02   -0.3835822393E-02    0.3481644709E-02    0.5579913592E-02
    0.4745596869        0.3705458761E-02   -0.3574476633E-02    0.3271806772E-02    0.5208253222E-02
    0.4765166341        0.3469131701E-02   -0.3325387110E-02    0.3073900666E-02    0.4854037793E-02
    0.4784735812        0.3245867894E-02   -0.3088014640E-02    0.2887551597E-02    0.4516628157E-02
    0.4804305284        0.3035263142E-02   -0.2861801751E-02    0.2712387747E-02    0.4195370724E-02
    0.4823874755        0.2836926322E-02   -0.2646188592E-02    0.2548046018E-02    0.3889603778E-02
    0.4843444227        0.2650469169E-02   -0.2440594282E-02    0.2394168597E-02    0.3598653493E-02
    0.4863013699        0.2475523824E-02   -0.2244439294E-02    0.2250410491E-02    0.3321841928E-02
    0.4882583170        0.2311726439E-02   -0.2057116862E-02    0.2116433538E-02    0.3058479895E-02
    0.4902152642        0.2158743566E-02   -0.1878027785E-02    0.1991917362E-02    0.2807878337E-02
    0.4921722114        0.2016243323E-02   -0.1706532252E-02    0.1876548348E-02    0.2569335250E-02
    0.4941291585        0.1883941356E-02   -0.1542012961E-02    0.1770038255E-02    0.2342155021E-02
    0.4960861057        0.1761540203E-02   -0.1383777790E-02    0.1672100484E-02    0.2125620901E-02
    0.4980430528        0.1648835683E-02   -0.1231212877E-02    0.1582492487E-02    0.1919039880E-02
    0.5000000000        0.1545516797E-02   -0.1083471072E-02    0.1500936822E-02    0.1721654225E-02
