   -0.5000000000       -0.1972840759E-03   -0.4304540124E-02    0.2363557950E-03    0.4600845875E-02
   -0.4980430528       -0.5856394812E-03   -0.4333294954E-02    0.7101423186E-03    0.4623757034E-02
   -0.4960861057       -0.9677412157E-03   -0.4389670098E-02    0.1187000191E-02    0.4669142350E-02
   -0.4941291585       -0.1346338527E-02   -0.4472566875E-02    0.1668843470E-02    0.4736606655E-02
   -0.4921722114       -0.1723379042E-02   -0.4581079643E-02    0.2157485355E-02    0.4825860016E-02
   -0.4902152642       -0.2100931407E-02   -0.4714449743E-02    0.2654644862E-02    0.4936697844E-02
   -0.4882583170       -0.2480748748E-02   -0.4872055800E-02    0.3161953790E-02    0.5068995860E-02
   -0.4863013699       -0.2864559800E-02   -0.5053392459E-02    0.3680961588E-02    0.5222700184E-02
   -0.4843444227       -0.3253893659E-02   -0.5258057459E-02    0.4213139888E-02    0.5397820784E-02
   -0.4823874755       -0.3650226341E-02   -0.5485736184E-02    0.4759885636E-02    0.5594423778E-02
   -0.4804305284       -0.4054886667E-02   -0.5736189902E-02    0.5322523745E-02    0.5812625210E-02
   -0.4784735812       -0.4469144946E-02   -0.6009243389E-02    0.5902308712E-02    0.6052584470E-02
   -0.4765166341       -0.4894154019E-02   -0.6304774648E-02    0.6500425765E-02    0.6314498543E-02
   -0.4745596869       -0.5331008431E-02   -0.6622704582E-02    0.7117991202E-02    0.6598596149E-02
   -0.4726027397       -0.5780703589E-02   -0.6962988016E-02    0.7756052319E-02    0.6905132395E-02
   -0.4706457926       -0.6244177645E-02   -0.7325604840E-02    0.8415586695E-02    0.7234383422E-02
   -0.4686888454       -0.6722281081E-02   -0.7710552101E-02    0.9097501145E-02    0.7586641375E-02
   -0.4667318982       -0.7215807523E-02   -0.8117836261E-02    0.9802630163E-02    0.7962209404E-02
   -0.4647749511       -0.7725469835E-02   -0.8547466150E-02    0.1053173411E-01    0.8361396896E-02
   -0.4628180039       -0.8251923407E-02   -0.8999446098E-02    0.1128549699E-01    0.8784514733E-02
   -0.4608610568       -0.8795746598E-02   -0.9473769604E-02    0.1206452411E-01    0.9231870734E-02
   -0.4589041096       -0.9357458693E-02   -0.9970413184E-02    0.1286933938E-01    0.9703765123E-02
   -0.4569471624       -0.9937503425E-02   -0.1048933065E-01    0.1370038253E-01    0.1020048615E-01
   -0.4549902153       -0.1053626307E-01   -0.1103044757E-01    0.1455800622E-01    0.1072230576E-01
   -0.4530332681       -0.1115404426E-01   -0.1159365613E-01    0.1544247299E-01    0.1126947536E-01
   -0.4510763209       -0.1179108925E-01   -0.1217881010E-01    0.1635395227E-01    0.1184222169E-01
   -0.4491193738       -0.1244756355E-01   -0.1278572029E-01    0.1729251733E-01    0.1244074279E-01
   -0.4471624266       -0.1312356510E-01   -0.1341415003E-01    0.1825814231E-01    0.1306520405E-01
   -0.4452054795       -0.1381911342E-01   -0.1406381113E-01    0.1925069930E-01    0.1371573442E-01
   -0.4432485323       -0.1453415724E-01   -0.1473435999E-01    0.2026995562E-01    0.1439242267E-01
   -0.4412915851       -0.1526856504E-01   -0.1542539402E-01    0.2131557124E-01    0.1509531388E-01
   -0.4393346380       -0.1602213159E-01   -0.1613644840E-01    0.2238709636E-01    0.1582440595E-01
   -0.4373776908       -0.1679456968E-01   -0.1686699305E-01    0.2348396931E-01    0.1657964645E-01
   -0.4354207436       -0.1758551598E-01   -0.1761643005E-01    0.2460551474E-01    0.1736092946E-01
   -0.4334637965       -0.1839452390E-01   -0.1838409119E-01    0.2575094204E-01    0.1816809272E-01
   -0.4315068493       -0.1922106909E-01   -0.1916923609E-01    0.2691934422E-01    0.1900091496E-01
   -0.4295499022       -0.2006454339E-01   -0.1997105046E-01    0.2810969714E-01    0.1985911344E-01
   -0.4275929550       -0.2092426012E-01   -0.2078864485E-01    0.2932085911E-01    0.2074234176E-01
   -0.4256360078       -0.2179944925E-01   -0.2162105373E-01    0.3055157105E-01    0.2165018789E-01
   -0.4236790607       -0.2268926243E-01   -0.2246723479E-01    0.3180045672E-01    0.2258217231E-01
   -0.4217221135       -0.2359276592E-01   -0.2332606543E-01    0.3306601914E-01    0.2353774328E-01
   -0.4197651663       -0.2450893796E-01   -0.2419633509E-01    0.3434663082E-01    0.2451626773E-01
   -0.4178082192       -0.2543666317E-01   -0.2507674303E-01    0.3564053177E-01    0.2551702736E-01
   -0.4158512720       -0.2637473677E-01   -0.2596589797E-01    0.3694583002E-01    0.2653921664E-01
   -0.4138943249       -0.2732186152E-01   -0.2686231814E-01    0.3826050268E-01    0.2758194083E-01
   -0.4119373777       -0.2827665224E-01   -0.2776443167E-01    0.3958239749E-01    0.2864421452E-01
   -0.4099804305       -0.2923763381E-01   -0.2867057746E-01    0.4090923500E-01    0.2972496028E-01
   -0.4080234834       -0.3020324618E-01   -0.2957900650E-01    0.4223861132E-01    0.3082300778E-01
   -0.4060665362       -0.3117184344E-01   -0.3048788355E-01    0.4356800150E-01    0.3193709320E-01
   -0.4041095890       -0.3214169941E-01   -0.3139528938E-01    0.4489476351E-01    0.3306585896E-01
   -0.4021526419       -0.3311100777E-01   -0.3229922341E-01    0.4621614285E-01    0.3420785391E-01
   -0.4001956947       -0.3407788834E-01   -0.3319760680E-01    0.4752927780E-01    0.3536153385E-01
   -0.3982387476       -0.3504038826E-01   -0.3408828605E-01    0.4883120538E-01    0.3652526247E-01
   -0.3962818004       -0.3599648889E-01   -0.3496903707E-01    0.5011886779E-01    0.3769731268E-01
   -0.3943248532       -0.3694410818E-01   -0.3583756962E-01    0.5138911967E-01    0.3887586843E-01
   -0.3923679061       -0.3788110819E-01   -0.3669153234E-01    0.5263873585E-01    0.4005902688E-01
   -0.3904109589       -0.3880529846E-01   -0.3752851811E-01    0.5386441976E-01    0.4124480101E-01
   -0.3884540117       -0.3971444431E-01   -0.3834606992E-01    0.5506281248E-01    0.4243112276E-01
   -0.3864970646       -0.4060627109E-01   -0.3914168712E-01    0.5623050223E-01    0.4361584648E-01
   -0.3845401174       -0.4147847317E-01   -0.3991283210E-01    0.5736403459E-01    0.4479675289E-01
   -0.3825831703       -0.4232871910E-01   -0.4065693734E-01    0.5845992307E-01    0.4597155348E-01
   -0.3806262231       -0.4315466115E-01   -0.4137141280E-01    0.5951466023E-01    0.4713789528E-01
   -0.3786692759       -0.4395394133E-01   -0.4205365375E-01    0.6052472934E-01    0.4829336613E-01
   -0.3767123288       -0.4472420133E-01   -0.4270104869E-01    0.6148661618E-01    0.4943550021E-01
   -0.3747553816       -0.4546308940E-01   -0.4331098787E-01    0.6239682163E-01    0.5056178426E-01
   -0.3727984344       -0.4616826958E-01   -0.4388087083E-01    0.6325187275E-01    0.5166966268E-01
   -0.3708414873       -0.4683742150E-01   -0.4440810804E-01    0.6404832547E-01    0.5275653594E-01
   -0.3688845401       -0.4746824520E-01   -0.4489012442E-01    0.6478276979E-01    0.5381976096E-01
   -0.3669275930       -0.4805846778E-01   -0.4532436760E-01    0.6545184180E-01    0.5485665696E-01
   -0.3649706458       -0.4860585368E-01   -0.4570831679E-01    0.6605223647E-01    0.5586451233E-01
   -0.3630136986       -0.4910821225E-01   -0.4603949186E-01    0.6658072075E-01    0.5684059173E-01
   -0.3610567515       -0.4956340822E-01   -0.4631546251E-01    0.6703414670E-01    0.5778214347E-01
   -0.3590998043       -0.4996936947E-01   -0.4653385751E-01    0.6740946470E-01    0.5868640727E-01
   -0.3571428571       -0.5032409756E-01   -0.4669237408E-01    0.6770373668E-01    0.5955062226E-01
   -0.3551859100       -0.5062567561E-01   -0.4678878715E-01    0.6791414936E-01    0.6037203512E-01
   -0.3532289628       -0.5087227874E-01   -0.4682095875E-01    0.6803802730E-01    0.6114790862E-01
   -0.3512720157       -0.5106218183E-01   -0.4678684718E-01    0.6807284589E-01    0.6187553016E-01
   -0.3493150685       -0.5119376973E-01   -0.4668451616E-01    0.6801624399E-01    0.6255222061E-01
   -0.3473581213       -0.5126554477E-01   -0.4651214381E-01    0.6786603639E-01    0.6317534318E-01
   -0.3454011742       -0.5127613652E-01   -0.4626803138E-01    0.6762022586E-01    0.6374231238E-01
   -0.3434442270       -0.5122430887E-01   -0.4595061180E-01    0.6727701481E-01    0.6425060313E-01
   -0.3414872798       -0.5110896920E-01   -0.4555845785E-01    0.6683481644E-01    0.6469775976E-01
   -0.3395303327       -0.5092917487E-01   -0.4509029011E-01    0.6629226538E-01    0.6508140503E-01
   -0.3375733855       -0.5068414155E-01   -0.4454498444E-01    0.6564822773E-01    0.6539924916E-01
   -0.3356164384       -0.5037324903E-01   -0.4392157904E-01    0.6490181037E-01    0.6564909864E-01
   -0.3336594912       -0.4999604851E-01   -0.4321928111E-01    0.6405236968E-01    0.6582886495E-01
   -0.3317025440       -0.4955226751E-01   -0.4243747291E-01    0.6309951934E-01    0.6593657319E-01
   -0.3297455969       -0.4904181610E-01   -0.4157571740E-01    0.6204313740E-01    0.6597037028E-01
   -0.3277886497       -0.4846479066E-01   -0.4063376317E-01    0.6088337245E-01    0.6592853313E-01
   -0.3258317025       -0.4782147889E-01   -0.3961154881E-01    0.5962064885E-01    0.6580947631E-01
   -0.3238747554       -0.4711236227E-01   -0.3850920660E-01    0.5825567086E-01    0.6561175941E-01
   -0.3219178082       -0.4633811733E-01   -0.3732706355E-01    0.5678942298E-01    0.6533409065E-01
   -0.3199608611       -0.4549961044E-01   -0.3606563873E-01    0.5522316424E-01    0.6497532415E-01
   -0.3180039139       -0.4459789885E-01   -0.3472564419E-01    0.5355842819E-01    0.6453446389E-01
   -0.3160469667       -0.4363423117E-01   -0.3330798692E-01    0.5179702434E-01    0.6401066989E-01
   -0.3140900196       -0.4261004880E-01   -0.3181377001E-01    0.4994103852E-01    0.6340326380E-01
   -0.3121330724       -0.4152698512E-01   -0.3024429327E-01    0.4799283236E-01    0.6271173430E-01
   -0.3101761252       -0.4038686559E-01   -0.2860105307E-01    0.4595504171E-01    0.6193574195E-01
   -0.3082191781       -0.3919170550E-01   -0.2688574161E-01    0.4383057412E-01    0.6107512359E-01
   -0.3062622309       -0.3794370870E-01   -0.2510024534E-01    0.4162260525E-01    0.6012989630E-01
   -0.3043052838       -0.3664526394E-01   -0.2324664282E-01    0.3933457430E-01    0.5910026076E-01
   -0.3023483366       -0.3529894211E-01   -0.2132720178E-01    0.3697017843E-01    0.5798660417E-01
   -0.3003913894       -0.3390749125E-01   -0.1934437550E-01    0.3453336608E-01    0.5678950259E-01
   -0.2984344423       -0.3247383227E-01   -0.1730079848E-01    0.3202832944E-01    0.5550972263E-01
   -0.2964774951       -0.3100105264E-01   -0.1519928138E-01    0.2945949578E-01    0.5414822267E-01
   -0.2945205479       -0.2949240067E-01   -0.1304280537E-01    0.2683151794E-01    0.5270615340E-01
   -0.2925636008       -0.2795127784E-01   -0.1083451563E-01    0.2414926375E-01    0.5118485780E-01
   -0.2906066536       -0.2638123176E-01   -0.8577714337E-02    0.2141780464E-01    0.4958587043E-01
   -0.2886497065       -0.2478594723E-01   -0.6275852964E-02    0.1864240332E-01    0.4791091614E-01
   -0.2866927593       -0.2316923792E-01   -0.3932523903E-02    0.1582850059E-01    0.4616190817E-01
   -0.2847358121       -0.2153503627E-01   -0.1551451560E-02    0.1298170141E-01    0.4434094557E-01
   -0.2827788650       -0.1988738398E-01    0.8635171576E-03    0.1010776018E-01    0.4245030997E-01
   -0.2808219178       -0.1823042092E-01    0.3308422874E-02    0.7212565258E-02    0.4049246181E-01
   -0.2788649706       -0.1656837457E-01    0.5779204296E-02    0.4302122940E-02    0.3847003589E-01
   -0.2769080235       -0.1490554797E-01    0.8271709214E-02    0.1382540742E-02    0.3638583625E-01
   -0.2749510763       -0.1324630841E-01    0.1078170596E-01   -0.1539989801E-02    0.3424283062E-01
   -0.2729941292       -0.1159507445E-01    0.1330489511E-01   -0.4459210789E-02    0.3204414383E-01
   -0.2710371820       -0.9956302899E-02    0.1583692031E-01   -0.7368815575E-02    0.2979304845E-01
   -0.2690802348       -0.8334474998E-02    0.1837337878E-01   -0.1026246587E-01    0.2749295582E-01
   -0.2671232877       -0.6734084618E-02    0.2090983254E-01   -0.1313380892E-01    0.2514740905E-01
   -0.2651663405       -0.5159625319E-02    0.2344181994E-01   -0.1597649492E-01    0.2276007598E-01
   -0.2632093933       -0.3615578333E-02    0.2596486734E-01   -0.1878419459E-01    0.2033474166E-01
   -0.2612524462       -0.2106399351E-02    0.2847450100E-01   -0.2155061679E-01    0.1787530041E-01
   -0.2592954990       -0.6365063211E-03    0.3096625893E-01   -0.2426952629E-01    0.1538574750E-01
   -0.2573385519        0.7897338373E-03    0.3343570287E-01   -0.2693476142E-01    0.1287017052E-01
   -0.2553816047        0.2168017454E-02    0.3587843021E-01   -0.2954025165E-01    0.1033274033E-01
   -0.2534246575        0.3494117282E-02    0.3829008596E-01   -0.3208003504E-01    0.7777701772E-02
   -0.2514677104        0.4763894555E-02    0.4066637451E-01   -0.3454827546E-01    0.5209364045E-02
   -0.2495107632        0.5973311870E-02    0.4300307136E-01   -0.3693927954E-01    0.2632090892E-02
   -0.2475538160        0.7118444895E-02    0.4529603463E-01   -0.3924751324E-01    0.5029051632E-04
   -0.2455968689        0.8195494788E-02    0.4754121638E-01   -0.4146761807E-01   -0.2531594668E-02
   -0.2436399217        0.9200799366E-02    0.4973467365E-01   -0.4359442684E-01   -0.5109098451E-02
   -0.2416829746        0.1013084489E-01    0.5187257924E-01   -0.4562297880E-01   -0.7677741351E-02
   -0.2397260274        0.1098227652E-01    0.5395123211E-01   -0.4754853434E-01   -0.1023304125E-01
   -0.2377690802        0.1175190931E-01    0.5596706746E-01   -0.4936658892E-01   -0.1277052405E-01
   -0.2358121331        0.1243673776E-01    0.5791666635E-01   -0.5107288641E-01   -0.1528573439E-01
   -0.2338551859        0.1303394586E-01    0.5979676489E-01   -0.5266343163E-01   -0.1777424631E-01
   -0.2318982387        0.1354091564E-01    0.6160426301E-01   -0.5413450217E-01   -0.2023167391E-01
   -0.2299412916        0.1395523608E-01    0.6333623256E-01   -0.5548265925E-01   -0.2265368183E-01
   -0.2279843444        0.1427471048E-01    0.6498992509E-01   -0.5670475789E-01   -0.2503599577E-01
   -0.2260273973        0.1449736417E-01    0.6656277882E-01   -0.5779795600E-01   -0.2737441268E-01
   -0.2240704501        0.1462145057E-01    0.6805242522E-01   -0.5875972261E-01   -0.2966481086E-01
   -0.2221135029        0.1464545718E-01    0.6945669339E-01   -0.5958784377E-01   -0.3190315915E-01
   -0.2201565558        0.1456810899E-01    0.7077361041E-01   -0.6028042416E-01   -0.3408552389E-01
   -0.2181996086        0.1438837295E-01    0.7200140389E-01   -0.6083589058E-01   -0.3620807677E-01
   -0.2162426614        0.1410546138E-01    0.7313850556E-01   -0.6125299602E-01   -0.3826710309E-01
   -0.2142857143        0.1371883547E-01    0.7418355414E-01   -0.6153082272E-01   -0.4025900968E-01
   -0.2123287671        0.1322820732E-01    0.7513539770E-01   -0.6166878437E-01   -0.4218033255E-01
   -0.2103718200        0.1263354210E-01    0.7599309531E-01   -0.6166662734E-01   -0.4402774424E-01
   -0.2084148728        0.1193505870E-01    0.7675591816E-01   -0.6152443091E-01   -0.4579806077E-01
   -0.2064579256        0.1113323049E-01    0.7742334997E-01   -0.6124260660E-01   -0.4748824824E-01
   -0.2045009785        0.1022878456E-01    0.7799508680E-01   -0.6082189656E-01   -0.4909542905E-01
   -0.2025440313        0.9222701073E-02    0.7847103626E-01   -0.6026337093E-01   -0.5061688772E-01
   -0.2005870841        0.8116211112E-02    0.7885131604E-01   -0.5956842439E-01   -0.5205007626E-01
   -0.1986301370        0.6910794626E-02    0.7913625191E-01   -0.5873877169E-01   -0.5339261913E-01
   -0.1966731898        0.5608176920E-02    0.7932637504E-01   -0.5777644231E-01   -0.5464231778E-01
   -0.1947162427        0.4210325222E-02    0.7942241878E-01   -0.5668377429E-01   -0.5579715465E-01
   -0.1927592955        0.2719443845E-02    0.7942531485E-01   -0.5546340710E-01   -0.5685529679E-01
   -0.1908023483        0.1137969433E-02    0.7933618893E-01   -0.5411827376E-01   -0.5781509893E-01
   -0.1888454012       -0.5314351447E-03    0.7915635579E-01   -0.5265159214E-01   -0.5867510617E-01
   -0.1868884540       -0.2285886804E-02    0.7888731381E-01   -0.5106685543E-01   -0.5943405603E-01
   -0.1849315068       -0.4122289548E-02    0.7853073907E-01   -0.4936782194E-01   -0.6009088015E-01
   -0.1829745597       -0.6037341642E-02    0.7808847890E-01   -0.4755850417E-01   -0.6064470542E-01
   -0.1810176125       -0.8027544031E-02    0.7756254500E-01   -0.4564315720E-01   -0.6109485461E-01
   -0.1790606654       -0.1008920857E-01    0.7695510617E-01   -0.4362626647E-01   -0.6144084658E-01
   -0.1771037182       -0.1221846747E-01    0.7626848059E-01   -0.4151253500E-01   -0.6168239590E-01
   -0.1751467710       -0.1441128246E-01    0.7550512775E-01   -0.3930687001E-01   -0.6181941204E-01
   -0.1731898239       -0.1666345507E-01    0.7466763978E-01   -0.3701436897E-01   -0.6185199786E-01
   -0.1712328767       -0.1897063620E-01    0.7375872997E-01   -0.3464030387E-01   -0.6178044530E-01
   -0.1692759295       -0.2132833622E-01    0.7278122055E-01   -0.3219010513E-01   -0.6160523011E-01
   -0.1673189824       -0.2373193499E-01    0.7173803336E-01   -0.2966934704E-01   -0.6132700884E-01
   -0.1653620352       -0.2617669282E-01    0.7063218078E-01   -0.2708373335E-01   -0.6094661587E-01
   -0.1634050881       -0.2865776104E-01    0.6946675655E-01   -0.2443908244E-01   -0.6046506004E-01
   -0.1614481409       -0.3117019337E-01    0.6824492642E-01   -0.2174131249E-01   -0.5988352097E-01
   -0.1594911937       -0.3370895693E-01    0.6696991874E-01   -0.1899642647E-01   -0.5920334498E-01
   -0.1575342466       -0.3626894391E-01    0.6564501508E-01   -0.1621049702E-01   -0.5842604075E-01
   -0.1555772994       -0.3884498280E-01    0.6427354070E-01   -0.1338965137E-01   -0.5755327460E-01
   -0.1536203523       -0.4143185030E-01    0.6285885513E-01   -0.1054005622E-01   -0.5658686555E-01
   -0.1516634051       -0.4402428269E-01    0.6140434278E-01   -0.7667902693E-02   -0.5552878005E-01
   -0.1497064579       -0.4661698783E-01    0.5991340361E-01   -0.4779391354E-02   -0.5438112643E-01
   -0.1477495108       -0.4920465651E-01    0.5838944385E-01   -0.1880717421E-02   -0.5314614919E-01
   -0.1457925636       -0.5178197445E-01    0.5683586698E-01    0.1021943901E-02   -0.5182622297E-01
   -0.1438356164       -0.5434363352E-01    0.5525606470E-01    0.3922451844E-02   -0.5042384633E-01
   -0.1418786693       -0.5688434361E-01    0.5365340822E-01    0.6814714257E-02   -0.4894163537E-01
   -0.1399217221       -0.5939884363E-01    0.5203123969E-01    0.9692701494E-02   -0.4738231715E-01
   -0.1379647750       -0.6188191307E-01    0.5039286387E-01    0.1255045997E-01   -0.4574872294E-01
   -0.1360078278       -0.6432838278E-01    0.4874154006E-01    0.1538212539E-01   -0.4404378135E-01
   -0.1340508806       -0.6673314605E-01    0.4708047430E-01    0.1818193551E-01   -0.4227051132E-01
   -0.1320939335       -0.6909116902E-01    0.4541281193E-01    0.2094424259E-01   -0.4043201507E-01
   -0.1301369863       -0.7139750127E-01    0.4374163032E-01    0.2366352527E-01   -0.3853147083E-01
   -0.1281800391       -0.7364728573E-01    0.4206993214E-01    0.2633440008E-01   -0.3657212570E-01
   -0.1262230920       -0.7583576870E-01    0.4040063881E-01    0.2895163238E-01   -0.3455728825E-01
   -0.1242661448       -0.7795830912E-01    0.3873658442E-01    0.3151014675E-01   -0.3249032129E-01
   -0.1223091977       -0.8001038741E-01    0.3708050977E-01    0.3400503665E-01   -0.3037463420E-01
   -0.1203522505       -0.8198761148E-01    0.3543505617E-01    0.3643157230E-01   -0.2821367455E-01
   -0.1183953033       -0.8388572411E-01    0.3380276035E-01    0.3878520856E-01   -0.2601092065E-01
   -0.1164383562       -0.8570061045E-01    0.3218605029E-01    0.4106159262E-01   -0.2376987472E-01
   -0.1144814090       -0.8742830561E-01    0.3058724141E-01    0.4325657108E-01   -0.2149405610E-01
   -0.1125244618       -0.8906500142E-01    0.2900853322E-01    0.4536619647E-01   -0.1918699463E-01
   -0.1105675147       -0.9060705336E-01    0.2745200641E-01    0.4738673324E-01   -0.1685222407E-01
   -0.1086105675       -0.9205098646E-01    0.2591962037E-01    0.4931466302E-01   -0.1449327566E-01
   -0.1066536204       -0.9339350149E-01    0.2441321107E-01    0.5114668940E-01   -0.1211367179E-01
   -0.1046966732       -0.9463148003E-01    0.2293448948E-01    0.5287974203E-01   -0.9716919822E-02
   -0.1027397260       -0.9576198985E-01    0.2148504036E-01    0.5451098013E-01   -0.7306506079E-02
   -0.1007827789       -0.9678228919E-01    0.2006632147E-01    0.5603779542E-01   -0.4885889943E-02
   -0.9882583170E-01   -0.9768983127E-01    0.1867966323E-01    0.5745781443E-01   -0.2458498171E-02
   -0.9686888454E-01   -0.9848226776E-01    0.1732626878E-01    0.5876890023E-01   -0.2771936416E-04
   -0.9491193738E-01   -0.9915745243E-01    0.1600721446E-01    0.5996915354E-01    0.2403101369E-02
   -0.9295499022E-01   -0.9971344384E-01    0.1472345069E-01    0.6105691331E-01    0.4830667553E-02
   -0.9099804305E-01   -0.1001485081        0.1347580321E-01    0.6203075671E-01    0.7251736286E-02
   -0.8904109589E-01   -0.1004611207        0.1226497481E-01    0.6288949853E-01    0.9663122970E-02
   -0.8708414873E-01   -0.1006499685        0.1109154729E-01    0.6363219008E-01    0.1206170582E-01
   -0.8512720157E-01   -0.1007139508        0.9955983860E-02    0.6425811752E-01    0.1444443018E-01
   -0.8317025440E-01   -0.1006521804        0.8858631919E-02    0.6476679971E-01    0.1680831255E-01
   -0.8121330724E-01   -0.1004639839        0.7799726073E-02    0.6515798552E-01    0.1915044445E-01
   -0.7925636008E-01   -0.1001489019        0.6779391549E-02    0.6543165066E-01    0.2146799602E-01
   -0.7729941292E-01   -0.9970668873E-01    0.5797647879E-02    0.6558799408E-01    0.2375821939E-01
   -0.7534246575E-01   -0.9913731166E-01    0.4854412870E-02    0.6562743385E-01    0.2601845179E-01
   -0.7338551859E-01   -0.9844094981E-01    0.3949506878E-02    0.6555060259E-01    0.2824611838E-01
   -0.7142857143E-01   -0.9761799159E-01    0.3082657593E-02    0.6535834145E-01    0.3043873446E-01
   -0.6947162427E-01   -0.9666903074E-01    0.2253505263E-02    0.6505169310E-01    0.3259390689E-01
   -0.6751467710E-01   -0.9559486432E-01    0.1461607763E-02    0.6463189584E-01    0.3470933585E-01
   -0.6555772994E-01   -0.9439649008E-01    0.7064457546E-03    0.6410037771E-01    0.3678281650E-01
   -0.6360078278E-01   -0.9307510413E-01   -0.1257197669E-04    0.6345875020E-01    0.3881224026E-01
   -0.6164383562E-01   -0.9163209779E-01   -0.6961030625E-03    0.6270880185E-01    0.4079559606E-01
   -0.5968688845E-01   -0.9006905466E-01   -0.1344865967E-02    0.6185249142E-01    0.4273097116E-01
   -0.5772994129E-01   -0.8838774692E-01   -0.1959634311E-02    0.6089194103E-01    0.4461655191E-01
   -0.5577299413E-01   -0.8659013194E-01   -0.2541231111E-02    0.5982942893E-01    0.4645062419E-01
   -0.5381604697E-01   -0.8467834804E-01   -0.3090522974E-02    0.5866738219E-01    0.4823157364E-01
   -0.5185909980E-01   -0.8265471061E-01   -0.3608414241E-02    0.5740836922E-01    0.4995788568E-01
   -0.4990215264E-01   -0.8052170748E-01   -0.4095841121E-02    0.5605509213E-01    0.5162814531E-01
   -0.4794520548E-01   -0.7828199454E-01   -0.4553765829E-02    0.5461037900E-01    0.5324103671E-01
   -0.4598825832E-01   -0.7593839070E-01   -0.4983170734E-02    0.5307717602E-01    0.5479534255E-01
   -0.4403131115E-01   -0.7349387313E-01   -0.5385052566E-02    0.5145853962E-01    0.5628994316E-01
   -0.4207436399E-01   -0.7095157186E-01   -0.5760416663E-02    0.4975762851E-01    0.5772381540E-01
   -0.4011741683E-01   -0.6831476463E-01   -0.6110271311E-02    0.4797769566E-01    0.5909603138E-01
   -0.3816046967E-01   -0.6558687115E-01   -0.6435622173E-02    0.4612208040E-01    0.6040575687E-01
   -0.3620352250E-01   -0.6277144762E-01   -0.6737466831E-02    0.4419420034E-01    0.6165224951E-01
   -0.3424657534E-01   -0.5987218073E-01   -0.7016789469E-02    0.4219754354E-01    0.6283485675E-01
   -0.3228962818E-01   -0.5689288187E-01   -0.7274555688E-02    0.4013566057E-01    0.6395301350E-01
   -0.3033268102E-01   -0.5383748084E-01   -0.7511707504E-02    0.3801215675E-01    0.6500623950E-01
   -0.2837573386E-01   -0.5071001984E-01   -0.7729158509E-02    0.3583068445E-01    0.6599413637E-01
   -0.2641878669E-01   -0.4751464693E-01   -0.7927789235E-02    0.3359493559E-01    0.6691638424E-01
   -0.2446183953E-01   -0.4425560982E-01   -0.8108442732E-02    0.3130863422E-01    0.6777273802E-01
   -0.2250489237E-01   -0.4093724905E-01   -0.8271920302E-02    0.2897552933E-01    0.6856302300E-01
   -0.2054794521E-01   -0.3756399136E-01   -0.8418977263E-02    0.2659938762E-01    0.6928712927E-01
   -0.1859099804E-01   -0.3414034264E-01   -0.8550319149E-02    0.2418398690E-01    0.6994500595E-01
   -0.1663405088E-01   -0.3067088153E-01   -0.8666598346E-02    0.2173310998E-01    0.7053665479E-01
   -0.1467710372E-01   -0.2716025243E-01   -0.8768411002E-02    0.1925053910E-01    0.7106212311E-01
   -0.1272015656E-01   -0.2361315893E-01   -0.8856294221E-02    0.1674005094E-01    0.7152149549E-01
   -0.1076320939E-01   -0.2003435678E-01   -0.8930723550E-02    0.1420541242E-01    0.7191488453E-01
   -0.8806262231E-02   -0.1642864721E-01   -0.8992110762E-02    0.1165037740E-01    0.7224242023E-01
   -0.6849315068E-02   -0.1280086979E-01   -0.9040801945E-02    0.9078684625E-02    0.7250423847E-01
   -0.4892367906E-02   -0.9155895718E-02   -0.9077075901E-02    0.6494057061E-02    0.7270046871E-01
   -0.2935420744E-02   -0.5498620596E-02   -0.9101142859E-02    0.3900202836E-02    0.7283122175E-01
   -0.9784735812E-03   -0.1833957680E-02   -0.9113143506E-02    0.1300817888E-02    0.7289657869E-01
    0.9784735812E-03    0.1833169363E-02   -0.9113148341E-02   -0.1300409890E-02    0.7289658240E-01
    0.2935420744E-02    0.5497833242E-02   -0.9101157350E-02   -0.3899795415E-02    0.7283123282E-01
    0.4892367906E-02    0.9155110296E-02   -0.9077100007E-02   -0.6493650786E-02    0.7270048702E-01
    0.6849315068E-02    0.1280008727E-01   -0.9040835599E-02   -0.9078280057E-02    0.7250426380E-01
    0.8806262231E-02    0.1642786858E-01   -0.8992153871E-02   -0.1164997508E-01    0.7224245230E-01
    0.1076320939E-01    0.2003358304E-01   -0.8930775997E-02   -0.1420501288E-01    0.7191492300E-01
    0.1272015656E-01    0.2361239109E-01   -0.8856355862E-02   -0.1673965468E-01    0.7152153999E-01
    0.1467710372E-01    0.2715949153E-01   -0.8768481673E-02   -0.1925014661E-01    0.7106217325E-01
    0.1663405088E-01    0.3067012863E-01   -0.8666677860E-02   -0.2173272173E-01    0.7053671017E-01
    0.1859099804E-01    0.3413959882E-01   -0.8550407299E-02   -0.2418360336E-01    0.6994506616E-01
    0.2054794521E-01    0.3756325773E-01   -0.8419073825E-02   -0.2659900923E-01    0.6928719394E-01
    0.2250489237E-01    0.4093652676E-01   -0.8272025037E-02   -0.2897515653E-01    0.6856309174E-01
    0.2446183953E-01    0.4425490005E-01   -0.8108555385E-02   -0.3130826746E-01    0.6777281050E-01
    0.2641878669E-01    0.4751395089E-01   -0.7927909542E-02   -0.3359457530E-01    0.6691646015E-01
    0.2837573386E-01    0.5070933880E-01   -0.7729286195E-02   -0.3583033107E-01    0.6599421544E-01
    0.3033268102E-01    0.5383681608E-01   -0.7511842287E-02   -0.3801181073E-01    0.6500632150E-01
    0.3228962818E-01    0.5689223471E-01   -0.7274697277E-02   -0.4013532237E-01    0.6395309822E-01
    0.3424657534E-01    0.5987155252E-01   -0.7016937567E-02   -0.4219721363E-01    0.6283494403E-01
    0.3620352250E-01    0.6277083974E-01   -0.6737621138E-02   -0.4419387921E-01    0.6165233922E-01
    0.3816046967E-01    0.6558628499E-01   -0.6435782380E-02   -0.4612176852E-01    0.6040584889E-01
    0.4011741683E-01    0.6831420160E-01   -0.6110437110E-02   -0.4797739356E-01    0.5909612564E-01
    0.4207436399E-01    0.7095103336E-01   -0.5760587739E-02   -0.4975733667E-01    0.5772391184E-01
    0.4403131115E-01    0.7349336057E-01   -0.5385228603E-02   -0.5145825858E-01    0.5629004174E-01
    0.4598825832E-01    0.7593790546E-01   -0.4983351415E-02   -0.5307690629E-01    0.5479544324E-01
    0.4794520548E-01    0.7828153801E-01   -0.4553950834E-02   -0.5461012110E-01    0.5324113949E-01
    0.4990215264E-01    0.8052128100E-01   -0.4096030134E-02   -0.5605484660E-01    0.5162825018E-01
    0.5185909980E-01    0.8265431547E-01   -0.3608606942E-02   -0.5740813656E-01    0.4995799261E-01
    0.5381604697E-01    0.8467798548E-01   -0.3090719047E-02   -0.5866716291E-01    0.4823168264E-01
    0.5577299413E-01    0.8658980316E-01   -0.2541430241E-02   -0.5982922353E-01    0.4645073524E-01
    0.5772994129E-01    0.8838745302E-01   -0.1959836186E-02   -0.6089174999E-01    0.4461666499E-01
    0.5968688845E-01    0.9006879667E-01   -0.1345070280E-02   -0.6185231519E-01    0.4273108623E-01
    0.6164383562E-01    0.9163187665E-01   -0.6963095090E-03   -0.6270864085E-01    0.4079571308E-01
    0.6360078278E-01    0.9307492065E-01   -0.1278025983E-04   -0.6345860483E-01    0.3881235917E-01
    0.6555772994E-01    0.9439634496E-01    0.7062359251E-03   -0.6410024831E-01    0.3678293721E-01
    0.6751467710E-01    0.9559475813E-01    0.1461396669E-02   -0.6463178272E-01    0.3470945828E-01
    0.6947162427E-01    0.9666896391E-01    0.2253293176E-02   -0.6505159651E-01    0.3259403091E-01
    0.7142857143E-01    0.9761796438E-01    0.3082444773E-02   -0.6535826160E-01    0.3043885994E-01
    0.7338551859E-01    0.9844096235E-01    0.3949293571E-02   -0.6555053962E-01    0.2824624517E-01
    0.7534246575E-01    0.9913736387E-01    0.4854199307E-02   -0.6562738783E-01    0.2601857971E-01
    0.7729941292E-01    0.9970678037E-01    0.5797434271E-02   -0.6558796501E-01    0.2375834826E-01
    0.7925636008E-01    0.1001490326        0.6779178090E-02   -0.6543163847E-01    0.2146812562E-01
    0.8121330724E-01    0.1004641529        0.7799512939E-02   -0.6515799007E-01    0.1915057457E-01
    0.8317025440E-01    0.1006523871        0.8858419273E-02   -0.6476682080E-01    0.1680844296E-01
    0.8512720157E-01    0.1007141941        0.9955771852E-02   -0.6425815488E-01    0.1444456066E-01
    0.8708414873E-01    0.1006502475        0.1109133605E-01   -0.6363224338E-01    0.1206183614E-01
    0.8904109589E-01    0.1004614341        0.1226476449E-01   -0.6288956739E-01    0.9663252900E-02
    0.9099804305E-01    0.1001488546        0.1347559392E-01   -0.6203084068E-01    0.7251865606E-02
    0.9295499022E-01    0.9971382206E-01    0.1472324256E-01   -0.6105701190E-01    0.4830796052E-02
    0.9491193738E-01    0.9915786082E-01    0.1600700762E-01   -0.5996926620E-01    0.2403228845E-02
    0.9686888454E-01    0.9848270472E-01    0.1732606335E-01   -0.5876902639E-01   -0.2759309764E-04
    0.9882583170E-01    0.9769029513E-01    0.1867945935E-01   -0.5745795348E-01   -0.2458373287E-02
    0.1007827789        0.9678277823E-01    0.2006611928E-01   -0.5603794669E-01   -0.4885766596E-02
    0.1027397260        0.9576250230E-01    0.2148484002E-01   -0.5451114295E-01   -0.7306384406E-02
    0.1046966732        0.9463201410E-01    0.2293429117E-01   -0.5287991570E-01   -0.9716799941E-02
    0.1066536204        0.9339405538E-01    0.2441301499E-01   -0.5114687320E-01   -0.1211355380E-01
    0.1086105675        0.9205155837E-01    0.2591942674E-01   -0.4931485621E-01   -0.1449315963E-01
    0.1105675147        0.9060764149E-01    0.2745181548E-01   -0.4738693507E-01   -0.1685211007E-01
    0.1125244618        0.8906560401E-01    0.2900834527E-01   -0.4536640619E-01   -0.1918688268E-01
    0.1144814090        0.8742892093E-01    0.3058705677E-01   -0.4325678794E-01   -0.2149394623E-01
    0.1164383562        0.8570123684E-01    0.3218586933E-01   -0.4106181587E-01   -0.2376976692E-01
    0.1183953033        0.8388635995E-01    0.3380258348E-01   -0.3878543745E-01   -0.2601081491E-01
    0.1203522505        0.8198825523E-01    0.3543488385E-01   -0.3643180608E-01   -0.2821357083E-01
    0.1223091977        0.8001103762E-01    0.3708034252E-01   -0.3400527461E-01   -0.3037453246E-01
    0.1242661448        0.7795896443E-01    0.3873642282E-01   -0.3151038817E-01   -0.3249022146E-01
    0.1262230920        0.7583642787E-01    0.4040048352E-01   -0.2895187656E-01   -0.3455719027E-01
    0.1281800391        0.7364794761E-01    0.4206978387E-01   -0.2633464635E-01   -0.3657202950E-01
    0.1301369863        0.7139816481E-01    0.4374148985E-01   -0.2366377296E-01   -0.3853137633E-01
    0.1320939335        0.6909183328E-01    0.4541268010E-01   -0.2094449105E-01   -0.4043192218E-01
    0.1340508806        0.6673381018E-01    0.4708035200E-01   -0.1818218412E-01   -0.4227041997E-01
    0.1360078278        0.6432904600E-01    0.4874142821E-01   -0.1538237353E-01   -0.4404369144E-01
    0.1379647750        0.6188257468E-01    0.5039276344E-01   -0.1255070706E-01   -0.4574863440E-01
    0.1399217221        0.5939950300E-01    0.5203115166E-01   -0.9692946945E-02   -0.4738222988E-01
    0.1418786693        0.5688500018E-01    0.5365333360E-01   -0.6814957516E-02   -0.4894154929E-01
    0.1438356164        0.5434428677E-01    0.5525600450E-01   -0.3922692370E-02   -0.5042376134E-01
    0.1457925636        0.5178262391E-01    0.5683582222E-01   -0.1022181171E-02   -0.5182613899E-01
    0.1477495108        0.4920530176E-01    0.5838941554E-01    0.1880483912E-02   -0.5314606614E-01
    0.1497064579        0.4661762848E-01    0.5991339274E-01    0.4779162094E-02   -0.5438104422E-01
    0.1516634051        0.4402491839E-01    0.6140435034E-01    0.7667678149E-02   -0.5552869860E-01
    0.1536203523        0.4143248072E-01    0.6285888206E-01    0.1053983685E-01   -0.5658678479E-01
    0.1555772994        0.3884560764E-01    0.6427358791E-01    0.1338943759E-01   -0.5755319443E-01
    0.1575342466        0.3626956288E-01    0.6564508344E-01    0.1621028924E-01   -0.5842596110E-01
    0.1594911937        0.3370956975E-01    0.6697000906E-01    0.1899622509E-01   -0.5920326578E-01
    0.1614481409        0.3117079977E-01    0.6824503945E-01    0.2174111788E-01   -0.5988344213E-01
    0.1634050881        0.2865836075E-01    0.6946689299E-01    0.2443889494E-01   -0.6046498150E-01
    0.1653620352        0.2617728561E-01    0.7063234125E-01    0.2708355329E-01   -0.6094653754E-01
    0.1673189824        0.2373252059E-01    0.7173821839E-01    0.2966917472E-01   -0.6132693066E-01
    0.1692759295        0.2132891438E-01    0.7278143060E-01    0.3218994083E-01   -0.6160515200E-01
    0.1712328767        0.1897120665E-01    0.7375896540E-01    0.3464014784E-01   -0.6178036718E-01
    0.1731898239        0.1666401754E-01    0.7466790086E-01    0.3701422144E-01   -0.6185191966E-01
    0.1751467710        0.1441183668E-01    0.7550541464E-01    0.3930673117E-01   -0.6181933368E-01
    0.1771037182        0.1221901317E-01    0.7626879334E-01    0.4151240503E-01   -0.6168231730E-01
    0.1790606654        0.1008974547E-01    0.7695544473E-01    0.4362614552E-01   -0.6144076767E-01
    0.1810176125        0.8028071825E-02    0.7756290920E-01    0.4564304537E-01   -0.6109477529E-01
    0.1829745597        0.6037860059E-02    0.7808886848E-01    0.4755840155E-01   -0.6064462561E-01
    0.1849315068        0.4122798312E-02    0.7853115367E-01    0.4936772859E-01   -0.6009079977E-01
    0.1868884540        0.2286385655E-02    0.7888775296E-01    0.5106677136E-01   -0.5943397498E-01
    0.1888454012        0.5319238377E-03    0.7915681893E-01    0.5265151735E-01   -0.5867502436E-01
    0.1908023483       -0.1137491124E-02    0.7933667542E-01    0.5411820820E-01   -0.5781501627E-01
    0.1927592955       -0.2718976122E-02    0.7942582394E-01    0.5546335068E-01   -0.5685521317E-01
    0.1947162427       -0.4209868262E-02    0.7942294965E-01    0.5668372691E-01   -0.5579706998E-01
    0.1966731898       -0.5607730872E-02    0.7932692678E-01    0.5777640382E-01   -0.5464223195E-01
    0.1986301370       -0.6910359607E-02    0.7913682353E-01    0.5873874190E-01   -0.5339253203E-01
    0.2005870841       -0.8115787206E-02    0.7885190648E-01    0.5956840309E-01   -0.5204998778E-01
    0.2025440313       -0.9222288330E-02    0.7847164440E-01    0.6026335786E-01   -0.5061679775E-01
    0.2045009785       -0.1022838299E-01    0.7799571144E-01    0.6082189142E-01   -0.4909533748E-01
    0.2064579256       -0.1113284007E-01    0.7742398984E-01    0.6124260908E-01   -0.4748815496E-01
    0.2084148728       -0.1193467938E-01    0.7675657196E-01    0.6152444065E-01   -0.4579796568E-01
    0.2103718200       -0.1263317377E-01    0.7599376165E-01    0.6166664394E-01   -0.4402764722E-01
    0.2123287671       -0.1322784985E-01    0.7513607518E-01    0.6166880742E-01   -0.4218023350E-01
    0.2142857143       -0.1371848868E-01    0.7418424129E-01    0.6153085175E-01   -0.4025890849E-01
    0.2162426614       -0.1410512507E-01    0.7313920088E-01    0.6125303054E-01   -0.3826699966E-01
    0.2181996086       -0.1438804686E-01    0.7200210585E-01    0.6083593009E-01   -0.3620797101E-01
    0.2201565558       -0.1456779284E-01    0.7077431743E-01    0.6028046810E-01   -0.3408541571E-01
    0.2221135029       -0.1464515067E-01    0.6945740389E-01    0.5958789157E-01   -0.3190304849E-01
    0.2240704501       -0.1462115334E-01    0.6805313758E-01    0.5875977368E-01   -0.2966469764E-01
    0.2260273973       -0.1449707585E-01    0.6656349143E-01    0.5779800973E-01   -0.2737429685E-01
    0.2279843444       -0.1427443067E-01    0.6499063631E-01    0.5670481364E-01   -0.2503587730E-01
    0.2299412916       -0.1395496436E-01    0.6333694078E-01    0.5548271637E-01   -0.2265356069E-01
    0.2318982387       -0.1354065157E-01    0.6160496659E-01    0.5413456001E-01   -0.2023155009E-01
    0.2338551859       -0.1303368897E-01    0.5979746225E-01    0.5266348954E-01   -0.1777411985E-01
    0.2358121331       -0.1243648759E-01    0.5791735592E-01    0.5107294374E-01   -0.1528560532E-01
    0.2377690802       -0.1175166537E-01    0.5596774774E-01    0.4936664503E-01   -0.1277039245E-01
    0.2397260274       -0.1098203833E-01    0.5395190163E-01    0.4754858863E-01   -0.1023290723E-01
    0.2416829746       -0.1013061195E-01    0.5187323659E-01    0.4562303067E-01   -0.7677605038E-02
    0.2436399217       -0.9200571191E-02    0.4973531749E-01    0.4359447572E-01   -0.5108960007E-02
    0.2455968689       -0.8195270888E-02    0.4754184543E-01    0.4146766343E-01   -0.2531454284E-02
    0.2475538160       -0.7118224791E-02    0.4529664771E-01    0.3924755458E-01    0.5043262260E-04
    0.2495107632       -0.5973095089E-02    0.4300366736E-01    0.3693931641E-01    0.2632234474E-02
    0.2514677104       -0.4763680637E-02    0.4066695240E-01    0.3454830744E-01    0.5209508833E-02
    0.2534246575       -0.3493905780E-02    0.3829064482E-01    0.3208006176E-01    0.7777847473E-02
    0.2553816047       -0.2167807935E-02    0.3587896919E-01    0.2954027279E-01    0.1033288663E-01
    0.2573385519       -0.7895258846E-03    0.3343622122E-01    0.2693477670E-01    0.1287031709E-01
    0.2592954990        0.6367131081E-03    0.3096675602E-01    0.2426953548E-01    0.1538589400E-01
    0.2612524462        0.2106605357E-02    0.2847497626E-01    0.2155061970E-01    0.1787544648E-01
    0.2632093933        0.3615783926E-02    0.2596532030E-01    0.1878419108E-01    0.2033488695E-01
    0.2651663405        0.5159830853E-02    0.2344225023E-01    0.1597648491E-01    0.2276022014E-01
    0.2671232877        0.6734290433E-02    0.2091023989E-01    0.1313379234E-01    0.2514755173E-01
    0.2690802348        0.8334681423E-02    0.1837376299E-01    0.1026244271E-01    0.2749309668E-01
    0.2710371820        0.9956510254E-02    0.1583728125E-01    0.7368785857E-02    0.2979318718E-01
    0.2729941292        0.1159528305E-01    0.1330523275E-01    0.4459174558E-02    0.3204428012E-01
    0.2749510763        0.1324651856E-01    0.1078202034E-01    0.1539947128E-02    0.3424296422E-01
    0.2769080235        0.1490575999E-01    0.8272000421E-02   -0.1382589766E-02    0.3638596693E-01
    0.2788649706        0.1656858877E-01    0.5779472485E-02   -0.4302178211E-02    0.3847016347E-01
    0.2808219178        0.1823063763E-01    0.3308668248E-02   -0.7212626667E-02    0.4049258614E-01
    0.2827788650        0.1988760353E-01    0.8637399562E-03   -0.1010782761E-01    0.4245043095E-01
    0.2847358121        0.2153525897E-01   -0.1551251066E-02   -0.1298177477E-01    0.4434106315E-01
    0.2866927593        0.2316946412E-01   -0.3932345420E-02   -0.1582857976E-01    0.4616202235E-01
    0.2886497065        0.2478617725E-01   -0.6275696179E-02   -0.1864248821E-01    0.4791102694E-01
    0.2906066536        0.2638146593E-01   -0.8577578924E-02   -0.2141789518E-01    0.4958597793E-01
    0.2925636008        0.2795151650E-01   -0.1083440125E-01   -0.2414935987E-01    0.5118496213E-01
    0.2945205479        0.2949264415E-01   -0.1304271169E-01   -0.2683161960E-01    0.5270625471E-01
    0.2964774951        0.3100130125E-01   -0.1519920806E-01   -0.2945960294E-01    0.5414832114E-01
    0.2984344423        0.3247408633E-01   -0.1730074515E-01   -0.3202844208E-01    0.5550981848E-01
    0.3003913894        0.3390775106E-01   -0.1934434183E-01   -0.3453348421E-01    0.5678959608E-01
    0.3023483366        0.3529920796E-01   -0.2132718742E-01   -0.3697030206E-01    0.5798669556E-01
    0.3043052838        0.3664553610E-01   -0.2324664741E-01   -0.3933470346E-01    0.5910035034E-01
    0.3062622309        0.3794398741E-01   -0.2510026852E-01   -0.4162273997E-01    0.6012998437E-01
    0.3082191781        0.3919199098E-01   -0.2688578302E-01   -0.4383071444E-01    0.6107521047E-01
    0.3101761252        0.4038715801E-01   -0.2860111234E-01   -0.4595518767E-01    0.6193582794E-01
    0.3121330724        0.4152728465E-01   -0.3024437000E-01   -0.4799298401E-01    0.6271181972E-01
    0.3140900196        0.4261035554E-01   -0.3181386382E-01   -0.4994119590E-01    0.6340334895E-01
    0.3160469667        0.4363454519E-01   -0.3330809737E-01   -0.5179718746E-01    0.6401075505E-01
    0.3180039139        0.4459822015E-01   -0.3472577085E-01   -0.5355859707E-01    0.6453454934E-01
    0.3199608611        0.4549993898E-01   -0.3606578111E-01   -0.5522333887E-01    0.6497541012E-01
    0.3219178082        0.4633845300E-01   -0.3732722115E-01   -0.5678960331E-01    0.6533417736E-01
    0.3238747554        0.4711270491E-01   -0.3850937886E-01   -0.5825585682E-01    0.6561184704E-01
    0.3258317025        0.4782182824E-01   -0.3961173515E-01   -0.5962084033E-01    0.6580956498E-01
    0.3277886497        0.4846514640E-01   -0.4063396295E-01   -0.6088356931E-01    0.6592862293E-01
    0.3297455969        0.4904217784E-01   -0.4157592992E-01   -0.6204333943E-01    0.6597046126E-01
    0.3317025440        0.4955263480E-01   -0.4243769745E-01   -0.6309972631E-01    0.6593666536E-01
    0.3336594912        0.4999642082E-01   -0.4321951688E-01   -0.6405258131E-01    0.6582895826E-01
    0.3356164384        0.5037362578E-01   -0.4392182524E-01   -0.6490202635E-01    0.6564919301E-01
    0.3375733855        0.5068452213E-01   -0.4454524022E-01   -0.6564844770E-01    0.6539934450E-01
    0.3395303327        0.5092955860E-01   -0.4509055459E-01   -0.6629248898E-01    0.6508150121E-01
    0.3414872798        0.5110935539E-01   -0.4555873013E-01   -0.6683504325E-01    0.6469785660E-01
    0.3434442270        0.5122469680E-01   -0.4595089097E-01   -0.6727724441E-01    0.6425070047E-01
    0.3454011742        0.5127652544E-01   -0.4626831653E-01   -0.6762045780E-01    0.6374241001E-01
    0.3473581213        0.5126593392E-01   -0.4651243399E-01   -0.6786627021E-01    0.6317544088E-01
    0.3493150685        0.5119415834E-01   -0.4668481044E-01   -0.6801647920E-01    0.6255231817E-01
    0.3512720157        0.5106256914E-01   -0.4678714463E-01   -0.6807308202E-01    0.6187562735E-01
    0.3532289628        0.5087266398E-01   -0.4682125846E-01   -0.6803826385E-01    0.6114800519E-01
    0.3551859100        0.5062605805E-01   -0.4678908823E-01   -0.6791438584E-01    0.6037213084E-01
    0.3571428571        0.5032447647E-01   -0.4669267565E-01   -0.6770397262E-01    0.5955071690E-01
    0.3590998043        0.4996974416E-01   -0.4653415875E-01   -0.6740969962E-01    0.5868650060E-01
    0.3610567515        0.4956377803E-01   -0.4631576260E-01   -0.6703438014E-01    0.5778223527E-01
    0.3630136986        0.4910857655E-01   -0.4603979004E-01   -0.6658095227E-01    0.5684068179E-01
    0.3649706458        0.4860621189E-01   -0.4570861234E-01   -0.6605246563E-01    0.5586460047E-01
    0.3669275930        0.4805881938E-01   -0.4532465987E-01   -0.6545206821E-01    0.5485674298E-01
    0.3688845401        0.4746858972E-01   -0.4489041279E-01   -0.6478299309E-01    0.5381984472E-01
    0.3708414873        0.4683775850E-01   -0.4440839197E-01   -0.6404854530E-01    0.5275661730E-01
    0.3727984344        0.4616859873E-01   -0.4388114983E-01   -0.6325208881E-01    0.5166974151E-01
    0.3747553816        0.4546341039E-01   -0.4331126152E-01   -0.6239703363E-01    0.5056186048E-01
    0.3767123288        0.4472451396E-01   -0.4270131664E-01   -0.6148682390E-01    0.4943557375E-01
    0.3786692759        0.4395424542E-01   -0.4205391572E-01   -0.6052493258E-01    0.4829343694E-01
    0.3806262231        0.4315495663E-01   -0.4137166859E-01   -0.5951485883E-01    0.4713796335E-01
    0.3825831703        0.4232900592E-01   -0.4065718677E-01   -0.5846011689E-01    0.4597161881E-01
    0.3845401174        0.4147875134E-01   -0.3991307508E-01   -0.5736422355E-01    0.4479681549E-01
    0.3864970646        0.4060654068E-01   -0.3914192360E-01   -0.5623068625E-01    0.4361590639E-01
    0.3884540117        0.3971470542E-01   -0.3834629988E-01   -0.5506299151E-01    0.4243118004E-01
    0.3904109589        0.3880555122E-01   -0.3752874158E-01   -0.5386459380E-01    0.4124485571E-01
    0.3923679061        0.3788135275E-01   -0.3669174938E-01   -0.5263890489E-01    0.4005907907E-01
    0.3943248532        0.3694434475E-01   -0.3583778032E-01   -0.5138928374E-01    0.3887591820E-01
    0.3962818004        0.3599671767E-01   -0.3496924154E-01   -0.5011902693E-01    0.3769736010E-01
    0.3982387476        0.3504060947E-01   -0.3408848443E-01   -0.4883135965E-01    0.3652530764E-01
    0.4001956947        0.3407810222E-01   -0.3319779923E-01   -0.4752942727E-01    0.3536157687E-01
    0.4021526419        0.3311121457E-01   -0.3229941005E-01   -0.4621628759E-01    0.3420789488E-01
    0.4041095890        0.3214189936E-01   -0.3139547041E-01   -0.4489490362E-01    0.3306589797E-01
    0.4060665362        0.3117203680E-01   -0.3048805913E-01   -0.4356813707E-01    0.3193713035E-01
    0.4080234834        0.3020343320E-01   -0.2957917681E-01   -0.4223874245E-01    0.3082304317E-01
    0.4099804305        0.2923781473E-01   -0.2867074267E-01   -0.4090936180E-01    0.2972499401E-01
    0.4119373777        0.2827682729E-01   -0.2776459195E-01   -0.3958252008E-01    0.2864424668E-01
    0.4138943249        0.2732203092E-01   -0.2686247365E-01   -0.3826062116E-01    0.2758197152E-01
    0.4158512720        0.2637490074E-01   -0.2596604887E-01   -0.3694594451E-01    0.2653924593E-01
    0.4178082192        0.2543682191E-01   -0.2507688945E-01   -0.3564064237E-01    0.2551705535E-01
    0.4197651663        0.2450909166E-01   -0.2419647718E-01   -0.3434673766E-01    0.2451629448E-01
    0.4217221135        0.2359291475E-01   -0.2332620329E-01   -0.3306612231E-01    0.2353776888E-01
    0.4236790607        0.2268940654E-01   -0.2246736854E-01   -0.3180055634E-01    0.2258219681E-01
    0.4256360078        0.2179958878E-01   -0.2162118346E-01   -0.3055166721E-01    0.2165021136E-01
    0.4275929550        0.2092439519E-01   -0.2078877062E-01   -0.2932095192E-01    0.2074236426E-01
    0.4295499022        0.2006467410E-01   -0.1997117234E-01   -0.2810978668E-01    0.1985913501E-01
    0.4315068493        0.1922119554E-01   -0.1916935414E-01   -0.2691943059E-01    0.1900093565E-01
    0.4334637965        0.1839464617E-01   -0.1838420543E-01   -0.2575102532E-01    0.1816811256E-01
    0.4354207436        0.1758563413E-01   -0.1761654052E-01   -0.2460559502E-01    0.1736094849E-01
    0.4373776908        0.1679468379E-01   -0.1686709978E-01   -0.2348404667E-01    0.1657966471E-01
    0.4393346380        0.1602224172E-01   -0.1613655141E-01   -0.2238717088E-01    0.1582442346E-01
    0.4412915851        0.1526867125E-01   -0.1542549333E-01   -0.2131564300E-01    0.1509533066E-01
    0.4432485323        0.1453425959E-01   -0.1473445562E-01   -0.2027002471E-01    0.1439243877E-01
    0.4452054795        0.1381921197E-01   -0.1406390310E-01   -0.1925076579E-01    0.1371574984E-01
    0.4471624266        0.1312365991E-01   -0.1341423835E-01   -0.1825820628E-01    0.1306521881E-01
    0.4491193738        0.1244765468E-01   -0.1278580499E-01   -0.1729257886E-01    0.1244075690E-01
    0.4510763209        0.1179117677E-01   -0.1217889120E-01   -0.1635401143E-01    0.1184223518E-01
    0.4530332681        0.1115412823E-01   -0.1159373365E-01   -0.1544252986E-01    0.1126948824E-01
    0.4549902153        0.1053634357E-01   -0.1103052154E-01   -0.1455806088E-01    0.1072231805E-01
    0.4569471624        0.9937580533E-02   -0.1048940109E-01   -0.1370043506E-01    0.1020049785E-01
    0.4589041096        0.9357532492E-02   -0.9970480137E-02   -0.1286938985E-01    0.9703776252E-02
    0.4608610568        0.8795817175E-02   -0.9473833100E-02   -0.1206457261E-01    0.9231881300E-02
    0.4628180039        0.8251990858E-02   -0.8999506173E-02   -0.1128554359E-01    0.8784524747E-02
    0.4647749511        0.7725534260E-02   -0.8547522843E-02   -0.1053177889E-01    0.8361406366E-02
    0.4667318982        0.7215869027E-02   -0.8117889613E-02   -0.9802673214E-02    0.7962218338E-02
    0.4686888454        0.6722339777E-02   -0.7710602153E-02   -0.9097542544E-02    0.7586649781E-02
    0.4706457926        0.6244233649E-02   -0.7325651635E-02   -0.8415626525E-02    0.7234391307E-02
    0.4726027397        0.5780757027E-02   -0.6963031597E-02   -0.7756090663E-02    0.6905139766E-02
    0.4745596869        0.5331059431E-02   -0.6622744991E-02   -0.7118028147E-02    0.6598603011E-02
    0.4765166341        0.4894202718E-02   -0.6304811927E-02   -0.6500461396E-02    0.6314504901E-02
    0.4784735812        0.4469191484E-02   -0.6009277577E-02   -0.5902343117E-02    0.6052590328E-02
    0.4804305284        0.4054931192E-02   -0.5736221037E-02   -0.5322557013E-02    0.5812630570E-02
    0.4823874755        0.3650269007E-02   -0.5485764300E-02   -0.4759917859E-02    0.5594428643E-02
    0.4843444227        0.3253934623E-02   -0.5258082585E-02   -0.4213171158E-02    0.5397825154E-02
    0.4863013699        0.2864599228E-02   -0.5053414622E-02   -0.3680991999E-02    0.5222704061E-02
    0.4882583170        0.2480786810E-02   -0.4872075018E-02   -0.3161983439E-02    0.5068999240E-02
    0.4902152642        0.2100968279E-02   -0.4714466028E-02   -0.2654673848E-02    0.4936700725E-02
    0.4921722114        0.1723414908E-02   -0.4581093001E-02   -0.2157513779E-02    0.4825862394E-02
    0.4941291585        0.1346373574E-02   -0.4472577303E-02   -0.1668871438E-02    0.4736608523E-02
    0.4960861057        0.9677756392E-03   -0.4389677582E-02   -0.1187027811E-02    0.4669143699E-02
    0.4980430528        0.5856734824E-03   -0.4333299472E-02   -0.7101697010E-03    0.4623757855E-02
    0.5000000000        0.1973178630E-03   -0.4304541641E-02   -0.2363830569E-03    0.4600846153E-02
