   -0.5000000000        0.2309265499E-02   -0.1797990549E-02    0.4717397201E-02   -0.2090444039E-02
   -0.4980430528        0.2155838417E-02   -0.1591817055E-02    0.4489578172E-02   -0.1898207408E-02
   -0.4960861057        0.2021104624E-02   -0.1400824258E-02    0.4288499861E-02   -0.1718095319E-02
   -0.4941291585        0.1903300127E-02   -0.1222928221E-02    0.4112207462E-02   -0.1548646655E-02
   -0.4921722114        0.1801129242E-02   -0.1056571359E-02    0.3959234844E-02   -0.1388646590E-02
   -0.4902152642        0.1713330003E-02   -0.9001883333E-03    0.3828164295E-02   -0.1236922324E-02
   -0.4882583170        0.1638862749E-02   -0.7524443028E-03    0.3717818612E-02   -0.1092427017E-02
   -0.4863013699        0.1576769493E-02   -0.6120631670E-03    0.3627118786E-02   -0.9541722091E-03
   -0.4843444227        0.1526244794E-02   -0.4779190055E-03    0.3555156104E-02   -0.8212578712E-03
   -0.4823874755        0.1486562498E-02   -0.3489473442E-03    0.3501117811E-02   -0.6928363626E-03
   -0.4804305284        0.1457111263E-02   -0.2241919720E-03    0.3464323003E-02   -0.5681266244E-03
   -0.4784735812        0.1437348667E-02   -0.1027497754E-03    0.3444175788E-02   -0.4463911447E-03
   -0.4765166341        0.1426821966E-02    0.1620133686E-04    0.3440185955E-02   -0.3269437289E-03
   -0.4745596869        0.1425136412E-02    0.1334402609E-03    0.3451936375E-02   -0.2091333554E-03
   -0.4726027397        0.1431968689E-02    0.2496842620E-03    0.3479096081E-02   -0.9234890627E-04
   -0.4706457926        0.1447043701E-02    0.3656165063E-03    0.3521396130E-02    0.2399277405E-04
   -0.4686888454        0.1470143956E-02    0.4818729366E-03    0.3578638471E-02    0.1404437231E-03
   -0.4667318982        0.1501091862E-02    0.5990631244E-03    0.3650677307E-02    0.2575340006E-03
   -0.4647749511        0.1539756671E-02    0.7177603566E-03    0.3737425414E-02    0.3757693976E-03
   -0.4628180039        0.1586040574E-02    0.8385178832E-03    0.3838839299E-02    0.4956385967E-03
   -0.4608610568        0.1639884075E-02    0.9618610679E-03    0.3954923883E-02    0.6176113742E-03
   -0.4589041096        0.1701254809E-02    0.1088300318E-02    0.4085720376E-02    0.7421443015E-03
   -0.4569471624        0.1770151855E-02    0.1218324630E-02    0.4231309855E-02    0.8696792368E-03
   -0.4549902153        0.1846596558E-02    0.1352412054E-02    0.4391803150E-02    0.1000647918E-02
   -0.4530332681        0.1930636086E-02    0.1491024218E-02    0.4567343635E-02    0.1135470627E-02
   -0.4510763209        0.2022335769E-02    0.1634614917E-02    0.4758098640E-02    0.1274559923E-02
   -0.4491193738        0.2121782090E-02    0.1783625354E-02    0.4964261660E-02    0.1418319417E-02
   -0.4471624266        0.2229076195E-02    0.1938491267E-02    0.5186044951E-02    0.1567146815E-02
   -0.4452054795        0.2344336441E-02    0.2099638721E-02    0.5423681294E-02    0.1721432773E-02
   -0.4432485323        0.2467692830E-02    0.2267490077E-02    0.5677417529E-02    0.1881563391E-02
   -0.4412915851        0.2599289200E-02    0.2442460218E-02    0.5947515970E-02    0.2047919112E-02
   -0.4393346380        0.2739278396E-02    0.2624961592E-02    0.6234248705E-02    0.2220876788E-02
   -0.4373776908        0.2887824173E-02    0.2815400801E-02    0.6537898736E-02    0.2400808611E-02
   -0.4354207436        0.3045096957E-02    0.3014182888E-02    0.6858754904E-02    0.2588083826E-02
   -0.4334637965        0.3211275522E-02    0.3221708231E-02    0.7197112828E-02    0.2783067700E-02
   -0.4315068493        0.3386543236E-02    0.3438376232E-02    0.7553270364E-02    0.2986122949E-02
   -0.4295499022        0.3571089539E-02    0.3664582465E-02    0.7927528387E-02    0.3197608746E-02
   -0.4275929550        0.3765106615E-02    0.3900721888E-02    0.8320186720E-02    0.3417881927E-02
   -0.4256360078        0.3968790706E-02    0.4147186221E-02    0.8731544812E-02    0.3647296038E-02
   -0.4236790607        0.4182339098E-02    0.4404366735E-02    0.9161898020E-02    0.3886202335E-02
   -0.4217221135        0.4405950702E-02    0.4672651191E-02    0.9611536863E-02    0.4134948309E-02
   -0.4197651663        0.4639821842E-02    0.4952424712E-02    0.1008074047E-01    0.4393877133E-02
   -0.4178082192        0.4884146706E-02    0.5244066845E-02    0.1056977580E-01    0.4663326161E-02
   -0.4158512720        0.5139114539E-02    0.5547953338E-02    0.1107889396E-01    0.4943627274E-02
   -0.4138943249        0.5404910211E-02    0.5864453592E-02    0.1160832990E-01    0.5235105613E-02
   -0.4119373777        0.5681711573E-02    0.6193932148E-02    0.1215829888E-01    0.5538079779E-02
   -0.4099804305        0.5969689916E-02    0.6536746265E-02    0.1272899613E-01    0.5852860574E-02
   -0.4080234834        0.6269007488E-02    0.6893247171E-02    0.1332059354E-01    0.6179751091E-02
   -0.4060665362        0.6579817859E-02    0.7263777750E-02    0.1393323929E-01    0.6519045467E-02
   -0.4041095890        0.6902263587E-02    0.7648673610E-02    0.1456705473E-01    0.6871028888E-02
   -0.4021526419        0.7236476514E-02    0.8048260880E-02    0.1522213402E-01    0.7235976370E-02
   -0.4001956947        0.7582575583E-02    0.8462857131E-02    0.1589854129E-01    0.7614152701E-02
   -0.3982387476        0.7940667082E-02    0.8892769284E-02    0.1659631029E-01    0.8005811265E-02
   -0.3962818004        0.8310842608E-02    0.9338294428E-02    0.1731544178E-01    0.8411193943E-02
   -0.3943248532        0.8693179292E-02    0.9799717847E-02    0.1805590332E-01    0.8830529994E-02
   -0.3923679061        0.9087737911E-02    0.1027731376E-01    0.1881762690E-01    0.9264035944E-02
   -0.3904109589        0.9494563116E-02    0.1077134347E-01    0.1960050885E-01    0.9711914536E-02
   -0.3884540117        0.9913681696E-02    0.1128205609E-01    0.2040440778E-01    0.1017435463E-01
   -0.3864970646        0.1034510283E-01    0.1180968681E-01    0.2122914464E-01    0.1065153024E-01
   -0.3845401174        0.1078881653E-01    0.1235445760E-01    0.2207450099E-01    0.1114360047E-01
   -0.3825831703        0.1124479392E-01    0.1291657569E-01    0.2294021926E-01    0.1165070864E-01
   -0.3806262231        0.1171298586E-01    0.1349623420E-01    0.2382600134E-01    0.1217298231E-01
   -0.3786692759        0.1219332328E-01    0.1409361086E-01    0.2473150907E-01    0.1271053251E-01
   -0.3767123288        0.1268571601E-01    0.1470886866E-01    0.2565636319E-01    0.1326345381E-01
   -0.3747553816        0.1319005324E-01    0.1534215477E-01    0.2660014416E-01    0.1383182374E-01
   -0.3727984344        0.1370620218E-01    0.1599360093E-01    0.2756239086E-01    0.1441570268E-01
   -0.3708414873        0.1423400639E-01    0.1666331985E-01    0.2854259709E-01    0.1501513095E-01
   -0.3688845401        0.1477328299E-01    0.1735140378E-01    0.2954020752E-01    0.1563012714E-01
   -0.3669275930        0.1532382277E-01    0.1805792295E-01    0.3055461775E-01    0.1626068702E-01
   -0.3649706458        0.1588538897E-01    0.1878292586E-01    0.3158517353E-01    0.1690678341E-01
   -0.3630136986        0.1645771764E-01    0.1952643803E-01    0.3263117139E-01    0.1756836537E-01
   -0.3610567515        0.1704051659E-01    0.2028846230E-01    0.3369185814E-01    0.1824535817E-01
   -0.3590998043        0.1763346585E-01    0.2106897780E-01    0.3476643181E-01    0.1893766261E-01
   -0.3571428571        0.1823621683E-01    0.2186794031E-01    0.3585404154E-01    0.1964515504E-01
   -0.3551859100        0.1884839288E-01    0.2268528133E-01    0.3695378877E-01    0.2036768690E-01
   -0.3532289628        0.1946958868E-01    0.2352090866E-01    0.3806472748E-01    0.2110508483E-01
   -0.3512720157        0.2009937090E-01    0.2437470555E-01    0.3918586579E-01    0.2185715035E-01
   -0.3493150685        0.2073727784E-01    0.2524653141E-01    0.4031616648E-01    0.2262366015E-01
   -0.3473581213        0.2138282023E-01    0.2613622119E-01    0.4145454895E-01    0.2340436588E-01
   -0.3454011742        0.2203548104E-01    0.2704358617E-01    0.4259989014E-01    0.2419899463E-01
   -0.3434442270        0.2269471651E-01    0.2796841358E-01    0.4375102675E-01    0.2500724891E-01
   -0.3414872798        0.2335995614E-01    0.2891046749E-01    0.4490675660E-01    0.2582880724E-01
   -0.3395303327        0.2403060389E-01    0.2986948864E-01    0.4606584112E-01    0.2666332437E-01
   -0.3375733855        0.2470603841E-01    0.3084519552E-01    0.4722700706E-01    0.2751043197E-01
   -0.3356164384        0.2538561436E-01    0.3183728435E-01    0.4838894934E-01    0.2836973911E-01
   -0.3336594912        0.2606866294E-01    0.3284543034E-01    0.4955033309E-01    0.2924083311E-01
   -0.3317025440        0.2675449332E-01    0.3386928791E-01    0.5070979675E-01    0.3012328013E-01
   -0.3297455969        0.2744239336E-01    0.3490849206E-01    0.5186595442E-01    0.3101662631E-01
   -0.3277886497        0.2813163132E-01    0.3596265880E-01    0.5301739931E-01    0.3192039850E-01
   -0.3258317025        0.2882145666E-01    0.3703138674E-01    0.5416270632E-01    0.3283410553E-01
   -0.3238747554        0.2951110192E-01    0.3811425760E-01    0.5530043556E-01    0.3375723917E-01
   -0.3219178082        0.3019978222E-01    0.3921083599E-01    0.5642913234E-01    0.3468927367E-01
   -0.3199608611        0.3088669285E-01    0.4032066456E-01    0.5754732251E-01    0.3562966173E-01
   -0.3180039139        0.3157100907E-01    0.4144326373E-01    0.5865351269E-01    0.3657783417E-01
   -0.3160469667        0.3225188769E-01    0.4257813194E-01    0.5974619348E-01    0.3753320055E-01
   -0.3140900196        0.3292846807E-01    0.4372474686E-01    0.6082384201E-01    0.3849515023E-01
   -0.3121330724        0.3359987392E-01    0.4488256578E-01    0.6188492522E-01    0.3946305314E-01
   -0.3101761252        0.3426521439E-01    0.4605102691E-01    0.6292790266E-01    0.4043626097E-01
   -0.3082191781        0.3492358603E-01    0.4722954993E-01    0.6395122994E-01    0.4141410808E-01
   -0.3062622309        0.3557407407E-01    0.4841753744E-01    0.6495336159E-01    0.4239591283E-01
   -0.3043052838        0.3621575446E-01    0.4961437558E-01    0.6593275471E-01    0.4338097863E-01
   -0.3023483366        0.3684769530E-01    0.5081943564E-01    0.6688787193E-01    0.4436859536E-01
   -0.3003913894        0.3746895901E-01    0.5203207476E-01    0.6781718509E-01    0.4535804056E-01
   -0.2984344423        0.3807860385E-01    0.5325163764E-01    0.6871917830E-01    0.4634858098E-01
   -0.2964774951        0.3867568619E-01    0.5447745745E-01    0.6959235167E-01    0.4733947385E-01
   -0.2945205479        0.3925926220E-01    0.5570885750E-01    0.7043522437E-01    0.4832996855E-01
   -0.2925636008        0.3982839008E-01    0.5694515230E-01    0.7124633840E-01    0.4931930801E-01
   -0.2906066536        0.4038213192E-01    0.5818564934E-01    0.7202426159E-01    0.5030673041E-01
   -0.2886497065        0.4091955597E-01    0.5942965024E-01    0.7276759133E-01    0.5129147070E-01
   -0.2866927593        0.4143973853E-01    0.6067645255E-01    0.7347495756E-01    0.5227276237E-01
   -0.2847358121        0.4194176630E-01    0.6192535101E-01    0.7414502634E-01    0.5324983905E-01
   -0.2827788650        0.4242473825E-01    0.6317563940E-01    0.7477650279E-01    0.5422193632E-01
   -0.2808219178        0.4288776805E-01    0.6442661184E-01    0.7536813451E-01    0.5518829336E-01
   -0.2788649706        0.4332998589E-01    0.6567756475E-01    0.7591871435E-01    0.5614815486E-01
   -0.2769080235        0.4375054091E-01    0.6692779809E-01    0.7642708365E-01    0.5710077261E-01
   -0.2749510763        0.4414860309E-01    0.6817661747E-01    0.7689213492E-01    0.5804540752E-01
   -0.2729941292        0.4452336515E-01    0.6942333470E-01    0.7731281410E-01    0.5898133071E-01
   -0.2710371820        0.4487404069E-01    0.7066726390E-01    0.7768811687E-01    0.5990782078E-01
   -0.2690802348        0.4519986299E-01    0.7190771678E-01    0.7801708562E-01    0.6082416086E-01
   -0.2671232877        0.4550008625E-01    0.7314400341E-01    0.7829881078E-01    0.6172963961E-01
   -0.2651663405        0.4577398765E-01    0.7437543291E-01    0.7853243329E-01    0.6262355247E-01
   -0.2632093933        0.4602086903E-01    0.7560131470E-01    0.7871714637E-01    0.6350520310E-01
   -0.2612524462        0.4624005885E-01    0.7682095920E-01    0.7885219766E-01    0.6437390463E-01
   -0.2592954990        0.4643091380E-01    0.7803367905E-01    0.7893689083E-01    0.6522898107E-01
   -0.2573385519        0.4659282076E-01    0.7923878978E-01    0.7897058748E-01    0.6606976851E-01
   -0.2553816047        0.4672519828E-01    0.8043561104E-01    0.7895270846E-01    0.6689561652E-01
   -0.2534246575        0.4682749853E-01    0.8162346721E-01    0.7888273557E-01    0.6770588932E-01
   -0.2514677104        0.4689920867E-01    0.8280168863E-01    0.7876021261E-01    0.6849996714E-01
   -0.2495107632        0.4693985267E-01    0.8396961216E-01    0.7858474677E-01    0.6927724733E-01
   -0.2475538160        0.4694899264E-01    0.8512658238E-01    0.7835600940E-01    0.7003714568E-01
   -0.2455968689        0.4692623052E-01    0.8627195212E-01    0.7807373712E-01    0.7077909743E-01
   -0.2436399217        0.4687120928E-01    0.8740508356E-01    0.7773773230E-01    0.7150255856E-01
   -0.2416829746        0.4678361447E-01    0.8852534882E-01    0.7734786383E-01    0.7220700672E-01
   -0.2397260274        0.4666317532E-01    0.8963213091E-01    0.7690406734E-01    0.7289194240E-01
   -0.2377690802        0.4650966613E-01    0.9072482428E-01    0.7640634560E-01    0.7355688981E-01
   -0.2358121331        0.4632290721E-01    0.9180283580E-01    0.7585476841E-01    0.7420139793E-01
   -0.2338551859        0.4610276612E-01    0.9286558516E-01    0.7524947275E-01    0.7482504130E-01
   -0.2318982387        0.4584915845E-01    0.9391250582E-01    0.7459066229E-01    0.7542742095E-01
   -0.2299412916        0.4556204886E-01    0.9494304535E-01    0.7387860720E-01    0.7600816510E-01
   -0.2279843444        0.4524145174E-01    0.9595666634E-01    0.7311364339E-01    0.7656692993E-01
   -0.2260273973        0.4488743199E-01    0.9695284664E-01    0.7229617192E-01    0.7710340016E-01
   -0.2240704501        0.4450010552E-01    0.9793108017E-01    0.7142665797E-01    0.7761728966E-01
   -0.2221135029        0.4407963887E-01    0.9889087508E-01    0.7050562810E-01    0.7810833997E-01
   -0.2201565558        0.4362624600E-01    0.9983174742E-01    0.6953366307E-01    0.7857631414E-01
   -0.2181996086        0.4314018779E-01    0.1007532187        0.6851139489E-01    0.7902099461E-01
   -0.2162426614        0.4262177219E-01    0.1016548164        0.6743950561E-01    0.7944218332E-01
   -0.2142857143        0.4207135469E-01    0.1025360734        0.6631872620E-01    0.7983970159E-01
   -0.2123287671        0.4148933830E-01    0.1033965287        0.6514983514E-01    0.8021339011E-01
   -0.2103718200        0.4087617393E-01    0.1042357271        0.6393365718E-01    0.8056310871E-01
   -0.2084148728        0.4023236016E-01    0.1050532196        0.6267106166E-01    0.8088873614E-01
   -0.2064579256        0.3955844345E-01    0.1058485629        0.6136296118E-01    0.8119016974E-01
   -0.2045009785        0.3885501780E-01    0.1066213200        0.6001030976E-01    0.8146732504E-01
   -0.2025440313        0.3812272472E-01    0.1073710599        0.5861410130E-01    0.8172013520E-01
   -0.2005870841        0.3736225275E-01    0.1080973577        0.5717536761E-01    0.8194855049E-01
   -0.1986301370        0.3657433726E-01    0.1087997945        0.5569517679E-01    0.8215253747E-01
   -0.1966731898        0.3575975980E-01    0.1094779579        0.5417463115E-01    0.8233207830E-01
   -0.1947162427        0.3491934771E-01    0.1101314413        0.5261486543E-01    0.8248716969E-01
   -0.1927592955        0.3405397330E-01    0.1107598443        0.5101704470E-01    0.8261782194E-01
   -0.1908023483        0.3316455332E-01    0.1113627728        0.4938236252E-01    0.8272405765E-01
   -0.1888454012        0.3225204793E-01    0.1119398389        0.4771203879E-01    0.8280591055E-01
   -0.1868884540        0.3131745999E-01    0.1124906606        0.4600731792E-01    0.8286342389E-01
   -0.1849315068        0.3036183392E-01    0.1130148625        0.4426946668E-01    0.8289664894E-01
   -0.1829745597        0.2938625476E-01    0.1135120753        0.4249977247E-01    0.8290564320E-01
   -0.1810176125        0.2839184689E-01    0.1139819359        0.4069954124E-01    0.8289046851E-01
   -0.1790606654        0.2737977293E-01    0.1144240877        0.3887009585E-01    0.8285118901E-01
   -0.1771037182        0.2635123232E-01    0.1148381804        0.3701277423E-01    0.8278786892E-01
   -0.1751467710        0.2530746003E-01    0.1152238702        0.3512892798E-01    0.8270057028E-01
   -0.1731898239        0.2424972485E-01    0.1155808197        0.3321992063E-01    0.8258935019E-01
   -0.1712328767        0.2317932686E-01    0.1159086930        0.3128712532E-01    0.8245425495E-01
   -0.1692759295        0.2209759432E-01    0.1162071511        0.2933192235E-01    0.8229531365E-01
   -0.1673189824        0.2100588226E-01    0.1164758506        0.2735569892E-01    0.8211253507E-01
   -0.1653620352        0.1990557095E-01    0.1167144446        0.2535984917E-01    0.8190590547E-01
   -0.1634050881        0.1879806450E-01    0.1169225821        0.2334577466E-01    0.8167538623E-01
   -0.1614481409        0.1768478920E-01    0.1170999090        0.2131488505E-01    0.8142091193E-01
   -0.1594911937        0.1656719205E-01    0.1172460677        0.1926859920E-01    0.8114238861E-01
   -0.1575342466        0.1544673896E-01    0.1173606980        0.1720834646E-01    0.8083969242E-01
   -0.1555772994        0.1432491316E-01    0.1174434367        0.1513556841E-01    0.8051266874E-01
   -0.1536203523        0.1320321336E-01    0.1174939188        0.1305172061E-01    0.8016113184E-01
   -0.1516634051        0.1208315198E-01    0.1175117775        0.1095827481E-01    0.7978486496E-01
   -0.1497064579        0.1096625326E-01    0.1174966447        0.8856721020E-02    0.7938362118E-01
   -0.1477495108        0.9854051386E-02    0.1174481518        0.6748569908E-02    0.7895712460E-01
   -0.1457925636        0.8748088494E-02    0.1173659299        0.4635354923E-02    0.7850507226E-01
   -0.1438356164        0.7649912754E-02    0.1172496110        0.2518634589E-02    0.7802713641E-01
   -0.1418786693        0.6561076230E-02    0.1170988281        0.3999943821E-03    0.7752296730E-01
   -0.1399217221        0.5483132934E-02    0.1169132162       -0.1718951335E-02    0.7699219621E-01
   -0.1379647750        0.4417636590E-02    0.1166924135       -0.3836557908E-02    0.7643443881E-01
   -0.1360078278        0.3366138631E-02    0.1164360615       -0.5951149012E-02    0.7584929864E-01
   -0.1340508806        0.2330185896E-02    0.1161438063       -0.8061015857E-02    0.7523637073E-01
   -0.1320939335        0.1311318566E-02    0.1158152995       -0.1016441647E-01    0.7459524527E-01
   -0.1301369863        0.3110678135E-03    0.1154501994       -0.1225957556E-01    0.7392551120E-01
   -0.1281800391       -0.6690463083E-03    0.1150481716       -0.1434468447E-01    0.7322675979E-01
   -0.1262230920       -0.1627517259E-02    0.1146088903       -0.1641790172E-01    0.7249858814E-01
   -0.1242661448       -0.2562854154E-02    0.1141320394       -0.1847735358E-01    0.7174060247E-01
   -0.1223091977       -0.3473584259E-02    0.1136173129       -0.2052113505E-01    0.7095242086E-01
   -0.1203522505       -0.4358255419E-02    0.1130644122       -0.2254731033E-01    0.7013367388E-01
   -0.1183953033       -0.5215438489E-02    0.1124730460       -0.2455391393E-01    0.6928400680E-01
   -0.1164383562       -0.6043729372E-02    0.1118429314       -0.2653895205E-01    0.6840308247E-01
   -0.1144814090       -0.6841751314E-02    0.1111737957       -0.2850040450E-01    0.6749058427E-01
   -0.1125244618       -0.7608156957E-02    0.1104653777       -0.3043622651E-01    0.6654621873E-01
   -0.1105675147       -0.8341630635E-02    0.1097174291       -0.3234435110E-01    0.6556971824E-01
   -0.1086105675       -0.9040890440E-02    0.1089297164       -0.3422269134E-01    0.6456084342E-01
   -0.1066536204       -0.9704690514E-02    0.1081020220       -0.3606914310E-01    0.6351938556E-01
   -0.1046966732       -0.1033182311E-01    0.1072341464       -0.3788158770E-01    0.6244516881E-01
   -0.1027397260       -0.1092112085E-01    0.1063259094       -0.3965789501E-01    0.6133805235E-01
   -0.1007827789       -0.1147145880E-01    0.1053771519       -0.4139592643E-01    0.6019793240E-01
   -0.9882583170E-01   -0.1198175670E-01    0.1043877378       -0.4309353831E-01    0.5902474421E-01
   -0.9686888454E-01   -0.1245098095E-01    0.1033575556       -0.4474858521E-01    0.5781846387E-01
   -0.9491193738E-01   -0.1287814686E-01    0.1022865200       -0.4635892363E-01    0.5657911010E-01
   -0.9295499022E-01   -0.1326232058E-01    0.1011745739       -0.4792241552E-01    0.5530674593E-01
   -0.9099804305E-01   -0.1360262126E-01    0.1000216900       -0.4943693223E-01    0.5400148027E-01
   -0.8904109589E-01   -0.1389822295E-01    0.9882787252E-01   -0.5090035831E-01    0.5266346943E-01
   -0.8708414873E-01   -0.1414835668E-01    0.9759315909E-01   -0.5231059561E-01    0.5129291859E-01
   -0.8512720157E-01   -0.1435231227E-01    0.9631762238E-01   -0.5366556731E-01    0.4989008306E-01
   -0.8317025440E-01   -0.1450944034E-01    0.9500137199E-01   -0.5496322220E-01    0.4845526965E-01
   -0.8121330724E-01   -0.1461915401E-01    0.9364455596E-01   -0.5620153886E-01    0.4698883775E-01
   -0.7925636008E-01   -0.1468093083E-01    0.9224736265E-01   -0.5737853010E-01    0.4549120051E-01
   -0.7729941292E-01   -0.1469431434E-01    0.9081002227E-01   -0.5849224727E-01    0.4396282578E-01
   -0.7534246575E-01   -0.1465891586E-01    0.8933280867E-01   -0.5954078482E-01    0.4240423711E-01
   -0.7338551859E-01   -0.1457441602E-01    0.8781604067E-01   -0.6052228462E-01    0.4081601447E-01
   -0.7142857143E-01   -0.1444056643E-01    0.8626008275E-01   -0.6143494005E-01    0.3919879468E-01
   -0.6947162427E-01   -0.1425719125E-01    0.8466534476E-01   -0.6227699941E-01    0.3755327147E-01
   -0.6751467710E-01   -0.1402418864E-01    0.8303228344E-01   -0.6304677048E-01    0.3588019609E-01
   -0.6555772994E-01   -0.1374153193E-01    0.8136140391E-01   -0.6374262487E-01    0.3418037791E-01
   -0.6360078278E-01   -0.1340927088E-01    0.7965326127E-01   -0.6436300269E-01    0.3245468500E-01
   -0.6164383562E-01   -0.1302753273E-01    0.7790846200E-01   -0.6490641702E-01    0.3070404445E-01
   -0.5968688845E-01   -0.1259652328E-01    0.7612766541E-01   -0.6537145844E-01    0.2892944277E-01
   -0.5772994129E-01   -0.1211652771E-01    0.7431158490E-01   -0.6575679954E-01    0.2713192604E-01
   -0.5577299413E-01   -0.1158791153E-01    0.7246098930E-01   -0.6606119940E-01    0.2531260010E-01
   -0.5381604697E-01   -0.1101112120E-01    0.7057670386E-01   -0.6628350792E-01    0.2347263044E-01
   -0.5185909980E-01   -0.1038668484E-01    0.6865961153E-01   -0.6642267036E-01    0.2161324220E-01
   -0.4990215264E-01   -0.9715212659E-02    0.6671065370E-01   -0.6647773144E-01    0.1973571983E-01
   -0.4794520548E-01   -0.8997397424E-02    0.6473083129E-01   -0.6644783971E-01    0.1784140685E-01
   -0.4598825832E-01   -0.8234014665E-02    0.6272120530E-01   -0.6633225159E-01    0.1593170529E-01
   -0.4403131115E-01   -0.7425922929E-02    0.6068289764E-01   -0.6613033549E-01    0.1400807520E-01
   -0.4207436399E-01   -0.6574063695E-02    0.5861709150E-01   -0.6584157557E-01    0.1207203384E-01
   -0.4011741683E-01   -0.5679461390E-02    0.5652503193E-01   -0.6546557574E-01    0.1012515490E-01
   -0.3816046967E-01   -0.4743223045E-02    0.5440802593E-01   -0.6500206308E-01    0.8169067532E-02
   -0.3620352250E-01   -0.3766538026E-02    0.5226744276E-01   -0.6445089156E-01    0.6205455217E-02
   -0.3424657534E-01   -0.2750677418E-02    0.5010471384E-01   -0.6381204517E-01    0.4236054545E-02
   -0.3228962818E-01   -0.1696993467E-02    0.4792133272E-01   -0.6308564127E-01    0.2262653872E-02
   -0.3033268102E-01   -0.6069186675E-03    0.4571885467E-01   -0.6227193338E-01    0.2870917688E-03
   -0.2837573386E-01    0.5180350918E-03    0.4349889642E-01   -0.6137131413E-01   -0.1688744570E-02
   -0.2641878669E-01    0.1676277748E-02    0.4126313544E-01   -0.6038431767E-01   -0.3662921156E-02
   -0.2446183953E-01    0.2866142232E-02    0.3901330932E-01   -0.5931162212E-01   -0.5633459080E-02
   -0.2250489237E-01    0.4085885962E-02    0.3675121471E-01   -0.5815405159E-01   -0.7598336616E-02
   -0.2054794521E-01    0.5333692093E-02    0.3447870619E-01   -0.5691257809E-01   -0.9555491373E-02
   -0.1859099804E-01    0.6607671288E-02    0.3219769478E-01   -0.5558832308E-01   -0.1150282268E-01
   -0.1663405088E-01    0.7905863557E-02    0.2991014675E-01   -0.5418255884E-01   -0.1343819403E-01
   -0.1467710372E-01    0.9226240475E-02    0.2761808190E-01   -0.5269670947E-01   -0.1535943572E-01
   -0.1272015656E-01    0.1056670736E-01    0.2532357207E-01   -0.5113235169E-01   -0.1726434756E-01
   -0.1076320939E-01    0.1192510584E-01    0.2302873907E-01   -0.4949121526E-01   -0.1915070186E-01
   -0.8806262231E-02    0.1329921635E-01    0.2073575279E-01   -0.4777518315E-01   -0.2101624633E-01
   -0.6849315068E-02    0.1468676102E-01    0.1844682886E-01   -0.4598629134E-01   -0.2285870735E-01
   -0.4892367906E-02    0.1608540655E-01    0.1616422636E-01   -0.4412672835E-01   -0.2467579319E-01
   -0.2935420744E-02    0.1749276739E-01    0.1389024513E-01   -0.4219883436E-01   -0.2646519749E-01
   -0.9784735812E-03    0.1890640897E-01    0.1162722315E-01   -0.4020510008E-01   -0.2822460270E-01
    0.9784735812E-03    0.2032385120E-01    0.9377533497E-02   -0.3814816511E-01   -0.2995168388E-01
    0.2935420744E-02    0.2174257200E-01    0.7143581404E-02   -0.3603081620E-01   -0.3164411236E-01
    0.4892367906E-02    0.2316001115E-01    0.4927800848E-02   -0.3385598485E-01   -0.3329955970E-01
    0.6849315068E-02    0.2457357415E-01    0.2732651277E-02   -0.3162674480E-01   -0.3491570169E-01
    0.8806262231E-02    0.2598063634E-01    0.5606138871E-03   -0.2934630894E-01   -0.3649022243E-01
    0.1076320939E-01    0.2737854705E-01   -0.1585811979E-02   -0.2701802602E-01   -0.3802081854E-01
    0.1272015656E-01    0.2876463408E-01   -0.3704112867E-02   -0.2464537684E-01   -0.3950520348E-01
    0.1467710372E-01    0.3013620808E-01   -0.5791765124E-02   -0.2223197020E-01   -0.4094111190E-01
    0.1663405088E-01    0.3149056727E-01   -0.7846239222E-02   -0.1978153832E-01   -0.4232630413E-01
    0.1859099804E-01    0.3282500217E-01   -0.9865003955E-02   -0.1729793201E-01   -0.4365857068E-01
    0.2054794521E-01    0.3413680052E-01   -0.1184553104E-01   -0.1478511538E-01   -0.4493573688E-01
    0.2250489237E-01    0.3542325224E-01   -0.1378529956E-01   -0.1224716025E-01   -0.4615566749E-01
    0.2446183953E-01    0.3668165460E-01   -0.1568180083E-01   -0.9688240070E-02   -0.4731627143E-01
    0.2641878669E-01    0.3790931736E-01   -0.1753254307E-01   -0.7112623638E-02   -0.4841550653E-01
    0.2837573386E-01    0.3910356834E-01   -0.1933505666E-01   -0.4524668317E-02   -0.4945138461E-01
    0.3033268102E-01    0.4026175903E-01   -0.2108689933E-01   -0.1928813040E-02   -0.5042197679E-01
    0.3228962818E-01    0.4138127038E-01   -0.2278566161E-01    0.6704293572E-03   -0.5132541857E-01
    0.3424657534E-01    0.4245951819E-01   -0.2442897190E-01    0.3268479957E-02   -0.5215991456E-01
    0.3620352250E-01    0.4349395894E-01   -0.2601450194E-01    0.5860702130E-02   -0.5292374343E-01
    0.3816046967E-01    0.4448209535E-01   -0.2753997202E-01    0.8442409990E-02   -0.5361526260E-01
    0.4011741683E-01    0.4542148215E-01   -0.2900315656E-01    0.1100887738E-01   -0.5423291311E-01
    0.4207436399E-01    0.4630973177E-01   -0.3040188932E-01    0.1355534694E-01   -0.5477522423E-01
    0.4403131115E-01    0.4714452012E-01   -0.3173406905E-01    0.1607703961E-01   -0.5524081822E-01
    0.4598825832E-01    0.4792359217E-01   -0.3299766471E-01    0.1856916423E-01   -0.5562841477E-01
    0.4794520548E-01    0.4864476779E-01   -0.3419072105E-01    0.2102692758E-01   -0.5593683561E-01
    0.4990215264E-01    0.4930594724E-01   -0.3531136389E-01    0.2344554439E-01   -0.5616500879E-01
    0.5185909980E-01    0.4990511688E-01   -0.3635780553E-01    0.2582024780E-01   -0.5631197301E-01
    0.5381604697E-01    0.5044035459E-01   -0.3732834994E-01    0.2814629975E-01   -0.5637688170E-01
    0.5577299413E-01    0.5090983528E-01   -0.3822139812E-01    0.3041900174E-01   -0.5635900708E-01
    0.5772994129E-01    0.5131183617E-01   -0.3903545304E-01    0.3263370555E-01   -0.5625774396E-01
    0.5968688845E-01    0.5164474209E-01   -0.3976912486E-01    0.3478582423E-01   -0.5607261348E-01
    0.6164383562E-01    0.5190705049E-01   -0.4042113566E-01    0.3687084295E-01   -0.5580326653E-01
    0.6360078278E-01    0.5209737652E-01   -0.4099032438E-01    0.3888433017E-01   -0.5544948717E-01
    0.6555772994E-01    0.5221445772E-01   -0.4147565131E-01    0.4082194858E-01   -0.5501119567E-01
    0.6751467710E-01    0.5225715878E-01   -0.4187620268E-01    0.4267946629E-01   -0.5448845145E-01
    0.6947162427E-01    0.5222447587E-01   -0.4219119486E-01    0.4445276769E-01   -0.5388145574E-01
    0.7142857143E-01    0.5211554102E-01   -0.4241997859E-01    0.4613786462E-01   -0.5319055404E-01
    0.7338551859E-01    0.5192962605E-01   -0.4256204273E-01    0.4773090708E-01   -0.5241623827E-01
    0.7534246575E-01    0.5166614649E-01   -0.4261701807E-01    0.4922819415E-01   -0.5155914876E-01
    0.7729941292E-01    0.5132466523E-01   -0.4258468086E-01    0.5062618465E-01   -0.5062007600E-01
    0.7925636008E-01    0.5090489723E-01   -0.4246495724E-01    0.5192150908E-01   -0.4959996344E-01
    0.8121330724E-01    0.5040671321E-01   -0.4225792678E-01    0.5311098068E-01   -0.4849990920E-01
    0.8317025440E-01    0.4983014252E-01   -0.4196382526E-01    0.5419160575E-01   -0.4732116683E-01
    0.8512720157E-01    0.4917537543E-01   -0.4158304686E-01    0.5516059341E-01   -0.4606514551E-01
    0.8708414873E-01    0.4844276519E-01   -0.4111614621E-01    0.5601536515E-01   -0.4473341002E-01
    0.8904109589E-01    0.4763282968E-01   -0.4056383991E-01    0.5675356389E-01   -0.4332768030E-01
    0.9099804305E-01    0.4674625277E-01   -0.3992700791E-01    0.5737306280E-01   -0.4184983069E-01
    0.9295499022E-01    0.4578388522E-01   -0.3920669428E-01    0.5787197344E-01   -0.4030188871E-01
    0.9491193738E-01    0.4474674533E-01   -0.3840410787E-01    0.5824865369E-01   -0.3868603365E-01
    0.9686888454E-01    0.4363601903E-01   -0.3752062234E-01    0.5850171497E-01   -0.3700459459E-01
    0.9882583170E-01    0.4245305977E-01   -0.3655777601E-01    0.5863002911E-01   -0.3526004818E-01
    0.1007827789        0.4119938783E-01   -0.3551727112E-01    0.5863273443E-01   -0.3345501599E-01
    0.1027397260        0.3987668937E-01   -0.3440097291E-01    0.5850924157E-01   -0.3159226148E-01
    0.1046966732        0.3848681492E-01   -0.3321090801E-01    0.5825923830E-01   -0.2967468663E-01
    0.1066536204        0.3703177765E-01   -0.3194926274E-01    0.5788269412E-01   -0.2770532812E-01
    0.1086105675        0.3551375097E-01   -0.3061838066E-01    0.5737986381E-01   -0.2568735322E-01
    0.1105675147        0.3393506595E-01   -0.2922076006E-01    0.5675129062E-01   -0.2362405525E-01
    0.1125244618        0.3229820813E-01   -0.2775905061E-01    0.5599780849E-01   -0.2151884867E-01
    0.1144814090        0.3060581409E-01   -0.2623605007E-01    0.5512054381E-01   -0.1937526388E-01
    0.1164383562        0.2886066738E-01   -0.2465470013E-01    0.5412091617E-01   -0.1719694153E-01
    0.1183953033        0.2706569427E-01   -0.2301808220E-01    0.5300063862E-01   -0.1498762663E-01
    0.1203522505        0.2522395887E-01   -0.2132941251E-01    0.5176171696E-01   -0.1275116221E-01
    0.1223091977        0.2333865804E-01   -0.1959203706E-01    0.5040644838E-01   -0.1049148270E-01
    0.1242661448        0.2141311571E-01   -0.1780942590E-01    0.4893741923E-01   -0.8212606958E-02
    0.1262230920        0.1945077703E-01   -0.1598516732E-01    0.4735750212E-01   -0.5918631034E-02
    0.1281800391        0.1745520213E-01   -0.1412296161E-01    0.4566985279E-01   -0.3613720647E-02
    0.1301369863        0.1543006009E-01   -0.1222661487E-01    0.4387790720E-01   -0.1302103414E-02
    0.1320939335        0.1337912149E-01   -0.1030003168E-01    0.4198537620E-01    0.1011939666E-02
    0.1340508806        0.1130625077E-01   -0.8347207403E-02    0.3999623903E-01    0.3324082953E-02
    0.1360078278        0.9215397871E-02   -0.6372219914E-02    0.3791473586E-01    0.5629965252E-02
    0.1379647750        0.7110589920E-02   -0.4379221324E-02    0.3574535969E-01    0.7925198993E-02
    0.1399217221        0.4995922288E-02   -0.2372429050E-02    0.3349284723E-01    0.1020537973E-01
    0.1418786693        0.2875549643E-02   -0.3561169375E-03    0.3116216923E-01    0.1246609567E-01
    0.1438356164        0.7536764747E-03    0.1665394199E-02    0.2875851975E-01    0.1470293750E-01
    0.1457925636       -0.1365452350E-02    0.3687745957E-02    0.2628730504E-01    0.1691150815E-01
    0.1477495108       -0.3477561517E-02    0.5706552261E-02    0.2375413134E-01    0.1908743285E-01
    0.1497064579       -0.5578355118E-02    0.7717409143E-02    0.2116479228E-01    0.2122636908E-01
    0.1516634051       -0.7663526931E-02    0.9715905017E-02    0.1852525536E-01    0.2332401671E-01
    0.1536203523       -0.9728770577E-02    0.1169763076E-01    0.1584164808E-01    0.2537612799E-01
    0.1555772994       -0.1176979005E-01    0.1365819022E-01    0.1312024315E-01    0.2737851771E-01
    0.1575342466       -0.1378231005E-01    0.1559321051E-01    0.1036744350E-01    0.2932707317E-01
    0.1594911937       -0.1576208668E-01    0.1749835263E-01    0.7589766392E-02    0.3121776422E-01
    0.1614481409       -0.1770491782E-01    0.1936932186E-01    0.4793827428E-02    0.3304665303E-01
    0.1634050881       -0.1960665385E-01    0.2120187839E-01    0.1986323790E-02    0.3480990393E-01
    0.1653620352       -0.2146320802E-01    0.2299184762E-01   -0.8259826063E-03    0.3650379293E-01
    0.1673189824       -0.2327056701E-01    0.2473513079E-01   -0.3636282582E-02    0.3812471722E-01
    0.1692759295       -0.2502480117E-01    0.2642771505E-01   -0.6437737171E-02    0.3966920431E-01
    0.1712328767       -0.2672207489E-01    0.2806568386E-01   -0.9223495620E-02    0.4113392107E-01
    0.1731898239       -0.2835865650E-01    0.2964522682E-01   -0.1198671329E-01    0.4251568239E-01
    0.1751467710       -0.2993092827E-01    0.3116264968E-01   -0.1472056996E-01    0.4381145967E-01
    0.1771037182       -0.3143539620E-01    0.3261438397E-01   -0.1741828807E-01    0.4501838914E-01
    0.1790606654       -0.3286870105E-01    0.3399699821E-01   -0.2007315202E-01    0.4613378196E-01
    0.1810176125       -0.3422762900E-01    0.3530720838E-01   -0.2267852754E-01    0.4715513363E-01
    0.1829745597       -0.3550912101E-01    0.3654188741E-01   -0.2522788081E-01    0.4808013152E-01
    0.1849315068       -0.3671028161E-01    0.3769807374E-01   -0.2771479700E-01    0.4890666162E-01
    0.1868884540       -0.3782838739E-01    0.3877297992E-01   -0.3013299896E-01    0.4963281498E-01
    0.1888454012       -0.3886089484E-01    0.3976400025E-01   -0.3247636521E-01    0.5025689341E-01
    0.1908023483       -0.3980544800E-01    0.4066871854E-01   -0.3473894789E-01    0.5077741487E-01
    0.1927592955       -0.4065988532E-01    0.4148491474E-01   -0.3691498999E-01    0.5119311809E-01
    0.1947162427       -0.4142224624E-01    0.4221057168E-01   -0.3899894233E-01    0.5150296675E-01
    0.1966731898       -0.4209077701E-01    0.4284388064E-01   -0.4098547971E-01    0.5170615297E-01
    0.1986301370       -0.4266393619E-01    0.4338324694E-01   -0.4286951678E-01    0.5180210031E-01
    0.2005870841       -0.4314039924E-01    0.4382729445E-01   -0.4464622285E-01    0.5179046595E-01
    0.2025440313       -0.4351906284E-01    0.4417486988E-01   -0.4631103638E-01    0.5167114251E-01
    0.2045009785       -0.4379904833E-01    0.4442504611E-01   -0.4785967832E-01    0.5144425896E-01
    0.2064579256       -0.4397970469E-01    0.4457712523E-01   -0.4928816493E-01    0.5111018109E-01
    0.2084148728       -0.4406061072E-01    0.4463064061E-01   -0.5059281950E-01    0.5066951120E-01
    0.2103718200       -0.4404157679E-01    0.4458535863E-01   -0.5177028335E-01    0.5012308726E-01
    0.2123287671       -0.4392264561E-01    0.4444127942E-01   -0.5281752571E-01    0.4947198128E-01
    0.2142857143       -0.4370409268E-01    0.4419863729E-01   -0.5373185279E-01    0.4871749720E-01
    0.2162426614       -0.4338642581E-01    0.4385790014E-01   -0.5451091563E-01    0.4786116797E-01
    0.2181996086       -0.4297038415E-01    0.4341976856E-01   -0.5515271713E-01    0.4690475220E-01
    0.2201565558       -0.4245693639E-01    0.4288517388E-01   -0.5565561778E-01    0.4585022994E-01
    0.2221135029       -0.4184727853E-01    0.4225527603E-01   -0.5601834053E-01    0.4469979814E-01
    0.2240704501       -0.4114283071E-01    0.4153146022E-01   -0.5623997433E-01    0.4345586524E-01
    0.2260273973       -0.4034523375E-01    0.4071533353E-01   -0.5631997683E-01    0.4212104543E-01
    0.2279843444       -0.3945634565E-01    0.3980872134E-01   -0.5625817699E-01    0.4069815315E-01
    0.2299412916       -0.3847823969E-01    0.3881366544E-01   -0.5605477979E-01    0.3919019922E-01
    0.2318982387       -0.3741319930E-01    0.3773241886E-01   -0.5571036634E-01    0.3760038364E-01
    0.2338551859       -0.3626371171E-01    0.3656743952E-01   -0.5522589186E-01    0.3593208709E-01
    0.2358121331       -0.3503246068E-01    0.3532138284E-01   -0.5460268208E-01    0.3418886170E-01
    0.2377690802       -0.3372231888E-01    0.3399709423E-01   -0.5384242872E-01    0.3237442148E-01
    0.2397260274       -0.3233633948E-01    0.3259760047E-01   -0.5294718348E-01    0.3049263212E-01
    0.2416829746       -0.3087774741E-01    0.3112610112E-01   -0.5191935116E-01    0.2854750050E-01
    0.2436399217       -0.2934992985E-01    0.2958595883E-01   -0.5076168124E-01    0.2654316371E-01
    0.2455968689       -0.2775642657E-01    0.2798068976E-01   -0.4947725879E-01    0.2448387779E-01
    0.2475538160       -0.2610091948E-01    0.2631395302E-01   -0.4806949389E-01    0.2237400604E-01
    0.2495107632       -0.2438722218E-01    0.2458954027E-01   -0.4654211035E-01    0.2021800725E-01
    0.2514677104       -0.2261926870E-01    0.2281136434E-01   -0.4489913314E-01    0.1802042345E-01
    0.2534246575       -0.2080110238E-01    0.2098344821E-01   -0.4314487525E-01    0.1578586773E-01
    0.2553816047       -0.1893686407E-01    0.1910991306E-01   -0.4128392322E-01    0.1351901166E-01
    0.2573385519       -0.1703078046E-01    0.1719496665E-01   -0.3932112233E-01    0.1122457289E-01
    0.2592954990       -0.1508715186E-01    0.1524289105E-01   -0.3726156056E-01    0.8907302401E-02
    0.2612524462       -0.1311034023E-01    0.1325803068E-01   -0.3511055229E-01    0.6571972001E-02
    0.2632093933       -0.1110475667E-01    0.1124477971E-01   -0.3287362096E-01    0.4223361639E-02
    0.2651663405       -0.9074849332E-02    0.9207570049E-02   -0.3055648158E-01    0.1866246990E-02
    0.2671232877       -0.7025090833E-02    0.7150858629E-02   -0.2816502230E-01   -0.4946130438E-03
    0.2690802348       -0.4959966168E-02    0.5079115398E-02   -0.2570528603E-01   -0.2854488469E-02
    0.2710371820       -0.2883960245E-02    0.2996810753E-02   -0.2318345121E-01   -0.5208690344E-02
    0.2729941292       -0.8015459996E-03    0.9084037048E-03   -0.2060581288E-01   -0.7552582477E-02
    0.2749510763        0.1282827813E-02   -0.1181670410E-02   -0.1797876291E-01   -0.9881593044E-02
    0.2769080235        0.3364748148E-02   -0.3269011419E-02   -0.1530877084E-01   -0.1219122579E-01
    0.2788649706        0.5439849792E-02   -0.5349266496E-02   -0.1260236510E-01   -0.1447707203E-01
    0.2808219178        0.7503827313E-02   -0.7418142071E-02   -0.9866114045E-02   -0.1673482271E-01
    0.2827788650        0.9552447366E-02   -0.9471416207E-02   -0.7106604880E-02   -0.1896027993E-01
    0.2847358121        0.1158156008E-01   -0.1150494995E-01   -0.4330423119E-02   -0.2114936747E-01
    0.2866927593        0.1358711060E-01   -0.1351469894E-01   -0.1544131702E-02   -0.2329814124E-01
    0.2886497065        0.1556514957E-01   -0.1549672385E-01    0.1245749021E-02   -0.2540279872E-01
    0.2906066536        0.1751184375E-01   -0.1744720111E-01    0.4032761469E-02   -0.2745968826E-01
    0.2925636008        0.1942348547E-01   -0.1936243227E-01    0.6810529982E-02   -0.2946531733E-01
    0.2945205479        0.2129650218E-01   -0.2123885365E-01    0.9572779996E-02   -0.3141636053E-01
    0.2964774951        0.2312746474E-01   -0.2307304457E-01    0.1231335603E-01   -0.3330966653E-01
    0.2984344423        0.2491309571E-01   -0.2486173577E-01    0.1502623958E-01   -0.3514226475E-01
    0.3003913894        0.2665027649E-01   -0.2660181640E-01    0.1770556566E-01   -0.3691137092E-01
    0.3023483366        0.2833605427E-01   -0.2829034111E-01    0.2034563916E-01   -0.3861439228E-01
    0.3043052838        0.2996764775E-01   -0.2992453575E-01    0.2294094972E-01   -0.4024893178E-01
    0.3062622309        0.3154245284E-01   -0.3150180308E-01    0.2548618633E-01   -0.4181279181E-01
    0.3082191781        0.3305804696E-01   -0.3301972703E-01    0.2797625033E-01   -0.4330397692E-01
    0.3101761252        0.3451219330E-01   -0.3447607706E-01    0.3040626807E-01   -0.4472069609E-01
    0.3121330724        0.3590284369E-01   -0.3586881096E-01    0.3277160189E-01   -0.4606136400E-01
    0.3140900196        0.3722814151E-01   -0.3719607785E-01    0.3506786069E-01   -0.4732460186E-01
    0.3160469667        0.3848642308E-01   -0.3845621948E-01    0.3729090879E-01   -0.4850923728E-01
    0.3180039139        0.3967621915E-01   -0.3964777185E-01    0.3943687429E-01   -0.4961430361E-01
    0.3199608611        0.4079625495E-01   -0.4076946514E-01    0.4150215576E-01   -0.5063903851E-01
    0.3219178082        0.4184545026E-01   -0.4182022389E-01    0.4348342835E-01   -0.5158288192E-01
    0.3238747554        0.4282291812E-01   -0.4279916565E-01    0.4537764822E-01   -0.5244547332E-01
    0.3258317025        0.4372796359E-01   -0.4370559980E-01    0.4718205647E-01   -0.5322664848E-01
    0.3277886497        0.4456008279E-01   -0.4453902656E-01    0.4889418309E-01   -0.5392643745E-01
    0.3297455969        0.4531896681E-01   -0.4529914096E-01    0.5051185589E-01   -0.5454506798E-01
    0.3317025440        0.4600450062E-01   -0.4598583162E-01    0.5203320383E-01   -0.5508296350E-01
    0.3336594912        0.4661675990E-01   -0.4659917780E-01    0.5345665774E-01   -0.5554073809E-01
    0.3356164384        0.4715600644E-01   -0.4713944458E-01    0.5478094898E-01   -0.5591919054E-01
    0.3375733855        0.4762268372E-01   -0.4760707863E-01    0.5600510762E-01   -0.5621929807E-01
    0.3395303327        0.4801741101E-01   -0.4800270219E-01    0.5712845886E-01   -0.5644220927E-01
    0.3414872798        0.4834097786E-01   -0.4832710766E-01    0.5815061901E-01   -0.5658923684E-01
    0.3434442270        0.4859433718E-01   -0.4858125059E-01    0.5907148969E-01   -0.5666184958E-01
    0.3454011742        0.4877859870E-01   -0.4876624326E-01    0.5989125185E-01   -0.5666166431E-01
    0.3473581213        0.4889502117E-01   -0.4888334674E-01    0.6061035797E-01   -0.5659043707E-01
    0.3493150685        0.4894500504E-01   -0.4893396373E-01    0.6122952426E-01   -0.5645005441E-01
    0.3512720157        0.4893008390E-01   -0.4891962986E-01    0.6174972109E-01   -0.5624252404E-01
    0.3532289628        0.4885191654E-01   -0.4884200590E-01    0.6217216365E-01   -0.5596996559E-01
    0.3551859100        0.4871227783E-01   -0.4870286845E-01    0.6249830086E-01   -0.5563460088E-01
    0.3571428571        0.4851305032E-01   -0.4850410180E-01    0.6272980469E-01   -0.5523874441E-01
    0.3590998043        0.4825621475E-01   -0.4824768816E-01    0.6286855783E-01   -0.5478479341E-01
    0.3610567515        0.4794384139E-01   -0.4793569924E-01    0.6291664198E-01   -0.5427521822E-01
    0.3630136986        0.4757808028E-01   -0.4757028631E-01    0.6287632454E-01   -0.5371255228E-01
    0.3649706458        0.4716115255E-01   -0.4715367168E-01    0.6275004609E-01   -0.5309938259E-01
    0.3669275930        0.4669534056E-01   -0.4668813868E-01    0.6254040644E-01   -0.5243833982E-01
    0.3688845401        0.4618297929E-01   -0.4617602322E-01    0.6225015159E-01   -0.5173208900E-01
    0.3708414873        0.4562644660E-01   -0.4561970387E-01    0.6188215934E-01   -0.5098331988E-01
    0.3727984344        0.4502815487E-01   -0.4502159368E-01    0.6143942608E-01   -0.5019473801E-01
    0.3747553816        0.4439054146E-01   -0.4438413045E-01    0.6092505214E-01   -0.4936905551E-01
    0.3767123288        0.4371606120E-01   -0.4370976940E-01    0.6034222932E-01   -0.4850898312E-01
    0.3786692759        0.4300718226E-01   -0.4300097889E-01    0.5969423333E-01   -0.4761722715E-01
    0.3806262231        0.4226638542E-01   -0.4226023979E-01    0.5898442030E-01   -0.4669648898E-01
    0.3825831703        0.4149615569E-01   -0.4149003700E-01    0.5821621331E-01   -0.4574945729E-01
    0.3845401174        0.4069897458E-01   -0.4069285184E-01    0.5739308909E-01   -0.4477879996E-01
    0.3864970646        0.3987731125E-01   -0.3987115303E-01    0.5651856344E-01   -0.4378715574E-01
    0.3884540117        0.3903361548E-01   -0.3902738981E-01    0.5559617860E-01   -0.4277712697E-01
    0.3904109589        0.3817030933E-01   -0.3816398347E-01    0.5462948915E-01   -0.4175127197E-01
    0.3923679061        0.3728978092E-01   -0.3728332122E-01    0.5362205015E-01   -0.4071209860E-01
    0.3943248532        0.3639437672E-01   -0.3638774835E-01    0.5257740382E-01   -0.3966205743E-01
    0.3962818004        0.3548639618E-01   -0.3547956303E-01    0.5149906862E-01   -0.3860353620E-01
    0.3982387476        0.3456808480E-01   -0.3456100910E-01    0.5039052689E-01   -0.3753885388E-01
    0.4001956947        0.3364162961E-01   -0.3363427184E-01    0.4925521504E-01   -0.3647025605E-01
    0.4021526419        0.3270915307E-01   -0.3270147155E-01    0.4809651225E-01   -0.3539990990E-01
    0.4041095890        0.3177270952E-01   -0.3176466025E-01    0.4691773200E-01   -0.3432990057E-01
    0.4060665362        0.3083427984E-01   -0.3082581609E-01    0.4572211193E-01   -0.3326222703E-01
    0.4080234834        0.2989576897E-01   -0.2988684104E-01    0.4451280669E-01   -0.3219879949E-01
    0.4099804305        0.2895900133E-01   -0.2894955607E-01    0.4329287914E-01   -0.3114143613E-01
    0.4119373777        0.2802571934E-01   -0.2801569989E-01    0.4206529463E-01   -0.3009186150E-01
    0.4138943249        0.2709757969E-01   -0.2708692488E-01    0.4083291342E-01   -0.2905170410E-01
    0.4158512720        0.2617615277E-01   -0.2616479684E-01    0.3959848654E-01   -0.2802249577E-01
    0.4178082192        0.2526291975E-01   -0.2525079161E-01    0.3836464941E-01   -0.2700567007E-01
    0.4197651663        0.2435927298E-01   -0.2434629587E-01    0.3713391925E-01   -0.2600256256E-01
    0.4217221135        0.2346651371E-01   -0.2345260434E-01    0.3590868992E-01   -0.2501440996E-01
    0.4236790607        0.2258585350E-01   -0.2257092158E-01    0.3469123081E-01   -0.2404235130E-01
    0.4256360078        0.2171841248E-01   -0.2170235976E-01    0.3348368281E-01   -0.2308742766E-01
    0.4275929550        0.2086522309E-01   -0.2084794273E-01    0.3228806085E-01   -0.2215058567E-01
    0.4295499022        0.2002723553E-01   -0.2000861091E-01    0.3110626120E-01   -0.2123268485E-01
    0.4315068493        0.1920532285E-01   -0.1918522682E-01    0.2994006640E-01   -0.2033450234E-01
    0.4334637965        0.1840027907E-01   -0.1837857253E-01    0.2879114161E-01   -0.1945673250E-01
    0.4354207436        0.1761282185E-01   -0.1758935280E-01    0.2766103591E-01   -0.1859998886E-01
    0.4373776908        0.1684359091E-01   -0.1681819266E-01    0.2655117935E-01   -0.1776480408E-01
    0.4393346380        0.1609315155E-01   -0.1606564158E-01    0.2546288558E-01   -0.1695163259E-01
    0.4412915851        0.1536199339E-01   -0.1533217120E-01    0.2439734979E-01   -0.1616085106E-01
    0.4432485323        0.1465053480E-01   -0.1461818041E-01    0.2335565275E-01   -0.1539276165E-01
    0.4452054795        0.1395912184E-01   -0.1392399323E-01    0.2233875934E-01   -0.1464759283E-01
    0.4471624266        0.1328803355E-01   -0.1324986472E-01    0.2134752397E-01   -0.1392550323E-01
    0.4491193738        0.1263748091E-01   -0.1259597876E-01    0.2038268959E-01   -0.1322658269E-01
    0.4510763209        0.1200761305E-01   -0.1196245492E-01    0.1944489440E-01   -0.1255085664E-01
    0.4530332681        0.1139851602E-01   -0.1134934586E-01    0.1853467113E-01   -0.1189828720E-01
    0.4549902153        0.1081021991E-01   -0.1075664520E-01    0.1765245503E-01   -0.1126877812E-01
    0.4569471624        0.1024269731E-01   -0.1018428431E-01    0.1679858314E-01   -0.1066217576E-01
    0.4589041096        0.9695871384E-02   -0.9632141245E-02    0.1597330358E-01   -0.1007827453E-01
    0.4608610568        0.9169613694E-02   -0.9100036582E-02    0.1517677455E-01   -0.9516817578E-02
    0.4628180039        0.8663753435E-02   -0.8587743596E-02    0.1440907497E-01   -0.8977502789E-02
    0.4647749511        0.8178074319E-02   -0.8094982783E-02    0.1367020277E-01   -0.8459982987E-02
    0.4667318982        0.7712325144E-02   -0.7621433496E-02    0.1296008718E-01   -0.7963872448E-02
    0.4686888454        0.7266215341E-02   -0.7166726589E-02    0.1227858577E-01   -0.7488746452E-02
    0.4706457926        0.6839427279E-02   -0.6730458005E-02    0.1162549866E-01   -0.7034148445E-02
    0.4726027397        0.6431609880E-02   -0.6312178744E-02    0.1100056379E-01   -0.6599588571E-02
    0.4745596869        0.6042393275E-02   -0.5911411148E-02    0.1040347353E-01   -0.6184551748E-02
    0.4765166341        0.5671379618E-02   -0.5527635027E-02    0.9833867205E-02   -0.5788494725E-02
    0.4784735812        0.5318161158E-02   -0.5160307904E-02    0.9291351244E-02   -0.5410855499E-02
    0.4804305284        0.4982306810E-02   -0.4808845420E-02    0.8775487380E-02   -0.5051048202E-02
    0.4823874755        0.4663385518E-02   -0.4472647788E-02    0.8285818146E-02   -0.4708474657E-02
    0.4843444227        0.4360946048E-02   -0.4151071161E-02    0.7821848171E-02   -0.4382515879E-02
    0.4863013699        0.4074549190E-02   -0.3843464660E-02    0.7383078553E-02   -0.4072547344E-02
    0.4882583170        0.3803735703E-02   -0.3549126125E-02    0.6968976046E-02   -0.3777924727E-02
    0.4902152642        0.3548075044E-02   -0.3267359263E-02    0.6579024044E-02   -0.3498006335E-02
    0.4921722114        0.3307109490E-02   -0.2997398419E-02    0.6212667460E-02   -0.3232127552E-02
    0.4941291585        0.3080439636E-02   -0.2738511241E-02    0.5869400763E-02   -0.2979639580E-02
    0.4960861057        0.2867607817E-02   -0.2489845404E-02    0.5548651130E-02   -0.2739855752E-02
    0.4980430528        0.2668297880E-02   -0.2250675074E-02    0.5249981941E-02   -0.2512141683E-02
    0.5000000000        0.2481952614E-02   -0.2019906890E-02    0.4972706304E-02   -0.2295740349E-02
