   -0.5000000000        -4.593503297         2.381232750        -4.470973138         2.299238938        -4.451512191         2.523199636    
   -0.4980430528        -4.593503297         2.381232750        -4.477339199         2.309632492        -4.458191413         2.508072741    
   -0.4960861057        -4.593503297         2.381232750        -4.482789263         2.319357419        -4.464071248         2.493624945    
   -0.4941291585        -4.593503297         2.381232750        -4.487399347         2.328511099        -4.469209033         2.479758642    
   -0.4921722114        -4.593503297         2.381232750        -4.491224177         2.337164659        -4.473647850         2.466391764    
   -0.4902152642        -4.593503297         2.381232750        -4.494317147         2.345390820        -4.477429254         2.453444459    
   -0.4882583170        -4.593503297         2.381232750        -4.496721610         2.353251208        -4.480587736         2.440844703    
   -0.4863013699        -4.593503297         2.381232750        -4.498477301         2.360805233        -4.483154844         2.428523949    
   -0.4843444227        -4.593503297         2.381232750        -4.499617059         2.368105144        -4.485157109         2.416419186    
   -0.4823874755        -4.593503297         2.381232750        -4.500170170         2.375200573        -4.486618202         2.404470643    
   -0.4804305284        -4.593503297         2.381232750        -4.500160717         2.382135965        -4.487557903         2.392622797    
   -0.4784735812        -4.593503297         2.381232750        -4.499609678         2.388953378        -4.487993465         2.380822928    
   -0.4765166341        -4.593503297         2.381232750        -4.498533959         2.395690925        -4.487939023         2.369021693    
   -0.4745596869        -4.593503297         2.381232750        -4.496947851         2.402384681        -4.487406537         2.357172128    
   -0.4726027397        -4.593503297         2.381232750        -4.494862404         2.409067637        -4.486405430         2.345230020    
   -0.4706457926        -4.593503297         2.381232750        -4.492286494         2.415771082        -4.484943282         2.333153180    
   -0.4686888454        -4.593503297         2.381232750        -4.489226398         2.422523842        -4.483025585         2.320901712    
   -0.4667318982        -4.593503297         2.381232750        -4.485686607         2.429353322        -4.480656284         2.308437464    
   -0.4647749511        -4.593503297         2.381232750        -4.481669514         2.436284928        -4.477837602         2.295724238    
   -0.4628180039        -4.593503297         2.381232750        -4.477176062         2.443342866        -4.474570472         2.282727377    
   -0.4608610568        -4.593503297         2.381232750        -4.472205503         2.450549679        -4.470854405         2.269413931    
   -0.4589041096        -4.593503297         2.381232750        -4.466755925         2.457926885        -4.466687850         2.255752347    
   -0.4569471624        -4.593503297         2.381232750        -4.460824063         2.465494586        -4.462068091         2.241712616    
   -0.4549902153        -4.593503297         2.381232750        -4.454405733         2.473271980        -4.456991544         2.227266026    
   -0.4530332681        -4.593503297         2.381232750        -4.447495681         2.481277030        -4.451453683         2.212385307    
   -0.4510763209        -4.593503297         2.381232750        -4.440087948         2.489526876        -4.445449290         2.197044436    
   -0.4491193738        -4.593503297         2.381232750        -4.432175749         2.498037547        -4.438972399         2.181218770    
   -0.4471624266        -4.593503297         2.381232750        -4.423751783         2.506824300        -4.432016510         2.164884903    
   -0.4452054795        -4.593503297         2.381232750        -4.414808131         2.515901362        -4.424574542         2.148020784    
   -0.4432485323        -4.593503297         2.381232750        -4.405336526         2.525282210        -4.416639031         2.130605614    
   -0.4412915851        -4.593503297         2.381232750        -4.395328267         2.534979341        -4.408202082         2.112619959    
   -0.4393346380        -4.593503297         2.381232750        -4.384774455         2.545004503        -4.399255548         2.094045666    
   -0.4373776908        -4.593503297         2.381232750        -4.373665921         2.555368487        -4.389790995         2.074865977    
   -0.4354207436        -4.593503297         2.381232750        -4.361993433         2.566081323        -4.379799852         2.055065465    
   -0.4334637965        -4.593503297         2.381232750        -4.349747631         2.577152088        -4.369273392         2.034630142    
   -0.4315068493        -4.593503297         2.381232750        -4.336919214         2.588589072        -4.358202861         2.013547401    
   -0.4295499022        -4.593503297         2.381232750        -4.323498884         2.600399603        -4.346579465         1.991806128    
   -0.4275929550        -4.593503297         2.381232750        -4.309477507         2.612590190        -4.334394485         1.969396649    
   -0.4256360078        -4.593503297         2.381232750        -4.294846065         2.625166364        -4.321639264         1.946310832    
   -0.4236790607        -4.593503297         2.381232750        -4.279595801         2.638132799        -4.308305315         1.922542047    
   -0.4217221135        -4.593503297         2.381232750        -4.263718222         2.651493131        -4.294384351         1.898085320    
   -0.4197651663        -4.593503297         2.381232750        -4.247205339         2.665249968        -4.279868484         1.872937464    
   -0.4178082192        -4.593503297         2.381232750        -4.230049669         2.679404728        -4.264750249         1.847097224    
   -0.4158512720        -4.593503297         2.381232750        -4.212244376         2.693957710        -4.249022719         1.820565281    
   -0.4138943249        -4.593503297         2.381232750        -4.193783261         2.708907947        -4.232679514         1.793344356    
   -0.4119373777        -4.593503297         2.381232750        -4.174660889         2.724253282        -4.215714909         1.765439223    
   -0.4099804305        -4.593503297         2.381232750        -4.154872579         2.739990223        -4.198123842         1.736856802    
   -0.4080234834        -4.593503297         2.381232750        -4.134414527         2.756114009        -4.179902022         1.707606162    
   -0.4060665362        -4.593503297         2.381232750        -4.113283797         2.772618486        -4.161045933         1.677698611    
   -0.4041095890        -4.593503297         2.381232750        -4.091478426         2.789496161        -4.141552933         1.647147694    
   -0.4021526419        -4.593503297         2.381232750        -4.068997423         2.806738090        -4.121421263         1.615969265    
   -0.4001956947        -4.593503297         2.381232750        -4.045840862         2.824333932        -4.100650134         1.584181478    
   -0.3982387476        -4.593503297         2.381232750        -4.022009875         2.842271849        -4.079239737         1.551804849    
   -0.3962818004        -4.593503297         2.381232750        -3.997506739         2.860538559        -4.057191321         1.518862233    
   -0.3943248532        -4.593503297         2.381232750        -3.972334864         2.879119246        -4.034507200         1.485378872    
   -0.3923679061        -4.593503297         2.381232750        -3.946498868         2.897997621        -4.011190820         1.451382358    
   -0.3904109589        -4.593503297         2.381232750        -3.920004562         2.917155839        -3.987246767         1.416902666    
   -0.3884540117        -4.593503297         2.381232750        -3.892859012         2.936574566        -3.962680822         1.381972101    
   -0.3864970646        -4.593503297         2.381232750        -3.865070521         2.956232911        -3.937499962         1.346625313    
   -0.3845401174        -4.593503297         2.381232750        -3.836648676         2.976108497        -3.911712405         1.310899230    
   -0.3825831703        -4.593503297         2.381232750        -3.807604320         2.996177407        -3.885327608         1.274833052    
   -0.3806262231        -4.593503297         2.381232750        -3.777949595         3.016414255        -3.858356300         1.238468168    
   -0.3786692759        -4.593503297         2.381232750        -3.747697900         3.036792160        -3.830810469         1.201848129    
   -0.3767123288        -4.593503297         2.381232750        -3.716863923         3.057282813        -3.802703390         1.165018554    
   -0.3747553816        -4.593503297         2.381232750        -3.685463585         3.077856468        -3.774049597         1.128027070    
   -0.3727984344        -4.593503297         2.381232750        -3.653514086         3.098482007        -3.744864919         1.090923238    
   -0.3708414873        -4.593503297         2.381232750        -3.621033994         3.119126818        -3.715166587         1.053758684    
   -0.3688845401        -4.593503297         2.381232750        -3.588043383         3.139756795        -3.684973353         1.016587149    
   -0.3669275930        -4.593503297         2.381232750        -3.554563804         3.160336321        -3.654305485        0.9794644420    
   -0.3649706458        -4.593503297         2.381232750        -3.520618306         3.180828349        -3.623184788        0.9424483282    
   -0.3630136986        -4.593503297         2.381232750        -3.486231394         3.201194410        -3.591634580        0.9055984527    
   -0.3610567515        -4.593503297         2.381232750        -3.451429033         3.221394707        -3.559679700        0.8689762131    
   -0.3590998043        -4.593503297         2.381232750        -3.416238600         3.241388129        -3.527346481        0.8326446619    
   -0.3571428571        -4.593503297         2.381232750        -3.380688878         3.261132360        -3.494662744        0.7966683635    
   -0.3551859100        -4.593503297         2.381232750        -3.344809997         3.280583908        -3.461657757        0.7611132786    
   -0.3532289628        -4.593503297         2.381232750        -3.308633416         3.299698217        -3.428362227        0.7260466053    
   -0.3512720157        -4.593503297         2.381232750        -3.272191854         3.318429718        -3.394808241        0.6915366457    
   -0.3493150685        -4.593503297         2.381232750        -3.235519265         3.336731945        -3.361029248        0.6576526330    
   -0.3473581213        -4.593503297         2.381232750        -3.198650754         3.354557600        -3.327059993        0.6244645824    
   -0.3454011742        -4.593503297         2.381232750        -3.161622543         3.371858679        -3.292936486        0.5920431045    
   -0.3434442270        -4.593503297         2.381232750        -3.124471880         3.388586547        -3.258695926        0.5604592427    
   -0.3414872798        -4.593503297         2.381232750        -3.087236991         3.404692076        -3.224376654        0.5297842751    
   -0.3395303327        -4.593503297         2.381232750        -3.049956983         3.420125725        -3.190018076        0.5000895405    
   -0.3375733855        -4.593503297         2.381232750        -3.012671785         3.434837691        -3.155660601        0.4714462315    
   -0.3356164384        -4.593503297         2.381232750        -2.975422044         3.448777995        -3.121345551        0.4439252105    
   -0.3336594912        -4.593503297         2.381232750        -2.938249054         3.461896640        -3.087115093        0.4175967968    
   -0.3317025440        -4.593503297         2.381232750        -2.901194649         3.474143706        -3.053012142        0.3925305768    
   -0.3297455969        -4.593503297         2.381232750        -2.864301121         3.485469509        -3.019080280        0.3687951866    
   -0.3277886497        -4.593503297         2.381232750        -2.827611109         3.495824707        -2.985363648        0.3464581189    
   -0.3258317025        -4.593503297         2.381232750        -2.791167510         3.505160458        -2.951906864        0.3255855064    
   -0.3238747554        -4.593503297         2.381232750        -2.755013364         3.513428530        -2.918754910        0.3062419314    
   -0.3219178082        -4.593503297         2.381232750        -2.719191858         3.520581400        -2.885953128        0.2884903218    
   -0.3199608611        -4.593503297         2.381232750        -2.683746469         3.526572207        -2.853547353        0.2723920698    
   -0.3180039139        -4.593503297         2.381232750        -2.648720963         3.531354862        -2.821583906        0.2580069135    
   -0.3160469667        -4.593503297         2.381232750        -2.614159286         3.534884160        -2.790109485        0.2453927607    
   -0.3140900196        -4.593503297         2.381232750        -2.580105501         3.537115938        -2.759171087        0.2346054961    
   -0.3121330724        -4.593503297         2.381232750        -2.546603671         3.538007182        -2.728815901        0.2256988098    
   -0.3101761252        -4.593503297         2.381232750        -2.513697792         3.537516187        -2.699091220        0.2187240086    
   -0.3082191781        -4.593503297         2.381232750        -2.481431680         3.535602666        -2.670044332        0.2137298518    
   -0.3062622309        -4.593503297         2.381232750        -2.449848895         3.532227906        -2.641722428        0.2107623709    
   -0.3043052838        -4.593503297         2.381232750        -2.418992634         3.527354877        -2.614172486        0.2098647146    
   -0.3023483366        -4.593503297         2.381232750        -2.388905655         3.520948381        -2.587441181        0.2110769798    
   -0.3003913894        -4.593503297         2.381232750        -2.359630164         3.512975156        -2.561574769        0.2144360685    
   -0.2984344423        -4.593503297         2.381232750        -2.331207744         3.503404025        -2.536618989        0.2199755325    
   -0.2964774951        -4.593503297         2.381232750        -2.303679247         3.492205991        -2.512618947        0.2277254445    
   -0.2945205479        -4.593503297         2.381232750        -2.277084717         3.479354374        -2.489619026        0.2377122596    
   -0.2925636008        -4.593503297         2.381232750        -2.251463293         3.464824905        -2.467662764        0.2499587030    
   -0.2906066536        -4.593503297         2.381232750        -2.226853134         3.448595848        -2.446792764        0.2644836497    
   -0.2886497065        -4.593503297         2.381232750        -2.203291321         3.430648090        -2.427050580        0.2813020320    
   -0.2866927593        -4.593503297         2.381232750        -2.180813792         3.410965245        -2.408476623        0.3004247392    
   -0.2847358121        -4.593503297         2.381232750        -2.159455248         3.389533735        -2.391110057        0.3218585464    
   -0.2827788650        -4.593503297         2.381232750        -2.139249092         3.366342886        -2.374988707        0.3456060366    
   -0.2808219178        -4.593503297         2.381232750        -2.120227342         3.341384985        -2.360148954        0.3716655523    
   -0.2788649706        -4.593503297         2.381232750        -2.102420577         3.314655372        -2.346625658        0.4000311414    
   -0.2769080235        -4.593503297         2.381232750        -2.085857864         3.286152477        -2.334452053        0.4306925334    
   -0.2749510763        -4.593503297         2.381232750        -2.070566698         3.255877893        -2.323659677        0.4636351086    
   -0.2729941292        -4.593503297         2.381232750        -2.056572968         3.223836398        -2.314278297        0.4988399166    
   -0.2710371820        -4.593503297         2.381232750        -2.043901132         3.190035941        -2.306336026        0.5362838211    
   -0.2690802348        -4.593503297         2.381232750        -2.032574372         3.154487603        -2.299859406        0.5759396508    
   -0.2671232877        -4.593503297         2.381232750        -2.022614584         3.117205649        -2.294873376        0.6177762185    
   -0.2651663405        -4.593503297         2.381232750        -2.014042340         3.078207543        -2.291401194        0.6617583465    
   -0.2632093933        -4.593503297         2.381232750        -2.006876864         3.037513984        -2.289464392        0.7078468914    
   -0.2612524462        -4.593503297         2.381232750        -2.001136000         2.995148913        -2.289082708        0.7559987926    
   -0.2592954990        -4.593503297         2.381232750        -1.996836192         2.951139533        -2.290274045        0.8061671173    
   -0.2573385519        -4.593503297         2.381232750        -1.993992465         2.905516296        -2.293054416        0.8583011300    
   -0.2553816047        -4.593503297         2.381232750        -1.992618409         2.858312912        -2.297437908        0.9123463589    
   -0.2534246575        -4.593503297         2.381232750        -1.992726161         2.809566319        -2.303436635        0.9682446857    
   -0.2514677104        -4.593503297         2.381232750        -1.994326407         2.759316673        -2.311060714         1.025934432    
   -0.2495107632        -4.593503297         2.381232750        -1.997428365         2.707607299        -2.320318221         1.085350471    
   -0.2475538160        -4.593503297         2.381232750        -2.002039791         2.654484673        -2.331215183         1.146424328    
   -0.2455968689        -4.593503297         2.381232750        -2.008166971         2.599998351        -2.343755543         1.209084317    
   -0.2436399217        -4.593503297         2.381232750        -2.015814739         2.544200932        -2.357941152         1.273255658    
   -0.2416829746        -4.593503297         2.381232750        -2.024986470         2.487147975        -2.373771756         1.338860627    
   -0.2397260274        -4.593503297         2.381232750        -2.035684102         2.428897941        -2.391244995         1.405818695    
   -0.2377690802        -4.593503297         2.381232750        -2.047908141         2.369512098        -2.410356394         1.474046693    
   -0.2358121331        -4.593503297         2.381232750        -2.061657688         2.309054445        -2.431099377         1.543458963    
   -0.2338551859        -4.593503297         2.381232750        -2.076930448         2.247591600        -2.453465271         1.613967541    
   -0.2318982387        -4.593503297         2.381232750        -2.093722761         2.185192706        -2.477443322         1.685482320    
   -0.2299412916        -4.593503297         2.381232750        -2.112029622         2.121929312        -2.503020717         1.757911243    
   -0.2279843444        -4.593503297         2.381232750        -2.131844713         2.057875258        -2.530182607         1.831160482    
   -0.2260273973        -4.593503297         2.381232750        -2.153160428         1.993106537        -2.558912138         1.905134636    
   -0.2240704501        -4.593503297         2.381232750        -2.175967912         1.927701178        -2.589190487         1.979736919    
   -0.2221135029        -4.593503297         2.381232750        -2.200257137         1.861739093        -2.620996950         2.054869379    
   -0.2201565558        -4.593503297         2.381232750        -2.226017108         1.795301980        -2.654309152         2.130433111    
   -0.2181996086        -4.593503297         2.381232750        -2.253235938         1.728473182        -2.689103135         2.206328453    
   -0.2162426614        -4.593503297         2.381232750        -2.281900886         1.661337566        -2.725353405         2.282455155    
   -0.2142857143        -4.593503297         2.381232750        -2.311998376         1.593981371        -2.763032970         2.358712556    
   -0.2123287671        -4.593503297         2.381232750        -2.343514036         1.526492074        -2.802113387         2.434999759    
   -0.2103718200        -4.593503297         2.381232750        -2.376432714         1.458958234        -2.842564812         2.511215805    
   -0.2084148728        -4.593503297         2.381232750        -2.410738521         1.391469344        -2.884356047         2.587259845    
   -0.2064579256        -4.593503297         2.381232750        -2.446414845         1.324115670        -2.927454595         2.663031315    
   -0.2045009785        -4.593503297         2.381232750        -2.483444388         1.256988095        -2.971826718         2.738430100    
   -0.2025440313        -4.593503297         2.381232750        -2.521809188         1.190177950        -3.017437489         2.813356708    
   -0.2005870841        -4.593503297         2.381232750        -2.561490649         1.123776856        -3.064250859         2.887712424    
   -0.1986301370        -4.593503297         2.381232750        -2.602469558         1.057876544        -3.112229710         2.961399479    
   -0.1966731898        -4.593503297         2.381232750        -2.644726122        0.9925686977        -3.161335926         3.034321197    
   -0.1947162427        -4.593503297         2.381232750        -2.688239978        0.9279447653        -3.211530450         3.106382151    
   -0.1927592955        -4.593503297         2.381232750        -2.732990225        0.8640958004        -3.262773353         3.177488301    
   -0.1908023483        -4.593503297         2.381232750        -2.778955439        0.8011122740        -3.315023898         3.247547138    
   -0.1888454012        -4.593503297         2.381232750        -2.826113694        0.7390839098        -3.368240608         3.316467810    
   -0.1868884540        -4.593503297         2.381232750        -2.874442579        0.6780994974        -3.422381328         3.384161248    
   -0.1849315068        -4.593503297         2.381232750        -2.923919217        0.6182467265        -3.477403297         3.450540278    
   -0.1829745597        -4.593503297         2.381232750        -2.974520277        0.5596120017        -3.533263206         3.515519733    
   -0.1810176125        -4.593503297         2.381232750        -3.026221989        0.5022802775        -3.589917266         3.579016541    
   -0.1790606654        -4.593503297         2.381232750        -3.079000152        0.4463348753        -3.647321270         3.640949822    
   -0.1771037182        -4.593503297         2.381232750        -3.132830151        0.3918573222        -3.705430650         3.701240954    
   -0.1751467710        -4.593503297         2.381232750        -3.187686956        0.3389271703        -3.764200535         3.759813647    
   -0.1731898239        -4.593503297         2.381232750        -3.243545142        0.2876218480        -3.823585811         3.816593984    
   -0.1712328767        -4.593503297         2.381232750        -3.300378932        0.2380165624        -3.883541190         3.871510411    
   -0.1692759295        -4.593503297         2.381232750        -3.358162249        0.1901842489        -3.944021292         3.924493680    
   -0.1673189824        -4.593503297         2.381232750        -3.416868708        0.1441954302        -4.004980661         3.975476849    
   -0.1653620352        -4.593503297         2.381232750        -3.476471599        0.1001180846        -4.066373785         4.024395275    
   -0.1634050881        -4.593503297         2.381232750        -3.536943865        0.5801749942E-01    -4.128155090         4.071186598    
   -0.1614481409        -4.593503297         2.381232750        -3.598258083        0.1795614689E-01    -4.190278949         4.115790715    
   -0.1594911937        -4.593503297         2.381232750        -3.660386439       -0.2000645534E-01    -4.252699658         4.158149758    
   -0.1575342466        -4.593503297         2.381232750        -3.723300707       -0.5581386088E-01    -4.315371422         4.198208051    
   -0.1555772994        -4.593503297         2.381232750        -3.786972216       -0.8941282551E-01    -4.378248318         4.235912082    
   -0.1536203523        -4.593503297         2.381232750        -3.851371832       -0.1207534153        -4.441284259         4.271210466    
   -0.1516634051        -4.593503297         2.381232750        -3.916469921       -0.1497891282        -4.504432940         4.304053923    
   -0.1497064579        -4.593503297         2.381232750        -3.982236323       -0.1764769923        -4.567647787         4.334395253    
   -0.1477495108        -4.593503297         2.381232750        -4.048640322       -0.2007776771        -4.630881889         4.362189334    
   -0.1457925636        -4.593503297         2.381232750        -4.115650614       -0.2226555809        -4.694087939         4.387393131    
   -0.1438356164        -4.593503297         2.381232750        -4.183235275       -0.2420789307        -4.757218160         4.409965726    
   -0.1418786693        -4.593503297         2.381232750        -4.251361730       -0.2590198579        -4.820224244         4.429868359    
   -0.1399217221        -4.593503297         2.381232750        -4.319996720       -0.2734544860        -4.883057285         4.447064505    
   -0.1379647750        -4.593503297         2.381232750        -4.389106274       -0.2853629934        -4.945667729         4.461519953    
   -0.1360078278        -4.593503297         2.381232750        -4.458655671       -0.2947296880        -5.008005313         4.473202919    
   -0.1340508806        -4.593503297         2.381232750        -4.528609417       -0.3015430568        -5.070019039         4.482084163    
   -0.1320939335        -4.593503297         2.381232750        -4.598931208       -0.3057958262        -5.131657132         4.488137129    
   -0.1301369863        -4.593503297         2.381232750        -4.669583908       -0.3074849975        -5.192867031         4.491338089    
   -0.1281800391        -4.593503297         2.381232750        -4.740529515       -0.3066118925        -5.253595375         4.491666302    
   -0.1262230920        -4.593503297         2.381232750        -4.811729142       -0.3031821742        -5.313788010         4.489104165    
   -0.1242661448        -4.593503297         2.381232750        -4.883142987       -0.2972058771        -5.373390005         4.483637383    
   -0.1223091977        -4.593503297         2.381232750        -4.954730309       -0.2886973914        -5.432345672         4.475255109    
   -0.1203522505        -4.593503297         2.381232750        -5.026449382       -0.2776753881        -5.490598566         4.463950029    
   -0.1183953033        -4.593503297         2.381232750        -5.098257467       -0.2641627725        -5.548091516         4.449718492    
   -0.1164383562        -4.593503297         2.381232750        -5.170110775       -0.2481866824        -5.604766669         4.432560665    
   -0.1144814090        -4.593503297         2.381232750        -5.241964453       -0.2297784640        -5.660565541         4.412480675    
   -0.1125244618        -4.593503297         2.381232750        -5.313772558       -0.2089736566        -5.715429079         4.389486754    
   -0.1105675147        -4.593503297         2.381232750        -5.385488044       -0.1858119537        -5.769297730         4.363591367    
   -0.1086105675        -4.593503297         2.381232750        -5.457062746       -0.1603371732        -5.822111512         4.334811340    
   -0.1066536204        -4.593503297         2.381232750        -5.528447376       -0.1325972033        -5.873810098         4.303167966    
   -0.1046966732        -4.593503297         2.381232750        -5.599591510       -0.1026439573        -5.924332900         4.268687121    
   -0.1027397260        -4.593503297         2.381232750        -5.670443599       -0.7053330486E-01    -5.973619162         4.231399345    
   -0.1007827789        -4.593503297         2.381232750        -5.740950964       -0.3632501112E-01    -6.021608050         4.191339935    
   -0.9882583170E-01    -4.593503297         2.381232750        -5.811059808       -0.8265291536E-04    -6.068238759         4.148549013    
   -0.9686888454E-01    -4.593503297         2.381232750        -5.880715231        0.3812645724E-01    -6.113450612         4.103071587    
   -0.9491193738E-01    -4.593503297         2.381232750        -5.949861249        0.7823137035E-01    -6.157183173         4.054957601    
   -0.9295499022E-01    -4.593503297         2.381232750        -6.018440815        0.1201575920        -6.199376352         4.004261976    
   -0.9099804305E-01    -4.593503297         2.381232750        -6.086395855        0.1638271967        -6.239970522         3.951044629    
   -0.8904109589E-01    -4.593503297         2.381232750        -6.153667295        0.2091589338        -6.278906638         3.895370493    
   -0.8708414873E-01    -4.593503297         2.381232750        -6.220195110        0.2560683564        -6.316126357         3.837309516    
   -0.8512720157E-01    -4.593503297         2.381232750        -6.285918364        0.3044679424        -6.351572155         3.776936646    
   -0.8317025440E-01    -4.593503297         2.381232750        -6.350775266        0.3542672376        -6.385187460         3.714331813    
   -0.8121330724E-01    -4.593503297         2.381232750        -6.414703226        0.4053729908        -6.416916769         3.649579887    
   -0.7925636008E-01    -4.593503297         2.381232750        -6.477638921        0.4576893108        -6.446705783         3.582770627    
   -0.7729941292E-01    -4.593503297         2.381232750        -6.539518364        0.5111178154        -6.474501535         3.513998621    
   -0.7534246575E-01    -4.593503297         2.381232750        -6.600276978        0.5655578013        -6.500252515         3.443363203    
   -0.7338551859E-01    -4.593503297         2.381232750        -6.659849676        0.6209064085        -6.523908807         3.370968369    
   -0.7142857143E-01    -4.593503297         2.381232750        -6.718170919        0.6770588328        -6.545422198         3.296922656    
   -0.6947162427E-01    -4.593503297         2.381232750        -6.775174748        0.7339085437        -6.564746275         3.221339016    
   -0.6751467710E-01    -4.593503297         2.381232750        -6.830794877        0.7913474825        -6.581836560         3.144334689    
   -0.6555772994E-01    -4.593503297         2.381232750        -6.884964787        0.8492662407        -6.596650632         3.066031064    
   -0.6360078278E-01    -4.593503297         2.381232750        -6.937617842        0.9075542603        -6.609148265         2.986553526    
   -0.6164383562E-01    -4.593503297         2.381232750        -6.988687388        0.9661000239        -6.619291549         2.906031296    
   -0.5968688845E-01    -4.593503297         2.381232750        -7.038106884         1.024791263        -6.627045029         2.824597247    
   -0.5772994129E-01    -4.593503297         2.381232750        -7.085810013         1.083515155        -6.632375823         2.742387722    
   -0.5577299413E-01    -4.593503297         2.381232750        -7.131730819         1.142158544        -6.635253756         2.659542319    
   -0.5381604697E-01    -4.593503297         2.381232750        -7.175803832         1.200608142        -6.635651481         2.576203686    
   -0.5185909980E-01    -4.593503297         2.381232750        -7.217964215         1.258750756        -6.633544603         2.492517284    
   -0.4990215264E-01    -4.593503297         2.381232750        -7.258147897         1.316473497        -6.628911795         2.408631151    
   -0.4794520548E-01    -4.593503297         2.381232750        -7.296291727         1.373664010        -6.621734924         2.324695646    
   -0.4598825832E-01    -4.593503297         2.381232750        -7.332333620         1.430210693        -6.611999155         2.240863188    
   -0.4403131115E-01    -4.593503297         2.381232750        -7.366212711         1.486002925        -6.599693070         2.157287975    
   -0.4207436399E-01    -4.593503297         2.381232750        -7.397869516         1.540931292        -6.584808770         2.074125703    
   -0.4011741683E-01    -4.593503297         2.381232750        -7.427246087         1.594887815        -6.567341982         1.991533266    
   -0.3816046967E-01    -4.593503297         2.381232750        -7.454286178         1.647766176        -6.547292153         1.909668453    
   -0.3620352250E-01    -4.593503297         2.381232750        -7.478935408         1.699461953        -6.524662546         1.828689625    
   -0.3424657534E-01    -4.593503297         2.381232750        -7.501141428         1.749872839        -6.499460330         1.748755399    
   -0.3228962818E-01    -4.593503297         2.381232750        -7.520854088         1.798898878        -6.471696659         1.670024308    
   -0.3033268102E-01    -4.593503297         2.381232750        -7.538025606         1.846442684        -6.441386752         1.592654464    
   -0.2837573386E-01    -4.593503297         2.381232750        -7.552610735         1.892409667        -6.408549965         1.516803210    
   -0.2641878669E-01    -4.593503297         2.381232750        -7.564566930         1.936708256        -6.373209848         1.442626768    
   -0.2446183953E-01    -4.593503297         2.381232750        -7.573854522         1.979250118        -6.335394213         1.370279879    
   -0.2250489237E-01    -4.593503297         2.381232750        -7.580436872         2.019950369        -6.295135176         1.299915439    
   -0.2054794521E-01    -4.593503297         2.381232750        -7.584280524         2.058727819        -6.252469202         1.231684133    
   -0.1859099804E-01    -4.593503297         2.381232750        -7.585355350         2.095505172        -6.207437139         1.165734068    
   -0.1663405088E-01    -4.593503297         2.381232750        -7.583634720         2.130209239        -6.160084247         1.102210393    
   -0.1467710372E-01    -4.593503297         2.381232750        -7.579095648         2.162771125        -6.110460213         1.041254938    
   -0.1272015656E-01    -4.593503297         2.381232750        -7.571718957         2.193126426        -6.058619163        0.9830058285    
   -0.1076320939E-01    -4.593503297         2.381232750        -7.561489416         2.221215402        -6.004619659        0.9275971244    
   -0.8806262231E-02    -4.593503297         2.381232750        -7.548395894         2.246983159        -5.948524692        0.8751584408    
   -0.6849315068E-02    -4.593503297         2.381232750        -7.532431491         2.270379811        -5.890401666        0.8258145866    
   -0.4892367906E-02    -4.593503297         2.381232750        -7.513593673         2.291360645        -5.830322364        0.7796851965    
   -0.2935420744E-02    -4.593503297         2.381232750        -7.491884398         2.309886262        -5.768362915        0.7368843761    
   -0.9784735812E-03    -4.593503297         2.381232750        -7.467310232         2.325922728        -5.704603743        0.6975203460    
    0.9784735812E-03    -4.593503297         2.381232750        -7.439882458         2.339441696        -5.639129508        0.6616950992    
    0.2935420744E-02    -4.593503297         2.381232750        -7.409617183         2.350420530        -5.572029038        0.6295040605    
    0.4892367906E-02    -4.593503297         2.381232750        -7.376535423         2.358842414        -5.503395249        0.6010357622    
    0.6849315068E-02    -4.593503297         2.381232750        -7.340663193         2.364696453        -5.433325055        0.5763715226    
    0.8806262231E-02    -4.593503297         2.381232750        -7.302031575         2.367977750        -5.361919263        0.5555851432    
    0.1076320939E-01    -4.593503297         2.381232750        -7.260676786         2.368687493        -5.289282466        0.5387426119    
    0.1272015656E-01    -4.593503297         2.381232750        -7.216640220         2.366833003        -5.215522916        0.5259018265    
    0.1467710372E-01    -4.593503297         2.381232750        -7.169968502         2.362427793        -5.140752391        0.5171123259    
    0.1663405088E-01    -4.593503297         2.381232750        -7.120713503         2.355491593        -5.065086050        0.5124150442    
    0.1859099804E-01    -4.593503297         2.381232750        -7.068932365         2.346050380        -4.988642278        0.5118420746    
    0.2054794521E-01    -4.593503297         2.381232750        -7.014687497         2.334136374        -4.911542516        0.5154164587    
    0.2250489237E-01    -4.593503297         2.381232750        -6.958046572         2.319788039        -4.833911089        0.5231519865    
    0.2446183953E-01    -4.593503297         2.381232750        -6.899082500         2.303050054        -4.755875010        0.5350530246    
    0.2641878669E-01    -4.593503297         2.381232750        -6.837873389         2.283973279        -4.677563791        0.5511143569    
    0.2837573386E-01    -4.593503297         2.381232750        -6.774502506         2.262614703        -4.599109226        0.5713210433    
    0.3033268102E-01    -4.593503297         2.381232750        -6.709058216         2.239037392        -4.520645179        0.5956482863    
    0.3228962818E-01    -4.593503297         2.381232750        -6.641633908         2.213310398        -4.442307343        0.6240613430    
    0.3424657534E-01    -4.593503297         2.381232750        -6.572327894         2.185508660        -4.364233005        0.6565154619    
    0.3620352250E-01    -4.593503297         2.381232750        -6.501243293         2.155712881        -4.286560789        0.6929558497    
    0.3816046967E-01    -4.593503297         2.381232750        -6.428487914         2.124009397        -4.209430400        0.7333176588    
    0.4011741683E-01    -4.593503297         2.381232750        -6.354174101         2.090490019        -4.132982351        0.7775260074    
    0.4207436399E-01    -4.593503297         2.381232750        -6.278418584         2.055251871        -4.057357692        0.8254960203    
    0.4403131115E-01    -4.593503297         2.381232750        -6.201342300         2.018397201        -3.982697722        0.8771329041    
    0.4598825832E-01    -4.593503297         2.381232750        -6.123070210         1.980033188        -3.909143701        0.9323320438    
    0.4794520548E-01    -4.593503297         2.381232750        -6.043731095         1.940271717        -3.836836554        0.9909791341    
    0.4990215264E-01    -4.593503297         2.381232750        -5.963457336         1.899229163        -3.765916567         1.052950333    
    0.5185909980E-01    -4.593503297         2.381232750        -5.882384686         1.857026131        -3.696523081         1.118112450    
    0.5381604697E-01    -4.593503297         2.381232750        -5.800652026         1.813787208        -3.628794180         1.186323157    
    0.5577299413E-01    -4.593503297         2.381232750        -5.718401101         1.769640681        -3.562866375         1.257431236    
    0.5772994129E-01    -4.593503297         2.381232750        -5.635776252         1.724718257        -3.498874291         1.331276843    
    0.5968688845E-01    -4.593503297         2.381232750        -5.552924129         1.679154753        -3.436950337         1.407691815    
    0.6164383562E-01    -4.593503297         2.381232750        -5.469993399         1.633087793        -3.377224394         1.486499996    
    0.6360078278E-01    -4.593503297         2.381232750        -5.387134428         1.586657474        -3.319823486         1.567517587    
    0.6555772994E-01    -4.593503297         2.381232750        -5.304498973         1.540006036        -3.264871460         1.650553538    
    0.6751467710E-01    -4.593503297         2.381232750        -5.222239842         1.493277509        -3.212488663         1.735409950    
    0.6947162427E-01    -4.593503297         2.381232750        -5.140510561         1.446617361        -3.162791623         1.821882512    
    0.7142857143E-01    -4.593503297         2.381232750        -5.059465022         1.400172125        -3.115892732         1.909760964    
    0.7338551859E-01    -4.593503297         2.381232750        -4.979257129         1.354089034        -3.071899932         1.998829579    
    0.7534246575E-01    -4.593503297         2.381232750        -4.900040431         1.308515628        -3.030916403         2.088867671    
    0.7729941292E-01    -4.593503297         2.381232750        -4.821967757         1.263599372        -2.993040257         2.179650128    
    0.7925636008E-01    -4.593503297         2.381232750        -4.745190831         1.219487232        -2.958364193         2.270947956    
    0.8121330724E-01    -4.593503297         2.381232750        -4.669859892         1.176325266        -2.926975180         2.362528855    
    0.8317025440E-01    -4.593503297         2.381232750        -4.596123293         1.134258202        -2.898954166         2.454157827    
    0.8512720157E-01    -4.593503297         2.381232750        -4.524127114         1.093429043        -2.874375799         2.545597793    
    0.8708414873E-01    -4.593503297         2.381232750        -4.454014760         1.053978640        -2.853308164         2.636610227    
    0.8904109589E-01    -4.593503297         2.381232750        -4.385926571         1.016045291        -2.835812528         2.726955810    
    0.9099804305E-01    -4.593503297         2.381232750        -4.319999422        0.9797643258        -2.821943095         2.816395086    
    0.9295499022E-01    -4.593503297         2.381232750        -4.256366341        0.9452677025        -2.811746784         2.904689137    
    0.9491193738E-01    -4.593503297         2.381232750        -4.195156115        0.9126836014        -2.805263010         2.991600264    
    0.9686888454E-01    -4.593503297         2.381232750        -4.136492913        0.8821360329        -2.802523489         3.076892666    
    0.9882583170E-01    -4.593503297         2.381232750        -4.080495910        0.8537444402        -2.803552057         3.160333136    
    0.1007827789        -4.593503297         2.381232750        -4.027278922        0.8276233239        -2.808364504         3.241691751    
    0.1027397260        -4.593503297         2.381232750        -3.976950044        0.8038818611        -2.816968427         3.320742560    
    0.1046966732        -4.593503297         2.381232750        -3.929611308        0.7826235502        -2.829363104         3.397264278    
    0.1066536204        -4.593503297         2.381232750        -3.885358345        0.7639458519        -2.845539383         3.471040964    
    0.1086105675        -4.593503297         2.381232750        -3.844280063        0.7479398589        -2.865479595         3.541862705    
    0.1105675147        -4.593503297         2.381232750        -3.806458336        0.7346899641        -2.889157482         3.609526278    
    0.1125244618        -4.593503297         2.381232750        -3.771967713        0.7242735597        -2.916538155         3.673835809    
    0.1144814090        -4.593503297         2.381232750        -3.740875140        0.7167607374        -2.947578062         3.734603417    
    0.1164383562        -4.593503297         2.381232750        -3.713239702        0.7122140223        -2.982224991         3.791649838    
    0.1183953033        -4.593503297         2.381232750        -3.689112377        0.7106881087        -3.020418080         3.844805035    
    0.1203522505        -4.593503297         2.381232750        -3.668535820        0.7122296330        -3.062087867         3.893908786    
    0.1223091977        -4.593503297         2.381232750        -3.651544158        0.7168769508        -3.107156347         3.938811248    
    0.1242661448        -4.593503297         2.381232750        -3.638162814        0.7246599517        -3.155537063         3.979373499    
    0.1262230920        -4.593503297         2.381232750        -3.628408346        0.7355998794        -3.207135215         4.015468052    
    0.1281800391        -4.593503297         2.381232750        -3.622288301        0.7497091709        -3.261847774         4.046979364    
    0.1301369863        -4.593503297         2.381232750        -3.619801065        0.7669912678        -3.319563589         4.073804352    
    0.1320939335        -4.593503297         2.381232750        -3.620935770        0.7874405175        -3.380163571         4.095852835    
    0.1340508806        -4.593503297         2.381232750        -3.625672236        0.8110420969        -3.443520905         4.113047919    
    0.1360078278        -4.593503297         2.381232750        -3.633980945        0.8377719814        -3.509501293         4.125326349    
    0.1379647750        -4.593503297         2.381232750        -3.645823028        0.8675969243        -3.577963214         4.132638818    
    0.1399217221        -4.593503297         2.381232750        -3.661150303        0.9004744823        -3.648758215         4.134950233    
    0.1418786693        -4.593503297         2.381232750        -3.679905319        0.9363530517        -3.721731218         4.132239948    
    0.1438356164        -4.593503297         2.381232750        -3.702021448        0.9751719519        -3.796720854         4.124501932    
    0.1457925636        -4.593503297         2.381232750        -3.727422986         1.016861519        -3.873559810         4.111744914    
    0.1477495108        -4.593503297         2.381232750        -3.756025304         1.061343247        -3.952075213         4.093992466    
    0.1497064579        -4.593503297         2.381232750        -3.787735010         1.108529941        -4.032089013         4.071283048    
    0.1516634051        -4.593503297         2.381232750        -3.822450147         1.158325912        -4.113418400         4.043669997    
    0.1536203523        -4.593503297         2.381232750        -3.860060423         1.210627189        -4.195876232         4.011221474    
    0.1555772994        -4.593503297         2.381232750        -3.900447458         1.265321772        -4.279271484         3.974020359    
    0.1575342466        -4.593503297         2.381232750        -3.943485067         1.322289895        -4.363409704         3.932164098    
    0.1594911937        -4.593503297         2.381232750        -3.989039568         1.381404338        -4.448093493         3.885764500    
    0.1614481409        -4.593503297         2.381232750        -4.036970109         1.442530737        -4.533122994         3.834947489    
    0.1634050881        -4.593503297         2.381232750        -4.087129033         1.505527948        -4.618296390         3.779852803    
    0.1653620352        -4.593503297         2.381232750        -4.139362248         1.570248412        -4.703410415         3.720633647    
    0.1673189824        -4.593503297         2.381232750        -4.193509643         1.636538559        -4.788260875         3.657456301    
    0.1692759295        -4.593503297         2.381232750        -4.249405504         1.704239221        -4.872643173         3.590499681    
    0.1712328767        -4.593503297         2.381232750        -4.306878966         1.773186082        -4.956352842         3.519954850    
    0.1731898239        -4.593503297         2.381232750        -4.365754474         1.843210126        -5.039186082         3.446024498    
    0.1751467710        -4.593503297         2.381232750        -4.425852271         1.914138126        -5.120940300         3.368922366    
    0.1771037182        -4.593503297         2.381232750        -4.486988894         1.985793127        -5.201414649         3.288872643    
    0.1790606654        -4.593503297         2.381232750        -4.548977686         2.057994949        -5.280410609         3.206109361    
    0.1810176125        -4.593503297         2.381232750        -4.611629329         2.130560698        -5.357732554         3.120875728    
    0.1829745597        -4.593503297         2.381232750        -4.674752407         2.203305332        -5.433188319         3.033423387    
    0.1849315068        -4.593503297         2.381232750        -4.738153967         2.276042219        -5.506589743         2.944011636    
    0.1868884540        -4.593503297         2.381232750        -4.801640109         2.348583723        -5.577753213         2.852906614    
    0.1888454012        -4.593503297         2.381232750        -4.865016555         2.420741773        -5.646500191         2.760380467    
    0.1908023483        -4.593503297         2.381232750        -4.928089251         2.492328460        -5.712657737         2.666710480    
    0.1927592955        -4.593503297         2.381232750        -4.990664945         2.563156619        -5.776059004         2.572178195    
    0.1947162427        -4.593503297         2.381232750        -5.052551787         2.633040421        -5.836543733         2.477068499    
    0.1966731898        -4.593503297         2.381232750        -5.113559907         2.701795954        -5.893958714         2.381668712    
    0.1986301370        -4.593503297         2.381232750        -5.173502008         2.769241813        -5.948158245         2.286267650    
    0.2005870841        -4.593503297         2.381232750        -5.232193935         2.835199663        -5.999004554         2.191154685    
    0.2025440313        -4.593503297         2.381232750        -5.289455248         2.899494820        -6.046368209         2.096618801    
    0.2045009785        -4.593503297         2.381232750        -5.345109779         2.961956794        -6.090128498         2.002947645    
    0.2064579256        -4.593503297         2.381232750        -5.398986175         3.022419847        -6.130173787         1.910426581    
    0.2084148728        -4.593503297         2.381232750        -5.450918430         3.080723504        -6.166401853         1.819337754    
    0.2103718200        -4.593503297         2.381232750        -5.500746401         3.136713086        -6.198720183         1.729959156    
    0.2123287671        -4.593503297         2.381232750        -5.548316296         3.190240185        -6.227046249         1.642563711    
    0.2142857143        -4.593503297         2.381232750        -5.593481160         3.241163155        -6.251307756         1.557418370    
    0.2162426614        -4.593503297         2.381232750        -5.636101314         3.289347546        -6.271442848         1.474783236    
    0.2181996086        -4.593503297         2.381232750        -5.676044799         3.334666552        -6.287400298         1.394910696    
    0.2201565558        -4.593503297         2.381232750        -5.713187766         3.377001394        -6.299139650         1.318044599    
    0.2221135029        -4.593503297         2.381232750        -5.747414866         3.416241714        -6.306631347         1.244419442    
    0.2240704501        -4.593503297         2.381232750        -5.778619585         3.452285909        -6.309856801         1.174259610    
    0.2260273973        -4.593503297         2.381232750        -5.806704577         3.485041461        -6.308808459         1.107778628    
    0.2279843444        -4.593503297         2.381232750        -5.831581974         3.514425245        -6.303489855         1.045178444    
    0.2299412916        -4.593503297         2.381232750        -5.853173740         3.540363878        -6.293915723        0.9866486573    
    0.2318982387        -4.593503297         2.381232750        -5.871411922         3.562793966        -6.280111983        0.9323658637    
    0.2338551859        -4.593503297         2.381232750        -5.886238856         3.581662314        -6.262115655        0.8824930651    
    0.2358121331        -4.593503297         2.381232750        -5.897607316         3.596926072        -6.239974722        0.8371791408    
    0.2377690802        -4.593503297         2.381232750        -5.905480646         3.608552874        -6.213747979        0.7965583614    
    0.2397260274        -4.593503297         2.381232750        -5.909832836         3.616520907        -6.183504825        0.7607499692    
    0.2416829746        -4.593503297         2.381232750        -5.910648577         3.620818973        -6.149325038        0.7298578051    
    0.2436399217        -4.593503297         2.381232750        -5.907923258         3.621446485        -6.111298501        0.7039700044    
    0.2455968689        -4.593503297         2.381232750        -5.901662950         3.618413452        -6.069524912        0.6831587408    
    0.2475538160        -4.593503297         2.381232750        -5.891884326         3.611740400        -6.024113447        0.6674800427    
    0.2495107632        -4.593503297         2.381232750        -5.878614567         3.601458280        -5.975182405        0.6569736581    
    0.2514677104        -4.593503297         2.381232750        -5.861891213         3.587608314        -5.922858818        0.6516629923    
    0.2534246575        -4.593503297         2.381232750        -5.841761993         3.570241836        -5.867278037        0.6515550953    
    0.2553816047        -4.593503297         2.381232750        -5.818284606         3.549420064        -5.808583289        0.6566407213    
    0.2573385519        -4.593503297         2.381232750        -5.791526481         3.525213868        -5.746925222        0.6668944366    
    0.2592954990        -4.593503297         2.381232750        -5.761564492         3.497703482        -5.682461408        0.6822747992    
    0.2612524462        -4.593503297         2.381232750        -5.728484657         3.466978207        -5.615355853        0.7027245841    
    0.2632093933        -4.593503297         2.381232750        -5.692381787         3.433136053        -5.545778463        0.7281710782    
    0.2651663405        -4.593503297         2.381232750        -5.653359125         3.396283394        -5.473904513        0.7585264177    
    0.2671232877        -4.593503297         2.381232750        -5.611527946         3.356534551        -5.399914096        0.7936879924    
    0.2690802348        -4.593503297         2.381232750        -5.567007141         3.314011392        -5.323991560        0.8335388875    
    0.2710371820        -4.593503297         2.381232750        -5.519922766         3.268842871        -5.246324937        0.8779483891    
    0.2729941292        -4.593503297         2.381232750        -5.470407585         3.221164581        -5.167105368        0.9267725216    
    0.2749510763        -4.593503297         2.381232750        -5.418600577         3.171118255        -5.086526514        0.9798546458    
    0.2769080235        -4.593503297         2.381232750        -5.364646453         3.118851288        -5.004783983         1.037026069    
    0.2788649706        -4.593503297         2.381232750        -5.308695184         3.064516257        -4.922074766         1.098106623    
    0.2808219178        -4.593503297         2.381232750        -5.250901529         3.008270460        -4.838596669         1.162905265    
    0.2827788650        -4.593503297         2.381232750        -5.191424466         2.950275333        -4.754547684         1.231220851    
    0.2847358121        -4.593503297         2.381232750        -5.130426613         2.890695887        -4.670125380         1.302842926    
    0.2866927593        -4.593503297         2.381232750        -5.068073633         2.829700103        -4.585526286         1.377552571    
    0.2886497065        -4.593503297         2.381232750        -5.004533648         2.767458356        -4.500945299         1.455123255    
    0.2906066536        -4.593503297         2.381232750        -4.939976628         2.704142802        -4.416575086         1.535321715    
    0.2925636008        -4.593503297         2.381232750        -4.874573812         2.639926803        -4.332605525         1.617908852    
    0.2945205479        -4.593503297         2.381232750        -4.808497095         2.574984309        -4.249223141         1.702640643    
    0.2964774951        -4.593503297         2.381232750        -4.741918458         2.509489300        -4.166610578         1.789269049    
    0.2984344423        -4.593503297         2.381232750        -4.675009367         2.443615177        -4.084946079         1.877542947    
    0.3003913894        -4.593503297         2.381232750        -4.607940222         2.377534218        -4.004403002         1.967209037    
    0.3023483366        -4.593503297         2.381232750        -4.540879781         2.311417000        -3.925149348         2.058012768    
    0.3043052838        -4.593503297         2.381232750        -4.473994632         2.245431878        -3.847347328         2.149699240    
    0.3062622309        -4.593503297         2.381232750        -4.407448653         2.179744435        -3.771152946         2.242014100    
    0.3082191781        -4.593503297         2.381232750        -4.341402516         2.114517003        -3.696715621         2.334704420    
    0.3101761252        -4.593503297         2.381232750        -4.276013188         2.049908151        -3.624177831         2.427519560    
    0.3121330724        -4.593503297         2.381232750        -4.211433483         1.986072246        -3.553674795         2.520211996    
    0.3140900196        -4.593503297         2.381232750        -4.147811601         1.923158991        -3.485334181         2.612538138    
    0.3160469667        -4.593503297         2.381232750        -4.085290735         1.861313036        -3.419275854         2.704259100    
    0.3180039139        -4.593503297         2.381232750        -4.024008665         1.800673565        -3.355611644         2.795141457    
    0.3199608611        -4.593503297         2.381232750        -3.964097414         1.741373968        -3.294445165         2.884957943    
    0.3219178082        -4.593503297         2.381232750        -3.905682904         1.683541479        -3.235871649         2.973488139    
    0.3238747554        -4.593503297         2.381232750        -3.848884671         1.627296911        -3.179977833         3.060519092    
    0.3258317025        -4.593503297         2.381232750        -3.793815578         1.572754353        -3.126841854         3.145845918    
    0.3277886497        -4.593503297         2.381232750        -3.740581564         1.520020938        -3.076533153         3.229272367    
    0.3297455969        -4.593503297         2.381232750        -3.689281295         1.469196475        -3.029112210         3.310611466    
    0.3317025440        -4.593503297         2.381232750        -3.640005932         1.420373235        -2.984630464         3.389686053    
    0.3336594912        -4.593503297         2.381232750        -3.592838940         1.373635748        -2.943130306         3.466329247    
    0.3356164384        -4.593503297         2.381232750        -3.547855966         1.329060691        -2.904645133         3.540384844    
    0.3375733855        -4.593503297         2.381232750        -3.505124715         1.286716759        -2.869199424         3.611707684    
    0.3395303327        -4.593503297         2.381232750        -3.464704900         1.246664625        -2.836808858         3.680163933    
    0.3414872798        -4.593503297         2.381232750        -3.426648189         1.208956877        -2.807480451         3.745631343    
    0.3434442270        -4.593503297         2.381232750        -3.390998224         1.173638049        -2.781212742         3.807999427    
    0.3454011742        -4.593503297         2.381232750        -3.357790633         1.140744625        -2.757995988         3.867169608    
    0.3473581213        -4.593503297         2.381232750        -3.327053115         1.110305134        -2.737812407         3.923055283    
    0.3493150685        -4.593503297         2.381232750        -3.298805517         1.082340217        -2.720636427         3.975581870    
    0.3512720157        -4.593503297         2.381232750        -3.273059980         1.056862788        -2.706434978         4.024686767    
    0.3532289628        -4.593503297         2.381232750        -3.249821072         1.033878155        -2.695167788         4.070319292    
    0.3551859100        -4.593503297         2.381232750        -3.229085995         1.013384237        -2.686787719         4.112440547    
    0.3571428571        -4.593503297         2.381232750        -3.210844764        0.9953717392        -2.681241099         4.151023263    
    0.3590998043        -4.593503297         2.381232750        -3.195080471        0.9798244225        -2.678468095         4.186051567    
    0.3610567515        -4.593503297         2.381232750        -3.181769507        0.9667193192        -2.678403073         4.217520746    
    0.3630136986        -4.593503297         2.381232750        -3.170881864        0.9560270484        -2.680975001         4.245436926    
    0.3649706458        -4.593503297         2.381232750        -3.162381405        0.9477120704        -2.686107827         4.269816759    
    0.3669275930        -4.593503297         2.381232750        -3.156226197        0.9417330379        -2.693720904         4.290687032    
    0.3688845401        -4.593503297         2.381232750        -3.152368808        0.9380430803        -2.703729381         4.308084284    
    0.3708414873        -4.593503297         2.381232750        -3.150756675        0.9365901845        -2.716044636         4.322054354    
    0.3727984344        -4.593503297         2.381232750        -3.151332422        0.9373175002        -2.730574673         4.332651943    
    0.3747553816        -4.593503297         2.381232750        -3.154034245        0.9401637439        -2.747224561         4.339940108    
    0.3767123288        -4.593503297         2.381232750        -3.158796234        0.9450635022        -2.765896809         4.343989809    
    0.3786692759        -4.593503297         2.381232750        -3.165548604        0.9519474825        -2.786491586         4.344879585    
    0.3806262231        -4.593503297         2.381232750        -3.174217807        0.9607426097        -2.808906823         4.342695370    
    0.3825831703        -4.593503297         2.381232750        -3.184726914        0.9713724263        -2.833038612         4.337529956    
    0.3845401174        -4.593503297         2.381232750        -3.196995973        0.9837574324        -2.858781607         4.329482457    
    0.3864970646        -4.593503297         2.381232750        -3.210942427        0.9978155254        -2.886029452         4.318657704    
    0.3884540117        -4.593503297         2.381232750        -3.226481467         1.013462335        -2.914675162         4.305165690    
    0.3904109589        -4.593503297         2.381232750        -3.243526451         1.030611664        -2.944611535         4.289120957    
    0.3923679061        -4.593503297         2.381232750        -3.261989247         1.049175810        -2.975731508         4.270642032    
    0.3943248532        -4.593503297         2.381232750        -3.281780645         1.069066004        -3.007928548         4.249850814    
    0.3962818004        -4.593503297         2.381232750        -3.302810678         1.090192711        -3.041096975         4.226872017    
    0.3982387476        -4.593503297         2.381232750        -3.324989025         1.112466052        -3.075132326         4.201832570    
    0.4001956947        -4.593503297         2.381232750        -3.348225306         1.135796086        -3.109931643         4.174861079    
    0.4021526419        -4.593503297         2.381232750        -3.372429466         1.160093211        -3.145393803         4.146087245    
    0.4041095890        -4.593503297         2.381232750        -3.397512036         1.185268413        -3.181419768         4.115641360    
    0.4060665362        -4.593503297         2.381232750        -3.423384497         1.211233648        -3.217912881         4.083653753    
    0.4080234834        -4.593503297         2.381232750        -3.449959507         1.237902052        -3.254779070         4.050254326    
    0.4099804305        -4.593503297         2.381232750        -3.477151231         1.265188298        -3.291927110         4.015572036    
    0.4119373777        -4.593503297         2.381232750        -3.504875536         1.293008767        -3.329268781         3.979734482    
    0.4138943249        -4.593503297         2.381232750        -3.533050288         1.321281878        -3.366719092         3.942867426    
    0.4158512720        -4.593503297         2.381232750        -3.561595505         1.349928214        -3.404196398         3.905094433    
    0.4178082192        -4.593503297         2.381232750        -3.590433626         1.378870823        -3.441622579         3.866536447    
    0.4197651663        -4.593503297         2.381232750        -3.619489615         1.408035301        -3.478923115         3.827311480    
    0.4217221135        -4.593503297         2.381232750        -3.648691202         1.437350064        -3.516027233         3.787534242    
    0.4236790607        -4.593503297         2.381232750        -3.677968940         1.466746382        -3.552867931         3.747315893    
    0.4256360078        -4.593503297         2.381232750        -3.707256418         1.496158630        -3.589382094         3.706763719    
    0.4275929550        -4.593503297         2.381232750        -3.736490217         1.525524211        -3.625510411         3.665981037    
    0.4295499022        -4.593503297         2.381232750        -3.765609813         1.554783509        -3.661197149         3.625067331    
    0.4315068493        -4.593503297         2.381232750        -3.794557464         1.583879745        -3.696389999         3.584118263    
    0.4334637965        -4.593503297         2.381232750        -3.823278397         1.612759212        -3.731040180         3.543225399    
    0.4354207436        -4.593503297         2.381232750        -3.851720788         1.641371217        -3.765102400         3.502476076    
    0.4373776908        -4.593503297         2.381232750        -3.879835928         1.669668315        -3.798534928         3.461953167    
    0.4393346380        -4.593503297         2.381232750        -3.907578155         1.697606190        -3.831299521         3.421735011    
    0.4412915851        -4.593503297         2.381232750        -3.934905001         1.725143880        -3.863361476         3.381895219    
    0.4432485323        -4.593503297         2.381232750        -3.961777075         1.752243611        -3.894689504         3.342502673    
    0.4452054795        -4.593503297         2.381232750        -3.988158189         1.778871005        -3.925255772         3.303621370    
    0.4471624266        -4.593503297         2.381232750        -4.014015197         1.804994866        -3.955035737         3.265310480    
    0.4491193738        -4.593503297         2.381232750        -4.039318112         1.830587392        -3.984008168         3.227624231    
    0.4510763209        -4.593503297         2.381232750        -4.064039884         1.855623901        -4.012154945         3.190612023    
    0.4530332681        -4.593503297         2.381232750        -4.088156522         1.880083057        -4.039461077         3.154318340    
    0.4549902153        -4.593503297         2.381232750        -4.111646820         1.903946539        -4.065914460         3.118782925    
    0.4569471624        -4.593503297         2.381232750        -4.134492477         1.927199286        -4.091505892         3.084040708    
    0.4589041096        -4.593503297         2.381232750        -4.156677772         1.949829108        -4.116228799         3.050122039    
    0.4608610568        -4.593503297         2.381232750        -4.178189702         1.971826969        -4.140079256         3.017052626    
    0.4628180039        -4.593503297         2.381232750        -4.199017588         1.993186526        -4.163055673         2.984853820    
    0.4647749511        -4.593503297         2.381232750        -4.219153247         2.013904475        -4.185158836         2.953542547    
    0.4667318982        -4.593503297         2.381232750        -4.238590523         2.033980001        -4.206391545         2.923131655    
    0.4686888454        -4.593503297         2.381232750        -4.257325511         2.053415220        -4.226758696         2.893629820    
    0.4706457926        -4.593503297         2.381232750        -4.275355997         2.072214515        -4.246266858         2.865041958    
    0.4726027397        -4.593503297         2.381232750        -4.292681752         2.090385112        -4.264924408         2.837369088    
    0.4745596869        -4.593503297         2.381232750        -4.309303859         2.107936266        -4.282741039         2.810608816    
    0.4765166341        -4.593503297         2.381232750        -4.325225121         2.124880034        -4.299727973         2.784755124    
    0.4784735812        -4.593503297         2.381232750        -4.340449216         2.141230250        -4.315897372         2.759798959    
    0.4804305284        -4.593503297         2.381232750        -4.354981293         2.157003588        -4.331262669         2.735727889    
    0.4823874755        -4.593503297         2.381232750        -4.368826866         2.172218205        -4.345837828         2.712526851    
    0.4843444227        -4.593503297         2.381232750        -4.381992711         2.186895283        -4.359637873         2.690177597    
    0.4863013699        -4.593503297         2.381232750        -4.394485340         2.201057105        -4.372677895         2.668659693    
    0.4882583170        -4.593503297         2.381232750        -4.406312428         2.214729419        -4.384973927         2.647949595    
    0.4902152642        -4.593503297         2.381232750        -4.417480516         2.227938454        -4.396541472         2.628022129    
    0.4921722114        -4.593503297         2.381232750        -4.427997509         2.240714919        -4.407397080         2.608848832    
    0.4941291585        -4.593503297         2.381232750        -4.437868685         2.253088613        -4.417555805         2.590400496    
    0.4960861057        -4.593503297         2.381232750        -4.447101951         2.265096550        -4.427034563         2.572643678    
    0.4980430528        -4.593503297         2.381232750        -4.455698608         2.276769977        -4.435846260         2.555546602    
    0.5000000000        -4.593503297         2.381232750        -4.463670728         2.288160531        -4.444010919         2.539067752    
