   -0.5000000000        -1.356003452        0.5663898519        -1.366714395        0.5924390991        -1.347067958        0.6065441071    
   -0.4980430528        -1.356003452        0.5663898519        -1.364213987        0.5915210872        -1.348881122        0.6054251545    
   -0.4960861057        -1.356003452        0.5663898519        -1.361831721        0.5908265962        -1.350649103        0.6045474677    
   -0.4941291585        -1.356003452        0.5663898519        -1.359543015        0.5903406414        -1.352383937        0.6038999978    
   -0.4921722114        -1.356003452        0.5663898519        -1.357328969        0.5900521800        -1.354096768        0.6034742657    
   -0.4902152642        -1.356003452        0.5663898519        -1.355170478        0.5899512078        -1.355798260        0.6032628853    
   -0.4882583170        -1.356003452        0.5663898519        -1.353050854        0.5900298925        -1.357498516        0.6032600909    
   -0.4863013699        -1.356003452        0.5663898519        -1.350953923        0.5902816041        -1.359207243        0.6034612271    
   -0.4843444227        -1.356003452        0.5663898519        -1.348865035        0.5907013063        -1.360933755        0.6038629129    
   -0.4823874755        -1.356003452        0.5663898519        -1.346770078        0.5912850362        -1.362687071        0.6044627575    
   -0.4804305284        -1.356003452        0.5663898519        -1.344655993        0.5920300824        -1.364475929        0.6052594228    
   -0.4784735812        -1.356003452        0.5663898519        -1.342510168        0.5929346516        -1.366308864        0.6062524348    
   -0.4765166341        -1.356003452        0.5663898519        -1.340320740        0.5939979636        -1.368194218        0.6074422072    
   -0.4745596869        -1.356003452        0.5663898519        -1.338076184        0.5952200166        -1.370140199        0.6088299048    
   -0.4726027397        -1.356003452        0.5663898519        -1.335765515        0.5966016434        -1.372154895        0.6104174505    
   -0.4706457926        -1.356003452        0.5663898519        -1.333377983        0.5981443375        -1.374246314        0.6122074205    
   -0.4686888454        -1.356003452        0.5663898519        -1.330903226        0.5998502889        -1.376422397        0.6142030427    
   -0.4667318982        -1.356003452        0.5663898519        -1.328331036        0.6017222506        -1.378691050        0.6164081137    
   -0.4647749511        -1.356003452        0.5663898519        -1.325651477        0.6037635622        -1.381060152        0.6188269932    
   -0.4628180039        -1.356003452        0.5663898519        -1.322854707        0.6059780443        -1.383537579        0.6214645349    
   -0.4608610568        -1.356003452        0.5663898519        -1.319931068        0.6083700155        -1.386131211        0.6243260794    
   -0.4589041096        -1.356003452        0.5663898519        -1.316870949        0.6109442058        -1.388848951        0.6274173953    
   -0.4569471624        -1.356003452        0.5663898519        -1.313664861        0.6137057694        -1.391698723        0.6307446703    
   -0.4549902153        -1.356003452        0.5663898519        -1.310303330        0.6166602124        -1.394688490        0.6343144602    
   -0.4530332681        -1.356003452        0.5663898519        -1.306776958        0.6198134021        -1.397826253        0.6381336789    
   -0.4510763209        -1.356003452        0.5663898519        -1.303076339        0.6231715052        -1.401120058        0.6422095533    
   -0.4491193738        -1.356003452        0.5663898519        -1.299192114        0.6267409945        -1.404577997        0.6465496117    
   -0.4471624266        -1.356003452        0.5663898519        -1.295114903        0.6305285959        -1.408208211        0.6511616431    
   -0.4452054795        -1.356003452        0.5663898519        -1.290835356        0.6345412919        -1.412018886        0.6560536856    
   -0.4432485323        -1.356003452        0.5663898519        -1.286344095        0.6387862753        -1.416018259        0.6612339882    
   -0.4412915851        -1.356003452        0.5663898519        -1.281631763        0.6432709510        -1.420214607        0.6667109986    
   -0.4393346380        -1.356003452        0.5663898519        -1.276688977        0.6480028944        -1.424616253        0.6724933281    
   -0.4373776908        -1.356003452        0.5663898519        -1.271506372        0.6529898521        -1.429231554        0.6785897387    
   -0.4354207436        -1.356003452        0.5663898519        -1.266074565        0.6582397039        -1.434068902        0.6850091102    
   -0.4334637965        -1.356003452        0.5663898519        -1.260384193        0.6637604623        -1.439136716        0.6917604272    
   -0.4315068493        -1.356003452        0.5663898519        -1.254425884        0.6695602387        -1.444443441        0.6988527490    
   -0.4295499022        -1.356003452        0.5663898519        -1.248190297        0.6756472412        -1.449997535        0.7062951954    
   -0.4275929550        -1.356003452        0.5663898519        -1.241668092        0.6820297446        -1.455807468        0.7140969197    
   -0.4256360078        -1.356003452        0.5663898519        -1.234849969        0.6887160875        -1.461881714        0.7222670954    
   -0.4236790607        -1.356003452        0.5663898519        -1.227726644        0.6957146439        -1.468228746        0.7308148891    
   -0.4217221135        -1.356003452        0.5663898519        -1.220288907        0.7030338020        -1.474857007        0.7397494244    
   -0.4197651663        -1.356003452        0.5663898519        -1.212527642        0.7106818909        -1.481774871        0.7490796988    
   -0.4178082192        -1.356003452        0.5663898519        -1.204433886        0.7186671589        -1.488990613        0.7588145468    
   -0.4158512720        -1.356003452        0.5663898519        -1.195998821        0.7269977371        -1.496512393        0.7689626038    
   -0.4138943249        -1.356003452        0.5663898519        -1.187213816        0.7356816242        -1.504348236        0.7795322785    
   -0.4119373777        -1.356003452        0.5663898519        -1.178070432        0.7447266508        -1.512506016        0.7905317164    
   -0.4099804305        -1.356003452        0.5663898519        -1.168560456        0.7541404626        -1.520993436        0.8019687723    
   -0.4080234834        -1.356003452        0.5663898519        -1.158675912        0.7639304859        -1.529818006        0.8138509737    
   -0.4060665362        -1.356003452        0.5663898519        -1.148409095        0.7741039102        -1.538987027        0.8261854938    
   -0.4041095890        -1.356003452        0.5663898519        -1.137752578        0.7846676541        -1.548507567        0.8389791158    
   -0.4021526419        -1.356003452        0.5663898519        -1.126699253        0.7956283481        -1.558386446        0.8522382063    
   -0.4001956947        -1.356003452        0.5663898519        -1.115242335        0.8069923018        -1.568630210        0.8659686813    
   -0.3982387476        -1.356003452        0.5663898519        -1.103375399        0.8187654869        -1.579245120        0.8801759803    
   -0.3962818004        -1.356003452        0.5663898519        -1.091092386        0.8309535062        -1.590237124        0.8948650350    
   -0.3943248532        -1.356003452        0.5663898519        -1.078387643        0.8435615770        -1.601611845        0.9100402447    
   -0.3923679061        -1.356003452        0.5663898519        -1.065255922        0.8565945025        -1.613374560        0.9257054477    
   -0.3904109589        -1.356003452        0.5663898519        -1.051692418        0.8700566567        -1.625530182        0.9418638994    
   -0.3884540117        -1.356003452        0.5663898519        -1.037692774        0.8839519581        -1.638083246        0.9585182463    
   -0.3864970646        -1.356003452        0.5663898519        -1.023253107        0.8982838564        -1.651037893        0.9756705080    
   -0.3845401174        -1.356003452        0.5663898519        -1.008370017        0.9130553095        -1.664397852        0.9933220544    
   -0.3825831703        -1.356003452        0.5663898519       -0.9930406076        0.9282687728        -1.678166433         1.011473592    
   -0.3806262231        -1.356003452        0.5663898519       -0.9772624934        0.9439261792        -1.692346510         1.030125145    
   -0.3786692759        -1.356003452        0.5663898519       -0.9610338173        0.9600289320        -1.706940512         1.049276047    
   -0.3767123288        -1.356003452        0.5663898519       -0.9443532518        0.9765778885        -1.721950418         1.068924924    
   -0.3747553816        -1.356003452        0.5663898519       -0.9272200153        0.9935733574        -1.737377743         1.089069698    
   -0.3727984344        -1.356003452        0.5663898519       -0.9096338774         1.011015077        -1.753223532         1.109707558    
   -0.3708414873        -1.356003452        0.5663898519       -0.8915952452         1.028902142        -1.769488285         1.130834879    
   -0.3688845401        -1.356003452        0.5663898519       -0.8731052185         1.047232934        -1.786171903         1.152447141    
   -0.3669275930        -1.356003452        0.5663898519       -0.8541656188         1.066005104        -1.803273669         1.174538907    
   -0.3649706458        -1.356003452        0.5663898519       -0.8347789948         1.085215554        -1.820792231         1.197103815    
   -0.3630136986        -1.356003452        0.5663898519       -0.8149486431         1.104860427        -1.838725595         1.220134561    
   -0.3610567515        -1.356003452        0.5663898519       -0.7946786105         1.124935091        -1.857071111         1.243622891    
   -0.3590998043        -1.356003452        0.5663898519       -0.7739737110         1.145434131        -1.875825464         1.267559596    
   -0.3571428571        -1.356003452        0.5663898519       -0.7528395233         1.166351345        -1.894984671         1.291934511    
   -0.3551859100        -1.356003452        0.5663898519       -0.7312824042         1.187679734        -1.914544070         1.316736509    
   -0.3532289628        -1.356003452        0.5663898519       -0.7093094817         1.209411500        -1.934498325         1.341953507    
   -0.3512720157        -1.356003452        0.5663898519       -0.6869286625         1.231538048        -1.954841414         1.367572472    
   -0.3493150685        -1.356003452        0.5663898519       -0.6641486217         1.254049984        -1.975566640         1.393579427    
   -0.3473581213        -1.356003452        0.5663898519       -0.6409788045         1.276937123        -1.996666630         1.419959465    
   -0.3454011742        -1.356003452        0.5663898519       -0.6174294108         1.300188493        -2.018133340         1.446696764    
   -0.3434442270        -1.356003452        0.5663898519       -0.5935113913         1.323792349        -2.039958065         1.473774605    
   -0.3414872798        -1.356003452        0.5663898519       -0.5692364272         1.347736179        -2.062131448         1.501175394    
   -0.3395303327        -1.356003452        0.5663898519       -0.5446169204         1.372006726        -2.084643492         1.528880688    
   -0.3375733855        -1.356003452        0.5663898519       -0.5196659679         1.396590001        -2.107483579         1.556871221    
   -0.3356164384        -1.356003452        0.5663898519       -0.4943973461         1.421471308        -2.130640482         1.585126941    
   -0.3336594912        -1.356003452        0.5663898519       -0.4688254795         1.446635262        -2.154102391         1.613627041    
   -0.3317025440        -1.356003452        0.5663898519       -0.4429654192         1.472065822        -2.177856930         1.642349999    
   -0.3297455969        -1.356003452        0.5663898519       -0.4168328065         1.497746317        -2.201891188         1.671273620    
   -0.3277886497        -1.356003452        0.5663898519       -0.3904438450         1.523659477        -2.226191743         1.700375085    
   -0.3258317025        -1.356003452        0.5663898519       -0.3638152594         1.549787469        -2.250744692         1.729630990    
   -0.3238747554        -1.356003452        0.5663898519       -0.3369642632         1.576111935        -2.275535685         1.759017407    
   -0.3219178082        -1.356003452        0.5663898519       -0.3099085652         1.602613974        -2.300549910         1.788509865    
   -0.3199608611        -1.356003452        0.5663898519       -0.2826664815         1.629274043        -2.325771987         1.818083233    
   -0.3180039139        -1.356003452        0.5663898519       -0.2552569399         1.656071938        -2.351185962         1.847711713    
   -0.3160469667        -1.356003452        0.5663898519       -0.2276994537         1.682986831        -2.376775327         1.877368880    
   -0.3140900196        -1.356003452        0.5663898519       -0.2000140858         1.709997296        -2.402523047         1.907027727    
   -0.3121330724        -1.356003452        0.5663898519       -0.1722214185         1.737081345        -2.428411584         1.936660713    
   -0.3101761252        -1.356003452        0.5663898519       -0.1443425127         1.764216459        -2.454422934         1.966239807    
   -0.3082191781        -1.356003452        0.5663898519       -0.1163988742         1.791379631        -2.480538651         1.995736545    
   -0.3062622309        -1.356003452        0.5663898519       -0.8841240825E-01     1.818547402        -2.506739884         2.025122075    
   -0.3043052838        -1.356003452        0.5663898519       -0.6040538226E-01     1.845695902        -2.533007410         2.054367218    
   -0.3023483366        -1.356003452        0.5663898519       -0.3240037685E-01     1.872800893        -2.559321671         2.083442524    
   -0.3003913894        -1.356003452        0.5663898519       -0.4420244548E-02     1.899837814        -2.585662815         2.112318326    
   -0.2984344423        -1.356003452        0.5663898519        0.2351194210E-01     1.926781827        -2.612010729         2.140964804    
   -0.2964774951        -1.356003452        0.5663898519        0.5137293522E-01     1.953607866        -2.638345086         2.169352043    
   -0.2945205479        -1.356003452        0.5663898519        0.7913936636E-01     1.980290684        -2.664645386         2.197450100    
   -0.2925636008        -1.356003452        0.5663898519        0.1067877940         2.006804904        -2.690890999         2.225229064    
   -0.2906066536        -1.356003452        0.5663898519        0.1342947605         2.033125071        -2.717061208         2.252659119    
   -0.2886497065        -1.356003452        0.5663898519        0.1616368425         2.059225704        -2.743135259         2.279710616    
   -0.2866927593        -1.356003452        0.5663898519        0.1887907089         2.085081350        -2.769092405         2.306354129    
   -0.2847358121        -1.356003452        0.5663898519        0.2157331736         2.110666638        -2.794911955         2.332560532    
   -0.2827788650        -1.356003452        0.5663898519        0.2424412551         2.135956333        -2.820573320         2.358301056    
   -0.2808219178        -1.356003452        0.5663898519        0.2688922294         2.160925392        -2.846056066         2.383547363    
   -0.2788649706        -1.356003452        0.5663898519        0.2950636916         2.185549019        -2.871339961         2.408271604    
   -0.2769080235        -1.356003452        0.5663898519        0.3209336084         2.209802720        -2.896405025         2.432446494    
   -0.2749510763        -1.356003452        0.5663898519        0.3464803812         2.233662361        -2.921231582         2.456045370    
   -0.2729941292        -1.356003452        0.5663898519        0.3716828827         2.257104205        -2.945800293         2.479042243    
   -0.2710371820        -1.356003452        0.5663898519        0.3965203705         2.280104827        -2.970092080         2.501411703    
   -0.2690802348        -1.356003452        0.5663898519        0.4209723966         2.302641024        -2.994088046         2.523128831    
   -0.2671232877        -1.356003452        0.5663898519        0.4450188387         2.324689847        -3.017769498         2.544169229    
   -0.2651663405        -1.356003452        0.5663898519        0.4686399415         2.346228641        -3.041117989         2.564509077    
   -0.2632093933        -1.356003452        0.5663898519        0.4918163614         2.367235085        -3.064115352         2.584125177    
   -0.2612524462        -1.356003452        0.5663898519        0.5145292062         2.387687241        -3.086743738         2.602995000    
   -0.2592954990        -1.356003452        0.5663898519        0.5367600795         2.407563582        -3.108985655         2.621096736    
   -0.2573385519        -1.356003452        0.5663898519        0.5584911184         2.426843046        -3.130824004         2.638409336    
   -0.2553816047        -1.356003452        0.5663898519        0.5797050374         2.445505063        -3.152242110         2.654912554    
   -0.2534246575        -1.356003452        0.5663898519        0.6003851643         2.463529602        -3.173223766         2.670586996    
   -0.2514677104        -1.356003452        0.5663898519        0.6205154821         2.480897206        -3.193753262         2.685414153    
   -0.2495107632        -1.356003452        0.5663898519        0.6400806636         2.497589026        -3.213815422         2.699376448    
   -0.2475538160        -1.356003452        0.5663898519        0.6590661108         2.513586861        -3.233395636         2.712457263    
   -0.2455968689        -1.356003452        0.5663898519        0.6774579873         2.528873191        -3.252479894         2.724640986    
   -0.2436399217        -1.356003452        0.5663898519        0.6952432553         2.543431208        -3.271054818         2.735913035    
   -0.2416829746        -1.356003452        0.5663898519        0.7124097057         2.557244851        -3.289107692         2.746259895    
   -0.2397260274        -1.356003452        0.5663898519        0.7289459917         2.570298834        -3.306626492         2.755669143    
   -0.2377690802        -1.356003452        0.5663898519        0.7448416563         2.582578678        -3.323599915         2.764129477    
   -0.2358121331        -1.356003452        0.5663898519        0.7600871630         2.594070733        -3.340017405         2.771630742    
   -0.2338551859        -1.356003452        0.5663898519        0.7746739196         2.604762210        -3.355869182         2.778163949    
   -0.2318982387        -1.356003452        0.5663898519        0.7885943062         2.614641199        -3.371146264         2.783721295    
   -0.2299412916        -1.356003452        0.5663898519        0.8018416948         2.623696697        -3.385840495         2.788296181    
   -0.2279843444        -1.356003452        0.5663898519        0.8144104742         2.631918623        -3.399944560         2.791883227    
   -0.2260273973        -1.356003452        0.5663898519        0.8262960653         2.639297840        -3.413452012         2.794478283    
   -0.2240704501        -1.356003452        0.5663898519        0.8374949423         2.645826167        -3.426357288         2.796078436    
   -0.2221135029        -1.356003452        0.5663898519        0.8480045969         2.651496354        -3.438655678         2.796681966    
   -0.2201565558        -1.356003452        0.5663898519        0.8578233939         2.656301936        -3.450343180         2.796288179    
   -0.2181996086        -1.356003452        0.5663898519        0.8669505243         2.660237196        -3.461416453         2.794897342    
   -0.2162426614        -1.356003452        0.5663898519        0.8753860137         2.663297166        -3.471872829         2.792510691    
   -0.2142857143        -1.356003452        0.5663898519        0.8831307249         2.665477639        -3.481710318         2.789130421    
   -0.2123287671        -1.356003452        0.5663898519        0.8901863643         2.666775169        -3.490927617         2.784759686    
   -0.2103718200        -1.356003452        0.5663898519        0.8965554817         2.667187077        -3.499524113         2.779402593    
   -0.2084148728        -1.356003452        0.5663898519        0.9022414741         2.666711451        -3.507499893         2.773064189    
   -0.2064579256        -1.356003452        0.5663898519        0.9072485824         2.665347146        -3.514855739         2.765750460    
   -0.2045009785        -1.356003452        0.5663898519        0.9115818922         2.663093788        -3.521593140         2.757468310    
   -0.2025440313        -1.356003452        0.5663898519        0.9152473280         2.659951764        -3.527714288         2.748225558    
   -0.2005870841        -1.356003452        0.5663898519        0.9182516505         2.655922226        -3.533222078         2.738030913    
   -0.1986301370        -1.356003452        0.5663898519        0.9206024486         2.651007080        -3.538120112         2.726893965    
   -0.1966731898        -1.356003452        0.5663898519        0.9223081338         2.645208986        -3.542412691         2.714825165    
   -0.1947162427        -1.356003452        0.5663898519        0.9233779288         2.638531343        -3.546104819         2.701835802    
   -0.1927592955        -1.356003452        0.5663898519        0.9238218602         2.630978286        -3.549202195         2.687937987    
   -0.1908023483        -1.356003452        0.5663898519        0.9236507437         2.622554675        -3.551711208         2.673144626    
   -0.1888454012        -1.356003452        0.5663898519        0.9228761744         2.613266082        -3.553638934         2.657469398    
   -0.1868884540        -1.356003452        0.5663898519        0.9215105099         2.603118781        -3.554993130         2.640926728    
   -0.1849315068        -1.356003452        0.5663898519        0.9195668572         2.592119730        -3.555782223         2.623531762    
   -0.1829745597        -1.356003452        0.5663898519        0.9170590545         2.580276563        -3.556015304         2.605300336    
   -0.1810176125        -1.356003452        0.5663898519        0.9140016553         2.567597568        -3.555702119         2.586248949    
   -0.1790606654        -1.356003452        0.5663898519        0.9104099078         2.554091674        -3.554853060         2.566394732    
   -0.1771037182        -1.356003452        0.5663898519        0.9062997374         2.539768432        -3.553479150         2.545755413    
   -0.1751467710        -1.356003452        0.5663898519        0.9016877242         2.524637998        -3.551592039         2.524349291    
   -0.1731898239        -1.356003452        0.5663898519        0.8965910750         2.508711104        -3.549203977         2.502195188    
   -0.1712328767        -1.356003452        0.5663898519        0.8910275086         2.491998958        -3.546327715         2.479312340    
   -0.1692759295        -1.356003452        0.5663898519        0.8850151269         2.474513134        -3.542976386         2.455720271    
   -0.1673189824        -1.356003452        0.5663898519        0.8785723759         2.456265539        -3.539163473         2.431438746    
   -0.1653620352        -1.356003452        0.5663898519        0.8717180274         2.437268397        -3.534902802         2.406487750    
   -0.1634050881        -1.356003452        0.5663898519        0.8644711538         2.417534235        -3.530208529         2.380887451    
   -0.1614481409        -1.356003452        0.5663898519        0.8568511073         2.397075861        -3.525095122         2.354658180    
   -0.1594911937        -1.356003452        0.5663898519        0.8488774950         2.375906354        -3.519577353         2.327820391    
   -0.1575342466        -1.356003452        0.5663898519        0.8405701573         2.354039039        -3.513670282         2.300394640    
   -0.1555772994        -1.356003452        0.5663898519        0.8319491421         2.331487475        -3.507389247         2.272401550    
   -0.1536203523        -1.356003452        0.5663898519        0.8230346835         2.308265437        -3.500749845         2.243861785    
   -0.1516634051        -1.356003452        0.5663898519        0.8138471756         2.284386899        -3.493767924         2.214796019    
   -0.1497064579        -1.356003452        0.5663898519        0.8044071504         2.259866014        -3.486459569         2.185224906    
   -0.1477495108        -1.356003452        0.5663898519        0.7947352520         2.234717103        -3.478841087         2.155169054    
   -0.1457925636        -1.356003452        0.5663898519        0.7848522147         2.208954634        -3.470928995         2.124648993    
   -0.1438356164        -1.356003452        0.5663898519        0.7747788363         2.182593208        -3.462740007         2.093685146    
   -0.1418786693        -1.356003452        0.5663898519        0.7645359567         2.155647540        -3.454291023         2.062297804    
   -0.1399217221        -1.356003452        0.5663898519        0.7541444319         2.128132447        -3.445599113         2.030507097    
   -0.1379647750        -1.356003452        0.5663898519        0.7436251118         2.100062832        -3.436681510         1.998332961    
   -0.1360078278        -1.356003452        0.5663898519        0.7329988150         2.071453664        -3.427555591         1.965795119    
   -0.1340508806        -1.356003452        0.5663898519        0.7222863069         2.042319969        -3.418238874         1.932913049    
   -0.1320939335        -1.356003452        0.5663898519        0.7115082751         2.012676814        -3.408748997         1.899705956    
   -0.1301369863        -1.356003452        0.5663898519        0.7006853074         1.982539292        -3.399103714         1.866192751    
   -0.1281800391        -1.356003452        0.5663898519        0.6898378679         1.951922508        -3.389320882         1.832392021    
   -0.1262230920        -1.356003452        0.5663898519        0.6789862760         1.920841567        -3.379418447         1.798322005    
   -0.1242661448        -1.356003452        0.5663898519        0.6681506826         1.889311563        -3.369414440         1.764000570    
   -0.1223091977        -1.356003452        0.5663898519        0.6573510335         1.857347549        -3.359326942         1.729445176    
   -0.1203522505        -1.356003452        0.5663898519        0.6466069751         1.824964486        -3.349174004         1.694672806    
   -0.1183953033        -1.356003452        0.5663898519        0.6359378085         1.792177207        -3.338973601         1.659699935    
   -0.1164383562        -1.356003452        0.5663898519        0.6253624680         1.759000416        -3.328743628         1.624542505    
   -0.1144814090        -1.356003452        0.5663898519        0.6148995054         1.725448684        -3.318501889         1.589215918    
   -0.1125244618        -1.356003452        0.5663898519        0.6045670704         1.691536441        -3.308266093         1.553735018    
   -0.1105675147        -1.356003452        0.5663898519        0.5943828957         1.657277981        -3.298053848         1.518114074    
   -0.1086105675        -1.356003452        0.5663898519        0.5843642790         1.622687453        -3.287882649         1.482366771    
   -0.1066536204        -1.356003452        0.5663898519        0.5745280681         1.587778861        -3.277769878         1.446506196    
   -0.1046966732        -1.356003452        0.5663898519        0.5648906443         1.552566068        -3.267732793         1.410544824    
   -0.1027397260        -1.356003452        0.5663898519        0.5554679085         1.517062790        -3.257788521         1.374494510    
   -0.1007827789        -1.356003452        0.5663898519        0.5462752653         1.481282598        -3.247954054         1.338366472    
   -0.9882583170E-01    -1.356003452        0.5663898519        0.5373276098         1.445238923        -3.238246237         1.302171289    
   -0.9686888454E-01    -1.356003452        0.5663898519        0.5286393132         1.408945053        -3.228681761         1.265918885    
   -0.9491193738E-01    -1.356003452        0.5663898519        0.5202242104         1.372414138        -3.219277154         1.229618521    
   -0.9295499022E-01    -1.356003452        0.5663898519        0.5120955861         1.335659194        -3.210048769         1.193278790    
   -0.9099804305E-01    -1.356003452        0.5663898519        0.5042661638         1.298693103        -3.201012769         1.156907606    
   -0.8904109589E-01    -1.356003452        0.5663898519        0.4967480930         1.261528622        -3.192185118         1.120512200    
   -0.8708414873E-01    -1.356003452        0.5663898519        0.4895529386         1.224178385        -3.183581556         1.084099112    
   -0.8512720157E-01    -1.356003452        0.5663898519        0.4826916695         1.186654908        -3.175217582         1.047674189    
   -0.8317025440E-01    -1.356003452        0.5663898519        0.4761746489         1.148970596        -3.167108426         1.011242579    
   -0.8121330724E-01    -1.356003452        0.5663898519        0.4700116238         1.111137751        -3.159269017        0.9748087313    
   -0.7925636008E-01    -1.356003452        0.5663898519        0.4642117166         1.073168574        -3.151713949        0.9383763943    
   -0.7729941292E-01    -1.356003452        0.5663898519        0.4587834148         1.035075179        -3.144457430        0.9019486199    
   -0.7534246575E-01    -1.356003452        0.5663898519        0.4537345646        0.9968695931        -3.137513227        0.8655277666    
   -0.7338551859E-01    -1.356003452        0.5663898519        0.4490723592        0.9585637713        -3.130894594        0.8291155088    
   -0.7142857143E-01    -1.356003452        0.5663898519        0.4448033084        0.9201695885        -3.124614163        0.7927128449    
   -0.6947162427E-01    -1.356003452        0.5663898519        0.4409331925        0.8816988355        -3.118683797        0.7563201132    
   -0.6751467710E-01    -1.356003452        0.5663898519        0.4374670528        0.8431632285        -3.113114468        0.7199370215    
   -0.6555772994E-01    -1.356003452        0.5663898519        0.4344091863        0.8045744240        -3.107916123        0.6835626881    
   -0.6360078278E-01    -1.356003452        0.5663898519        0.4317631431        0.7659440324        -3.103097530        0.6471956938    
   -0.6164383562E-01    -1.356003452        0.5663898519        0.4295317212        0.7272836325        -3.098666108        0.6108341473    
   -0.5968688845E-01    -1.356003452        0.5663898519        0.4277169650        0.6886047859        -3.094627753        0.5744757663    
   -0.5772994129E-01    -1.356003452        0.5663898519        0.4263201609        0.6499190523        -3.090986665        0.5381179743    
   -0.5577299413E-01    -1.356003452        0.5663898519        0.4253418366        0.6112380030        -3.087745199        0.5017580126    
   -0.5381604697E-01    -1.356003452        0.5663898519        0.4247817577        0.5725732373        -3.084903758        0.4653930652    
   -0.5185909980E-01    -1.356003452        0.5663898519        0.4246389273        0.5339363960        -3.082460732        0.4290203901    
   -0.4990215264E-01    -1.356003452        0.5663898519        0.4249115839        0.4953391770        -3.080412516        0.3926374511    
   -0.4794520548E-01    -1.356003452        0.5663898519        0.4255972017        0.4567933498        -3.078753581        0.3562420430    
   -0.4598825832E-01    -1.356003452        0.5663898519        0.4266924893        0.4183107705        -3.077476599        0.3198324040    
   -0.4403131115E-01    -1.356003452        0.5663898519        0.4281933909        0.3799033956        -3.076572610        0.2834073119    
   -0.4207436399E-01    -1.356003452        0.5663898519        0.4300950859        0.3415832973        -3.076031204        0.2469661642    
   -0.4011741683E-01    -1.356003452        0.5663898519        0.4323919909        0.3033626772        -3.075840701        0.2105090404    
   -0.3816046967E-01    -1.356003452        0.5663898519        0.4350777603        0.2652538801        -3.075988326        0.1740367512    
   -0.3620352250E-01    -1.356003452        0.5663898519        0.4381452895        0.2272694079        -3.076460368        0.1375508755    
   -0.3424657534E-01    -1.356003452        0.5663898519        0.4415867158        0.1894219329        -3.077242310        0.1010537878    
   -0.3228962818E-01    -1.356003452        0.5663898519        0.4453934230        0.1517243103        -3.078318953        0.6454867908E-01
   -0.3033268102E-01    -1.356003452        0.5663898519        0.4495560434        0.1141895916        -3.079674508        0.2803957134E-01
   -0.2837573386E-01    -1.356003452        0.5663898519        0.4540644635        0.7683103557E-01    -3.081292683       -0.8468671510E-02
   -0.2641878669E-01    -1.356003452        0.5663898519        0.4589078265        0.3966212075E-01    -3.083156744       -0.4497033589E-01
   -0.2446183953E-01    -1.356003452        0.5663898519        0.4640745394        0.2696555904E-02    -3.085249571       -0.8145885367E-01
   -0.2250489237E-01    -1.356003452        0.5663898519        0.4695522759       -0.3405171023E-01    -3.087553707       -0.1179267985    
   -0.2054794521E-01    -1.356003452        0.5663898519        0.4753279768       -0.7056848672E-01    -3.090051387       -0.1543658838    
   -0.1859099804E-01    -1.356003452        0.5663898519        0.4813878525       -0.1068393334        -3.092724574       -0.1907669620    
   -0.1663405088E-01    -1.356003452        0.5663898519        0.4877173931       -0.1428495521        -3.095554978       -0.2271200254    
   -0.1467710372E-01    -1.356003452        0.5663898519        0.4943013753       -0.1785841779        -3.098524081       -0.2634142076    
   -0.1272015656E-01    -1.356003452        0.5663898519        0.5011238738       -0.2140279709        -3.101613154       -0.2996377864    
   -0.1076320939E-01    -1.356003452        0.5663898519        0.5081682701       -0.2491654095        -3.104803268       -0.3357781865    
   -0.8806262231E-02    -1.356003452        0.5663898519        0.5154172644       -0.2839806841        -3.108075312       -0.3718219848    
   -0.6849315068E-02    -1.356003452        0.5663898519        0.5228528863       -0.3184576913        -3.111409997       -0.4077549147    
   -0.4892367906E-02    -1.356003452        0.5663898519        0.5304565082       -0.3525800305        -3.114787873       -0.4435618721    
   -0.2935420744E-02    -1.356003452        0.5663898519        0.5382088568       -0.3863309992        -3.118189332       -0.4792269224    
   -0.9784735812E-03    -1.356003452        0.5663898519        0.5460900283       -0.4196935918        -3.121594619       -0.5147333082    
    0.9784735812E-03    -1.356003452        0.5663898519        0.5540795016       -0.4526504970        -3.124983839       -0.5500634576    
    0.2935420744E-02    -1.356003452        0.5663898519        0.5621561547       -0.4851840987        -3.128336966       -0.5851989941    
    0.4892367906E-02    -1.356003452        0.5663898519        0.5702982793       -0.5172764754        -3.131633848       -0.6201207468    
    0.6849315068E-02    -1.356003452        0.5663898519        0.5784835994       -0.5489094032        -3.134854218       -0.6548087623    
    0.8806262231E-02    -1.356003452        0.5663898519        0.5866892873       -0.5800643578        -3.137977701       -0.6892423168    
    0.1076320939E-01    -1.356003452        0.5663898519        0.5948919836       -0.6107225196        -3.140983822       -0.7233999307    
    0.1272015656E-01    -1.356003452        0.5663898519        0.6030678152       -0.6408647781        -3.143852014       -0.7572593824    
    0.1467710372E-01    -1.356003452        0.5663898519        0.6111924168       -0.6704717393        -3.146561632       -0.7907977251    
    0.1663405088E-01    -1.356003452        0.5663898519        0.6192409512       -0.6995237326        -3.149091957       -0.8239913037    
    0.1859099804E-01    -1.356003452        0.5663898519        0.6271881322       -0.7280008208        -3.151422211       -0.8568157734    
    0.2054794521E-01    -1.356003452        0.5663898519        0.6350082466       -0.7558828092        -3.153531568       -0.8892461194    
    0.2250489237E-01    -1.356003452        0.5663898519        0.6426751795       -0.7831492586        -3.155399164       -0.9212566779    
    0.2446183953E-01    -1.356003452        0.5663898519        0.6501624378       -0.8097794968        -3.157004112       -0.9528211585    
    0.2641878669E-01    -1.356003452        0.5663898519        0.6574431781       -0.8357526344        -3.158325514       -0.9839126688    
    0.2837573386E-01    -1.356003452        0.5663898519        0.6644902423       -0.8610475899        -3.159342488        -1.014503748    
    0.3033268102E-01    -1.356003452        0.5663898519        0.6712762066       -0.8856431266        -3.160034203        -1.044566413    
    0.3228962818E-01    -1.356003452        0.5663898519        0.6777734144       -0.9095178755        -3.160379899        -1.074072191    
    0.3424657534E-01    -1.356003452        0.5663898519        0.6839540072       -0.9326503559        -3.160358905        -1.102992150    
    0.3620352250E-01    -1.356003452        0.5663898519        0.6897899556       -0.9550189962        -3.159950652        -1.131296932    
    0.3816046967E-01    -1.356003452        0.5663898519        0.6952530931       -0.9766021576        -3.159134698        -1.158956786    
    0.4011741683E-01    -1.356003452        0.5663898519        0.7003151477       -0.9973781578        -3.157890742        -1.185941607    
    0.4207436399E-01    -1.356003452        0.5663898519        0.7049477784        -1.017325296        -3.156198647        -1.212220966    
    0.4403131115E-01    -1.356003452        0.5663898519        0.7091226081        -1.036421881        -3.154038456        -1.237764155    
    0.4598825832E-01    -1.356003452        0.5663898519        0.7128112617        -1.054646256        -3.151390420        -1.262540222    
    0.4794520548E-01    -1.356003452        0.5663898519        0.7159854015        -1.071976832        -3.148235015        -1.286518013    
    0.4990215264E-01    -1.356003452        0.5663898519        0.7186167662        -1.088392112        -3.144552968        -1.309666217    
    0.5185909980E-01    -1.356003452        0.5663898519        0.7206772082        -1.103870727        -3.140325275        -1.331953405    
    0.5381604697E-01    -1.356003452        0.5663898519        0.7221387342        -1.118391468        -3.135533233        -1.353348076    
    0.5577299413E-01    -1.356003452        0.5663898519        0.7229735439        -1.131933316        -3.130158458        -1.373818708    
    0.5772994129E-01    -1.356003452        0.5663898519        0.7231540725        -1.144475479        -3.124182912        -1.393333799    
    0.5968688845E-01    -1.356003452        0.5663898519        0.7226530304        -1.155997427        -3.117588933        -1.411861918    
    0.6164383562E-01    -1.356003452        0.5663898519        0.7214434471        -1.166478929        -3.110359254        -1.429371758    
    0.6360078278E-01    -1.356003452        0.5663898519        0.7194987122        -1.175900089        -3.102477038        -1.445832183    
    0.6555772994E-01    -1.356003452        0.5663898519        0.7167926207        -1.184241382        -3.093925896        -1.461212281    
    0.6751467710E-01    -1.356003452        0.5663898519        0.7132994150        -1.191483699        -3.084689926        -1.475481420    
    0.6947162427E-01    -1.356003452        0.5663898519        0.7089938311        -1.197608381        -3.074753731        -1.488609300    
    0.7142857143E-01    -1.356003452        0.5663898519        0.7038511414        -1.202597262        -3.064102454        -1.500566007    
    0.7338551859E-01    -1.356003452        0.5663898519        0.6978472024        -1.206432709        -3.052721804        -1.511322073    
    0.7534246575E-01    -1.356003452        0.5663898519        0.6909584972        -1.209097663        -3.040598086        -1.520848531    
    0.7729941292E-01    -1.356003452        0.5663898519        0.6831621916        -1.210575692        -3.027718237        -1.529116979    
    0.7925636008E-01    -1.356003452        0.5663898519        0.6744362293        -1.210851074        -3.014069898        -1.536099697    
    0.8121330724E-01    -1.356003452        0.5663898519        0.6647594116        -1.209908875        -2.999641471        -1.541769741    
    0.8317025440E-01    -1.356003452        0.5663898519        0.6541114439        -1.207734995        -2.984422150        -1.546101001    
    0.8512720157E-01    -1.356003452        0.5663898519        0.6424729813        -1.204316205        -2.968401945        -1.549068271    
    0.8708414873E-01    -1.356003452        0.5663898519        0.6298256712        -1.199640195        -2.951571711        -1.550647300    
    0.8904109589E-01    -1.356003452        0.5663898519        0.6161521993        -1.193695611        -2.933923175        -1.550814858    
    0.9099804305E-01    -1.356003452        0.5663898519        0.6014363304        -1.186472101        -2.915448962        -1.549548792    
    0.9295499022E-01    -1.356003452        0.5663898519        0.5856629530        -1.177960353        -2.896142618        -1.546828089    
    0.9491193738E-01    -1.356003452        0.5663898519        0.5688181190        -1.168152135        -2.875998640        -1.542632933    
    0.9686888454E-01    -1.356003452        0.5663898519        0.5508890863        -1.157040337        -2.855012497        -1.536944763    
    0.9882583170E-01    -1.356003452        0.5663898519        0.5318643573        -1.144619006        -2.833180653        -1.529746332    
    0.1007827789        -1.356003452        0.5663898519        0.5117337190        -1.130883391        -2.810500592        -1.521021761    
    0.1027397260        -1.356003452        0.5663898519        0.4904882795        -1.115829969        -2.786970843        -1.510756597    
    0.1046966732        -1.356003452        0.5663898519        0.4681205058        -1.099456493        -2.762590992        -1.498937869    
    0.1066536204        -1.356003452        0.5663898519        0.4446242577        -1.081762015        -2.737361713        -1.485554137    
    0.1086105675        -1.356003452        0.5663898519        0.4199948229        -1.062746929        -2.711284779        -1.470595546    
    0.1105675147        -1.356003452        0.5663898519        0.3942289482        -1.042412997        -2.684363087        -1.454053878    
    0.1125244618        -1.356003452        0.5663898519        0.3673248713        -1.020763381        -2.656600667        -1.435922598    
    0.1144814090        -1.356003452        0.5663898519        0.3392823487       -0.9978026729        -2.628002706        -1.416196905    
    0.1164383562        -1.356003452        0.5663898519        0.3101026844       -0.9735369212        -2.598575558        -1.394873772    
    0.1183953033        -1.356003452        0.5663898519        0.2797887540       -0.9479736556        -2.568326756        -1.371951994    
    0.1203522505        -1.356003452        0.5663898519        0.2483450296       -0.9211219118        -2.537265027        -1.347432227    
    0.1223091977        -1.356003452        0.5663898519        0.2157775998       -0.8929922524        -2.505400300        -1.321317026    
    0.1242661448        -1.356003452        0.5663898519        0.1820941911       -0.8635967875        -2.472743718        -1.293610886    
    0.1262230920        -1.356003452        0.5663898519        0.1473041842       -0.8329491926        -2.439307640        -1.264320270    
    0.1281800391        -1.356003452        0.5663898519        0.1114186527       -0.8010647450        -2.405105668        -1.233453677    
    0.1301369863        -1.356003452        0.5663898519        0.7445042570E-01   -0.7679603856        -2.370152688        -1.201021730    
    0.1320939335        -1.356003452        0.5663898519        0.3641410669E-01   -0.7336547370        -2.334464873        -1.167037214    
    0.1340508806        -1.356003452        0.5663898519       -0.2673927964E-02   -0.6981681036        -2.298059679        -1.131515094    
    0.1360078278        -1.356003452        0.5663898519       -0.4279552923E-01   -0.6615224725        -2.260955833        -1.094472529    
    0.1379647750        -1.356003452        0.5663898519       -0.8393078268E-01   -0.6237415076        -2.223173328        -1.055928876    
    0.1399217221        -1.356003452        0.5663898519       -0.1260580149       -0.5848505436        -2.184733405        -1.015905700    
    0.1418786693        -1.356003452        0.5663898519       -0.1691538069       -0.5448765749        -2.145658540       -0.9744267705    
    0.1438356164        -1.356003452        0.5663898519       -0.2131930067       -0.5038482433        -2.105972427       -0.9315180652    
    0.1457925636        -1.356003452        0.5663898519       -0.2581487488       -0.4617958201        -2.065699957       -0.8872077573    
    0.1477495108        -1.356003452        0.5663898519       -0.3039924734       -0.4187511882        -2.024867199       -0.8415262081    
    0.1497064579        -1.356003452        0.5663898519       -0.3506939521       -0.3747478179        -1.983501374       -0.7945059505    
    0.1516634051        -1.356003452        0.5663898519       -0.3982213127       -0.3298207419        -1.941630829       -0.7461816714    
    0.1536203523        -1.356003452        0.5663898519       -0.4465410722       -0.2840065259        -1.899285012       -0.6965901874    
    0.1555772994        -1.356003452        0.5663898519       -0.4956181676       -0.2373432371        -1.856494437       -0.6457704184    
    0.1575342466        -1.356003452        0.5663898519       -0.5454159943       -0.1898704079        -1.813290655       -0.5937633555    
    0.1594911937        -1.356003452        0.5663898519       -0.5958964441       -0.1416289990        -1.769706220       -0.5406120262    
    0.1614481409        -1.356003452        0.5663898519       -0.6470199492       -0.9266135688E-01    -1.725774648       -0.4863614543    
    0.1634050881        -1.356003452        0.5663898519       -0.6987455262       -0.4301117075E-01    -1.681530386       -0.4310586163    
    0.1653620352        -1.356003452        0.5663898519       -0.7510308262        0.7276575798E-02    -1.637008764       -0.3747523934    
    0.1673189824        -1.356003452        0.5663898519       -0.8038321841        0.5815565378E-01    -1.592245957       -0.3174935202    
    0.1692759295        -1.356003452        0.5663898519       -0.8571046753        0.1095786425        -1.547278940       -0.2593345285    
    0.1712328767        -1.356003452        0.5663898519       -0.9108021695        0.1614969844        -1.502145441       -0.2003296880    
    0.1731898239        -1.356003452        0.5663898519       -0.9648773932        0.2138610439        -1.456883895       -0.1405349428    
    0.1751467710        -1.356003452        0.5663898519        -1.019281989        0.2666201675        -1.411533393       -0.8000784422E-01
    0.1771037182        -1.356003452        0.5663898519        -1.073966581        0.3197227460        -1.366133632       -0.1880748343E-01
    0.1790606654        -1.356003452        0.5663898519        -1.128880827        0.3731162687        -1.320724863        0.4300555459E-01
    0.1810176125        -1.356003452        0.5663898519        -1.183973488        0.4267473920        -1.275347826        0.1053692581    
    0.1829745597        -1.356003452        0.5663898519        -1.239192513        0.4805620234        -1.230043685        0.1682202848    
    0.1849315068        -1.356003452        0.5663898519        -1.294485133        0.5345054109        -1.184853954        0.2314940658    
    0.1868884540        -1.356003452        0.5663898519        -1.349797945        0.5885222312        -1.139820429        0.2951249111    
    0.1888454012        -1.356003452        0.5663898519        -1.405077015        0.6425566833        -1.094985118        0.3590461198    
    0.1908023483        -1.356003452        0.5663898519        -1.460267961        0.6965525797        -1.050390165        0.4231900911    
    0.1927592955        -1.356003452        0.5663898519        -1.515316061        0.7504534426        -1.006077776        0.4874884395    
    0.1947162427        -1.356003452        0.5663898519        -1.570166340        0.8042025980       -0.9620901521        0.5518721112    
    0.1966731898        -1.356003452        0.5663898519        -1.624763672        0.8577432728       -0.9184694095        0.6162715028    
    0.1986301370        -1.356003452        0.5663898519        -1.679052880        0.9110186914       -0.8752575092        0.6806165812    
    0.2005870841        -1.356003452        0.5663898519        -1.732978832        0.9639721732       -0.8324961829        0.7448370060    
    0.2025440313        -1.356003452        0.5663898519        -1.786486536         1.016547229       -0.7902268595        0.8088622513    
    0.2045009785        -1.356003452        0.5663898519        -1.839521250         1.068687662       -0.7484905930        0.8726217301    
    0.2064579256        -1.356003452        0.5663898519        -1.892028565         1.120337657       -0.7073279902        0.9360449175    
    0.2084148728        -1.356003452        0.5663898519        -1.943954518         1.171441887       -0.6667791395        0.9990614754    
    0.2103718200        -1.356003452        0.5663898519        -1.995245675         1.221945600       -0.6268835409         1.061601376    
    0.2123287671        -1.356003452        0.5663898519        -2.045849238         1.271794720       -0.5876800366         1.123595027    
    0.2142857143        -1.356003452        0.5663898519        -2.095713130         1.320935933       -0.5492067437         1.184973391    
    0.2162426614        -1.356003452        0.5663898519        -2.144786096         1.369316788       -0.5115009871         1.245668112    
    0.2181996086        -1.356003452        0.5663898519        -2.193017788         1.416885780       -0.4745992358         1.305611632    
    0.2201565558        -1.356003452        0.5663898519        -2.240358858         1.463592440       -0.4385370394         1.364737313    
    0.2221135029        -1.356003452        0.5663898519        -2.286761042         1.509387422       -0.4033489673         1.422979550    
    0.2240704501        -1.356003452        0.5663898519        -2.332177248         1.554222587       -0.3690685494         1.480273892    
    0.2260273973        -1.356003452        0.5663898519        -2.376561636         1.598051081       -0.3357282194         1.536557147    
    0.2279843444        -1.356003452        0.5663898519        -2.419869723         1.640827443       -0.3033592342         1.591767525    
    0.2299412916        -1.356003452        0.5663898519        -2.462058540         1.682507759       -0.2719915391         1.645844818    
    0.2318982387        -1.356003452        0.5663898519        -2.503086741         1.723049773       -0.2416536852         1.698730552    
    0.2338551859        -1.356003452        0.5663898519        -2.542914687         1.762412964       -0.2123727717         1.750368099    
    0.2358121331        -1.356003452        0.5663898519        -2.581504525         1.800558631       -0.1841743922         1.800702796    
    0.2377690802        -1.356003452        0.5663898519        -2.618820262         1.837449962       -0.1570825850         1.849682050    
    0.2397260274        -1.356003452        0.5663898519        -2.654827837         1.873052105       -0.1311197872         1.897255443    
    0.2416829746        -1.356003452        0.5663898519        -2.689495182         1.907332229       -0.1063067935         1.943374829    
    0.2436399217        -1.356003452        0.5663898519        -2.722792282         1.940259587       -0.8266271832E-01     1.987994424    
    0.2455968689        -1.356003452        0.5663898519        -2.754691232         1.971805561       -0.6020496304E-01     2.031070893    
    0.2475538160        -1.356003452        0.5663898519        -2.785166281         2.001943719       -0.3894918722E-01     2.072563427    
    0.2495107632        -1.356003452        0.5663898519        -2.814193875         2.030649848       -0.1890928441E-01     2.112433815    
    0.2514677104        -1.356003452        0.5663898519        -2.841752697         2.057901996       -0.9736221728E-04     2.150646507    
    0.2534246575        -1.356003452        0.5663898519        -2.867823696         2.083680499        0.1747627279E-01     2.187168677    
    0.2553816047        -1.356003452        0.5663898519        -2.892390113         2.107968009        0.3380312598E-01     2.221970266    
    0.2573385519        -1.356003452        0.5663898519        -2.915437495         2.130749506        0.4887652072E-01     2.255024032    
    0.2592954990        -1.356003452        0.5663898519        -2.936953720         2.152012320        0.6269160025E-01     2.286305582    
    0.2612524462        -1.356003452        0.5663898519        -2.956928991         2.171746127        0.7524532476E-01     2.315793402    
    0.2632093933        -1.356003452        0.5663898519        -2.975355848         2.189942962        0.8653646430E-01     2.343468877    
    0.2651663405        -1.356003452        0.5663898519        -2.992229160         2.206597203        0.9656558701E-01     2.369316306    
    0.2671232877        -1.356003452        0.5663898519        -3.007546113         2.221705567        0.1053350434         2.393322908    
    0.2690802348        -1.356003452        0.5663898519        -3.021306198         2.235267094        0.1128489460         2.415478821    
    0.2710371820        -1.356003452        0.5663898519        -3.033511188         2.247283121        0.1191131451         2.435777091    
    0.2729941292        -1.356003452        0.5663898519        -3.044165110         2.257757259        0.1241352007         2.454213661    
    0.2749510763        -1.356003452        0.5663898519        -3.053274218         2.266695357        0.1279243488         2.470787344    
    0.2769080235        -1.356003452        0.5663898519        -3.060846962         2.274105480        0.1304914783         2.485499808    
    0.2788649706        -1.356003452        0.5663898519        -3.066894086         2.279998000        0.1318492051         2.498355693    
    0.2808219178        -1.356003452        0.5663898519        -3.071428721         2.284385693        0.1320119501         2.509362719    
    0.2827788650        -1.356003452        0.5663898519        -3.074466358         2.287283706        0.1309959079         2.518531672    
    0.2847358121        -1.356003452        0.5663898519        -3.076024782         2.288709499        0.1288189924         2.525876336    
    0.2866927593        -1.356003452        0.5663898519        -3.076124019         2.288682782        0.1255007822         2.531413442    
    0.2886497065        -1.356003452        0.5663898519        -3.074786259         2.287225442        0.1210624590         2.535162595    
    0.2906066536        -1.356003452        0.5663898519        -3.072035787         2.284361478        0.1155267449         2.537146196    
    0.2925636008        -1.356003452        0.5663898519        -3.067898905         2.280116912        0.1089178334         2.537389359    
    0.2945205479        -1.356003452        0.5663898519        -3.062403844         2.274519710        0.1012613190         2.535919820    
    0.2964774951        -1.356003452        0.5663898519        -3.055580678         2.267599693        0.9258412288E-01     2.532767839    
    0.2984344423        -1.356003452        0.5663898519        -3.047461235         2.259388443        0.8291441564E-01     2.527966100    
    0.3003913894        -1.356003452        0.5663898519        -3.038078994         2.249919206        0.7228153810E-01     2.521549596    
    0.3023483366        -1.356003452        0.5663898519        -3.027468991         2.239226794        0.6071591954E-01     2.513555521    
    0.3043052838        -1.356003452        0.5663898519        -3.015667713         2.227347480        0.4824899397E-01     2.504023145    
    0.3062622309        -1.356003452        0.5663898519        -3.002712996         2.214318896        0.3491311516E-01     2.492993699    
    0.3082191781        -1.356003452        0.5663898519        -2.988643915         2.200179920        0.2074146992E-01     2.480510241    
    0.3101761252        -1.356003452        0.5663898519        -2.973500678         2.184970572        0.5767990829E-02     2.466617528    
    0.3121330724        -1.356003452        0.5663898519        -2.957324509         2.168731898       -0.9972732048E-02     2.451361888    
    0.3140900196        -1.356003452        0.5663898519        -2.940157546         2.151505862       -0.2644553966E-01     2.434791079    
    0.3160469667        -1.356003452        0.5663898519        -2.922042718         2.133335231       -0.4361479262E-01     2.416954153    
    0.3180039139        -1.356003452        0.5663898519        -2.903023641         2.114263465       -0.6144445971E-01     2.397901323    
    0.3199608611        -1.356003452        0.5663898519        -2.883144501         2.094334601       -0.7989820568E-01     2.377683818    
    0.3219178082        -1.356003452        0.5663898519        -2.862449944         2.073593141       -0.9893947890E-01     2.356353749    
    0.3238747554        -1.356003452        0.5663898519        -2.840984963         2.052083942       -0.1185315967         2.333963965    
    0.3258317025        -1.356003452        0.5663898519        -2.818794790         2.029852108       -0.1386378309         2.310567922    
    0.3277886497        -1.356003452        0.5663898519        -2.795924839         2.006942930       -0.1592214455         2.286219601    
    0.3297455969        -1.356003452        0.5663898519        -2.772420803         1.983401983       -0.1802456092         2.260973624    
    0.3317025440        -1.356003452        0.5663898519        -2.748328607         1.959275080       -0.2016734253         2.234885191    
    0.3336594912        -1.356003452        0.5663898519        -2.723694290         1.934608157       -0.2234680226         2.208009934    
    0.3356164384        -1.356003452        0.5663898519        -2.698563891         1.909447150       -0.2455926461         2.180403762    
    0.3375733855        -1.356003452        0.5663898519        -2.672983332         1.883837888       -0.2680107463         2.152122721    
    0.3395303327        -1.356003452        0.5663898519        -2.646998304         1.857825972       -0.2906860661         2.123222844    
    0.3414872798        -1.356003452        0.5663898519        -2.620654161         1.831456670       -0.3135827237         2.093760011    
    0.3434442270        -1.356003452        0.5663898519        -2.593995807         1.804774808       -0.3366652947         2.063789808    
    0.3454011742        -1.356003452        0.5663898519        -2.567067605         1.777824671       -0.3598988886         2.033367398    
    0.3473581213        -1.356003452        0.5663898519        -2.539913265         1.750649901       -0.3832492240         2.002547383    
    0.3493150685        -1.356003452        0.5663898519        -2.512575764         1.723293406       -0.4066826985         1.971383685    
    0.3512720157        -1.356003452        0.5663898519        -2.485097244         1.695797268       -0.4301664560         1.939929425    
    0.3532289628        -1.356003452        0.5663898519        -2.457518938         1.668202659       -0.4536684494         1.908236804    
    0.3551859100        -1.356003452        0.5663898519        -2.429881080         1.640549763       -0.4771574994         1.876357000    
    0.3571428571        -1.356003452        0.5663898519        -2.402222841         1.612877698       -0.5006033490         1.844340060    
    0.3590998043        -1.356003452        0.5663898519        -2.374582251         1.585224450       -0.5239767143         1.812234806    
    0.3610567515        -1.356003452        0.5663898519        -2.346996143         1.557626809       -0.5472493300         1.780088745    
    0.3630136986        -1.356003452        0.5663898519        -2.319500085         1.530120306       -0.5703939913         1.747947984    
    0.3649706458        -1.356003452        0.5663898519        -2.292128340         1.502739167       -0.5933845908         1.715857154    
    0.3669275930        -1.356003452        0.5663898519        -2.264913804         1.475516262       -0.6161961521         1.683859341    
    0.3688845401        -1.356003452        0.5663898519        -2.237887978         1.448483062       -0.6388048570         1.651996020    
    0.3708414873        -1.356003452        0.5663898519        -2.211080921         1.421669605       -0.6611880708         1.620307000    
    0.3727984344        -1.356003452        0.5663898519        -2.184521229         1.395104466       -0.6833243608         1.588830378    
    0.3747553816        -1.356003452        0.5663898519        -2.158235999         1.368814731       -0.7051935133         1.557602489    
    0.3767123288        -1.356003452        0.5663898519        -2.132250827         1.342825983       -0.7267765372         1.526657887    
    0.3786692759        -1.356003452        0.5663898519        -2.106589876         1.317162378       -0.7480556000         1.496029423    
    0.3806262231        -1.356003452        0.5663898519        -2.081275981         1.291846751       -0.7690139404         1.465748362    
    0.3825831703        -1.356003452        0.5663898519        -2.056330640         1.266900602       -0.7896358719         1.435844360    
    0.3845401174        -1.356003452        0.5663898519        -2.031773990         1.242344074       -0.8099067984         1.406345432    
    0.3864970646        -1.356003452        0.5663898519        -2.007624789         1.218195937       -0.8298132238         1.377277912    
    0.3884540117        -1.356003452        0.5663898519        -1.983900408         1.194473579       -0.8493427578         1.348666442    
    0.3904109589        -1.356003452        0.5663898519        -1.960616819         1.171192997       -0.8684841178         1.320533948    
    0.3923679061        -1.356003452        0.5663898519        -1.937788605         1.148368798       -0.8872271257         1.292901632    
    0.3943248532        -1.356003452        0.5663898519        -1.915428949         1.126014201       -0.9055627029         1.265788973    
    0.3962818004        -1.356003452        0.5663898519        -1.893549657         1.104141053       -0.9234828593         1.239213727    
    0.3982387476        -1.356003452        0.5663898519        -1.872161161         1.082759833       -0.9409806808         1.213191937    
    0.4001956947        -1.356003452        0.5663898519        -1.851272545         1.061879679       -0.9580503119         1.187737952    
    0.4021526419        -1.356003452        0.5663898519        -1.830891556         1.041508404       -0.9746869368         1.162864442    
    0.4041095890        -1.356003452        0.5663898519        -1.811024646         1.021652526       -0.9908867561         1.138582428    
    0.4060665362        -1.356003452        0.5663898519        -1.791676980         1.002317294        -1.006646962         1.114901312    
    0.4080234834        -1.356003452        0.5663898519        -1.772852489        0.9835067282        -1.021965709         1.091828915    
    0.4099804305        -1.356003452        0.5663898519        -1.754553886        0.9652236461        -1.036842088         1.069371511    
    0.4119373777        -1.356003452        0.5663898519        -1.736782726        0.9474697113        -1.051276089         1.047533879    
    0.4138943249        -1.356003452        0.5663898519        -1.719539420        0.9302454663        -1.065268570         1.026319341    
    0.4158512720        -1.356003452        0.5663898519        -1.702823305        0.9135503852        -1.078821223         1.005729822    
    0.4178082192        -1.356003452        0.5663898519        -1.686632663        0.8973829098        -1.091936535        0.9857658951    
    0.4197651663        -1.356003452        0.5663898519        -1.670964791        0.8817405071        -1.104617750        0.9664268451    
    0.4217221135        -1.356003452        0.5663898519        -1.655816024        0.8666197078        -1.116868832        0.9477107197    
    0.4236790607        -1.356003452        0.5663898519        -1.641181807        0.8520161671        -1.128694427        0.9296143959    
    0.4256360078        -1.356003452        0.5663898519        -1.627056720        0.8379247044        -1.140099819        0.9121336355    
    0.4275929550        -1.356003452        0.5663898519        -1.613434570        0.8243393841        -1.151090879        0.8952631764    
    0.4295499022        -1.356003452        0.5663898519        -1.600308495        0.8112536372        -1.161673960        0.8789968935    
    0.4315068493        -1.356003452        0.5663898519        -1.587671062        0.7986603469        -1.171855841        0.8633278968    
    0.4334637965        -1.356003452        0.5663898519        -1.575514271        0.7865518709        -1.181643700        0.8482485678    
    0.4354207436        -1.356003452        0.5663898519        -1.563829614        0.7749200895        -1.191045088        0.8337506095    
    0.4373776908        -1.356003452        0.5663898519        -1.552608075        0.7637564266        -1.200067910        0.8198250834    
    0.4393346380        -1.356003452        0.5663898519        -1.541840198        0.7530519026        -1.208720387        0.8064624634    
    0.4412915851        -1.356003452        0.5663898519        -1.531516085        0.7427971554        -1.217011042        0.7936526753    
    0.4432485323        -1.356003452        0.5663898519        -1.521625460        0.7329824974        -1.224948663        0.7813851545    
    0.4452054795        -1.356003452        0.5663898519        -1.512157671        0.7235979352        -1.232542282        0.7696488860    
    0.4471624266        -1.356003452        0.5663898519        -1.503101759        0.7146332301        -1.239801145        0.7584324645    
    0.4491193738        -1.356003452        0.5663898519        -1.494446445        0.7060779165        -1.246734688        0.7477241346    
    0.4510763209        -1.356003452        0.5663898519        -1.486180213        0.6979213647        -1.253352511        0.7375118525    
    0.4530332681        -1.356003452        0.5663898519        -1.478291284        0.6901527967        -1.259664349        0.7277833246    
    0.4549902153        -1.356003452        0.5663898519        -1.470767702        0.6827613522        -1.265680053        0.7185260712    
    0.4569471624        -1.356003452        0.5663898519        -1.463597301        0.6757361005        -1.271409562        0.7097274618    
    0.4589041096        -1.356003452        0.5663898519        -1.456767796        0.6690661101        -1.276862885        0.7013747802    
    0.4608610568        -1.356003452        0.5663898519        -1.450266731        0.6627404550        -1.282050075        0.6934552568    
    0.4628180039        -1.356003452        0.5663898519        -1.444081583        0.6567482899        -1.286981214        0.6859561343    
    0.4647749511        -1.356003452        0.5663898519        -1.438199690        0.6510788487        -1.291666392        0.6788646955    
    0.4667318982        -1.356003452        0.5663898519        -1.432608364        0.6457215273        -1.296115689        0.6721683314    
    0.4686888454        -1.356003452        0.5663898519        -1.427294795        0.6406658725        -1.300339166        0.6658545623    
    0.4706457926        -1.356003452        0.5663898519        -1.422246182        0.6359016754        -1.304346844        0.6599111100    
    0.4726027397        -1.356003452        0.5663898519        -1.417449597        0.6314189480        -1.308148698        0.6543259108    
    0.4745596869        -1.356003452        0.5663898519        -1.412892149        0.6272080312        -1.311754645        0.6490871934    
    0.4765166341        -1.356003452        0.5663898519        -1.408560798        0.6232595552        -1.315174541        0.6441834821    
    0.4784735812        -1.356003452        0.5663898519        -1.404442551        0.6195645703        -1.318418168        0.6396036836    
    0.4804305284        -1.356003452        0.5663898519        -1.400524218        0.6161144826        -1.321495241        0.6353370770    
    0.4823874755        -1.356003452        0.5663898519        -1.396792664        0.6129012209        -1.324415396        0.6313734163    
    0.4843444227        -1.356003452        0.5663898519        -1.393234460        0.6099171338        -1.327188210        0.6277028995    
    0.4863013699        -1.356003452        0.5663898519        -1.389836251        0.6071552161        -1.329823179        0.6243162983    
    0.4882583170        -1.356003452        0.5663898519        -1.386584219        0.6046089378        -1.332329758        0.6212048931    
    0.4902152642        -1.356003452        0.5663898519        -1.383464673        0.6022725807        -1.334717336        0.6183606538    
    0.4921722114        -1.356003452        0.5663898519        -1.380463158        0.6001409269        -1.336995292        0.6157761057    
    0.4941291585        -1.356003452        0.5663898519        -1.377565541        0.5982098330        -1.339172954        0.6134446232    
    0.4960861057        -1.356003452        0.5663898519        -1.374756240        0.5964755562        -1.341259703        0.6113601199    
    0.4980430528        -1.356003452        0.5663898519        -1.372020910        0.5949360413        -1.343264863        0.6095176841    
    0.5000000000        -1.356003452        0.5663898519        -1.369340827        0.5935886492        -1.345197992        0.6079125012    
