   -0.5000000000       -0.1927162444E-02   -0.7018268169E-03    0.1414935367E-02    0.8691931896E-03
   -0.4980430528       -0.1995719287E-02   -0.8843307216E-03    0.1474589813E-02    0.1047628779E-02
   -0.4960861057       -0.2077074885E-02   -0.1068244611E-02    0.1542389151E-02    0.1231325457E-02
   -0.4941291585       -0.2171148853E-02   -0.1254807018E-02    0.1618523436E-02    0.1421055467E-02
   -0.4921722114       -0.2277851169E-02   -0.1444926011E-02    0.1703187955E-02    0.1617561602E-02
   -0.4902152642       -0.2397191470E-02   -0.1639581540E-02    0.1796616322E-02    0.1821577911E-02
   -0.4882583170       -0.2529211914E-02   -0.1839633104E-02    0.1899060810E-02    0.2033821698E-02
   -0.4863013699       -0.2674018299E-02   -0.2045946606E-02    0.2010801890E-02    0.2255000874E-02
   -0.4843444227       -0.2831748834E-02   -0.2259316487E-02    0.2132139088E-02    0.2485810823E-02
   -0.4823874755       -0.3002587569E-02   -0.2480529316E-02    0.2263395070E-02    0.2726938109E-02
   -0.4804305284       -0.3186745385E-02   -0.2710321600E-02    0.2404909983E-02    0.2979058578E-02
   -0.4784735812       -0.3384466741E-02   -0.2949418033E-02    0.2557043395E-02    0.3242839320E-02
   -0.4765166341       -0.3596016440E-02   -0.3198504792E-02    0.2720170216E-02    0.3518937079E-02
   -0.4745596869       -0.3821683188E-02   -0.3458254843E-02    0.2894681544E-02    0.3807999138E-02
   -0.4726027397       -0.4061769591E-02   -0.3729309226E-02    0.3080981422E-02    0.4110661727E-02
   -0.4706457926       -0.4316593964E-02   -0.4012294752E-02    0.3279487035E-02    0.4427550134E-02
   -0.4686888454       -0.4586482307E-02   -0.4307809867E-02    0.3490625928E-02    0.4759277001E-02
   -0.4667318982       -0.4871769047E-02   -0.4616437459E-02    0.3714835772E-02    0.5106441844E-02
   -0.4647749511       -0.5172790319E-02   -0.4938733553E-02    0.3952561848E-02    0.5469629187E-02
   -0.4628180039       -0.5489884008E-02   -0.5275236767E-02    0.4204256493E-02    0.5849407626E-02
   -0.4608610568       -0.5823383919E-02   -0.5626458871E-02    0.4470376742E-02    0.6246327794E-02
   -0.4589041096       -0.6173619334E-02   -0.5992891848E-02    0.4751383516E-02    0.6660921059E-02
   -0.4569471624       -0.6540909834E-02   -0.6374999745E-02    0.5047739355E-02    0.7093697346E-02
   -0.4549902153       -0.6925564504E-02   -0.6773223965E-02    0.5359907405E-02    0.7545143553E-02
   -0.4530332681       -0.7327877252E-02   -0.7187976070E-02    0.5688349202E-02    0.8015721249E-02
   -0.4510763209       -0.7748125771E-02   -0.7619641752E-02    0.6033523492E-02    0.8505864894E-02
   -0.4491193738       -0.8186567250E-02   -0.8068574365E-02    0.6395884050E-02    0.9015979456E-02
   -0.4471624266       -0.8643437188E-02   -0.8535097906E-02    0.6775878376E-02    0.9546438498E-02
   -0.4452054795       -0.9118945441E-02   -0.9019501148E-02    0.7173945539E-02    0.1009758177E-01
   -0.4432485323       -0.9613274961E-02   -0.9522039887E-02    0.7590514787E-02    0.1066971324E-01
   -0.4412915851       -0.1012657816E-01   -0.1004293160E-01    0.8026003427E-02    0.1126309870E-01
   -0.4393346380       -0.1065897565E-01   -0.1058235714E-01    0.8480815383E-02    0.1187796382E-01
   -0.4373776908       -0.1121055291E-01   -0.1114045593E-01    0.8955339134E-02    0.1251449185E-01
   -0.4354207436       -0.1178135907E-01   -0.1171732725E-01    0.9449946259E-02    0.1317282173E-01
   -0.4334637965       -0.1237140396E-01   -0.1231302590E-01    0.9964989453E-02    0.1385304600E-01
   -0.4315068493       -0.1298065701E-01   -0.1292756332E-01    0.1050080111E-01    0.1455520899E-01
   -0.4295499022       -0.1360904458E-01   -0.1356090369E-01    0.1105769144E-01    0.1527930500E-01
   -0.4275929550       -0.1425644915E-01   -0.1421296496E-01    0.1163594715E-01    0.1602527673E-01
   -0.4256360078       -0.1492270700E-01   -0.1488361547E-01    0.1223582970E-01    0.1679301369E-01
   -0.4236790607       -0.1560760750E-01   -0.1557267488E-01    0.1285757395E-01    0.1758235084E-01
   -0.4217221135       -0.1631088891E-01   -0.1627990892E-01    0.1350138479E-01    0.1839306470E-01
   -0.4197651663       -0.1703223250E-01   -0.1700502501E-01    0.1416743135E-01    0.1922486618E-01
   -0.4178082192       -0.1777125895E-01   -0.1774766770E-01    0.1485584377E-01    0.2007739721E-01
   -0.4158512720       -0.1852752715E-01   -0.1850741878E-01    0.1556671124E-01    0.2095022892E-01
   -0.4138943249       -0.1930053202E-01   -0.1928379420E-01    0.1630007965E-01    0.2184285964E-01
   -0.4119373777       -0.2008970357E-01   -0.2007624434E-01    0.1705594968E-01    0.2275471347E-01
   -0.4099804305       -0.2089440517E-01   -0.2088415137E-01    0.1783427461E-01    0.2368513864E-01
   -0.4080234834       -0.2171393292E-01   -0.2170682980E-01    0.1863495857E-01    0.2463340643E-01
   -0.4060665362       -0.2254751441E-01   -0.2254352437E-01    0.1945785457E-01    0.2559871011E-01
   -0.4041095890       -0.2339430853E-01   -0.2339341090E-01    0.2030276292E-01    0.2658016422E-01
   -0.4021526419       -0.2425340471E-01   -0.2425559474E-01    0.2116942947E-01    0.2757680407E-01
   -0.4001956947       -0.2512382323E-01   -0.2512911206E-01    0.2205754436E-01    0.2858758559E-01
   -0.3982387476       -0.2600451500E-01   -0.2601292886E-01    0.2296674050E-01    0.2961138533E-01
   -0.3962818004       -0.2689436241E-01   -0.2690594269E-01    0.2389659261E-01    0.3064700094E-01
   -0.3943248532       -0.2779217968E-01   -0.2780698236E-01    0.2484661609E-01    0.3169315180E-01
   -0.3923679061       -0.2869671424E-01   -0.2871481008E-01    0.2581626632E-01    0.3274848009E-01
   -0.3904109589       -0.2960664776E-01   -0.2962812188E-01    0.2680493802E-01    0.3381155211E-01
   -0.3884540117       -0.3052059807E-01   -0.3054555028E-01    0.2781196486E-01    0.3488086001E-01
   -0.3864970646       -0.3143712086E-01   -0.3146566532E-01    0.2883661924E-01    0.3595482377E-01
   -0.3845401174       -0.3235471215E-01   -0.3238697783E-01    0.2987811238E-01    0.3703179364E-01
   -0.3825831703       -0.3327181064E-01   -0.3330794115E-01    0.3093559448E-01    0.3811005279E-01
   -0.3806262231       -0.3418680082E-01   -0.3422695490E-01    0.3200815536E-01    0.3918782046E-01
   -0.3786692759       -0.3509801594E-01   -0.3514236743E-01    0.3309482503E-01    0.4026325532E-01
   -0.3767123288       -0.3600374164E-01   -0.3605248007E-01    0.3419457480E-01    0.4133445919E-01
   -0.3747553816       -0.3690221965E-01   -0.3695555030E-01    0.3530631846E-01    0.4239948127E-01
   -0.3727984344       -0.3779165117E-01   -0.3784979574E-01    0.3642891306E-01    0.4345632152E-01
   -0.3708414873       -0.3867019479E-01   -0.3873339157E-01    0.3756115452E-01    0.4450292827E-01
   -0.3688845401       -0.3953596640E-01   -0.3960447097E-01    0.3870177484E-01    0.4553719759E-01
   -0.3669275930       -0.4038704255E-01   -0.4046112807E-01    0.3984944274E-01    0.4655697714E-01
   -0.3649706458       -0.4122146512E-01   -0.4130142305E-01    0.4100276521E-01    0.4756007093E-01
   -0.3630136986       -0.4203724560E-01   -0.4212338611E-01    0.4216028910E-01    0.4854424424E-01
   -0.3610567515       -0.4283237019E-01   -0.4292502298E-01    0.4332050308E-01    0.4950722897E-01
   -0.3590998043       -0.4360480469E-01   -0.4370431940E-01    0.4448183975E-01    0.5044672908E-01
   -0.3571428571       -0.4435249994E-01   -0.4445924706E-01    0.4564267803E-01    0.5136042648E-01
   -0.3551859100       -0.4507339721E-01   -0.4518776863E-01    0.4680134581E-01    0.5224598704E-01
   -0.3532289628       -0.4576543405E-01   -0.4588784397E-01    0.4795612285E-01    0.5310106690E-01
   -0.3512720157       -0.4642655001E-01   -0.4655743559E-01    0.4910524381E-01    0.5392331895E-01
   -0.3493150685       -0.4705469286E-01   -0.4719451523E-01    0.5024690170E-01    0.5471039952E-01
   -0.3473581213       -0.4764782462E-01   -0.4779706953E-01    0.5137925134E-01    0.5545997524E-01
   -0.3454011742       -0.4820392796E-01   -0.4836310693E-01    0.5250041325E-01    0.5616973007E-01
   -0.3434442270       -0.4872101250E-01   -0.4889066353E-01    0.5360847754E-01    0.5683737236E-01
   -0.3414872798       -0.4919712134E-01   -0.4937781010E-01    0.5470150817E-01    0.5746064214E-01
   -0.3395303327       -0.4963033747E-01   -0.4982265815E-01    0.5577754730E-01    0.5803731836E-01
   -0.3375733855       -0.5001879038E-01   -0.5022336690E-01    0.5683461986E-01    0.5856522621E-01
   -0.3356164384       -0.5036066243E-01   -0.5057814940E-01    0.5787073822E-01    0.5904224449E-01
   -0.3336594912       -0.5065419547E-01   -0.5088527944E-01    0.5888390709E-01    0.5946631288E-01
   -0.3317025440       -0.5089769704E-01   -0.5114309759E-01    0.5987212852E-01    0.5983543923E-01
   -0.3297455969       -0.5108954686E-01   -0.5135001794E-01    0.6083340695E-01    0.6014770670E-01
   -0.3277886497       -0.5122820286E-01   -0.5150453391E-01    0.6176575447E-01    0.6040128090E-01
   -0.3258317025       -0.5131220728E-01   -0.5160522469E-01    0.6266719605E-01    0.6059441669E-01
   -0.3238747554       -0.5134019235E-01   -0.5165076069E-01    0.6353577480E-01    0.6072546491E-01
   -0.3219178082       -0.5131088341E-01   -0.5163990692E-01    0.6436955401E-01    0.6079287567E-01
   -0.3199608611       -0.5122309693E-01   -0.5157152084E-01    0.6516661321E-01    0.6079519602E-01
   -0.3180039139       -0.5107574397E-01   -0.5144455599E-01    0.6592505066E-01    0.6073107359E-01
   -0.3160469667       -0.5086783510E-01   -0.5125806677E-01    0.6664298826E-01    0.6059926255E-01
   -0.3140900196       -0.5059848524E-01   -0.5101121357E-01    0.6731857645E-01    0.6039862916E-01
   -0.3121330724       -0.5026691820E-01   -0.5070326704E-01    0.6794999916E-01    0.6012815717E-01
   -0.3101761252       -0.4987247103E-01   -0.5033361280E-01    0.6853547871E-01    0.5978695299E-01
   -0.3082191781       -0.4941459796E-01   -0.4990175514E-01    0.6907328076E-01    0.5937425045E-01
   -0.3062622309       -0.4889287426E-01   -0.4940732113E-01    0.6956171914E-01    0.5888941542E-01
   -0.3043052838       -0.4830699948E-01   -0.4885006376E-01    0.6999916068E-01    0.5833194993E-01
   -0.3023483366       -0.4765680071E-01   -0.4822986534E-01    0.7038403000E-01    0.5770149604E-01
   -0.3003913894       -0.4694223513E-01   -0.4754673998E-01    0.7071481408E-01    0.5699783930E-01
   -0.2984344423       -0.4616339244E-01   -0.4680083625E-01    0.7099006688E-01    0.5622091184E-01
   -0.2964774951       -0.4532049681E-01   -0.4599243892E-01    0.7120841372E-01    0.5537079499E-01
   -0.2945205479       -0.4441390842E-01   -0.4512197081E-01    0.7136855561E-01    0.5444772154E-01
   -0.2925636008       -0.4344412460E-01   -0.4418999375E-01    0.7146927332E-01    0.5345207754E-01
   -0.2906066536       -0.4241178061E-01   -0.4319720957E-01    0.7150943140E-01    0.5238440362E-01
   -0.2886497065       -0.4131764983E-01   -0.4214446024E-01    0.7148798188E-01    0.5124539583E-01
   -0.2866927593       -0.4016264374E-01   -0.4103272797E-01    0.7140396787E-01    0.5003590611E-01
   -0.2847358121       -0.3894781122E-01   -0.3986313446E-01    0.7125652686E-01    0.4875694212E-01
   -0.2827788650       -0.3767433758E-01   -0.3863694016E-01    0.7104489388E-01    0.4740966670E-01
   -0.2808219178       -0.3634354302E-01   -0.3735554257E-01    0.7076840430E-01    0.4599539678E-01
   -0.2788649706       -0.3495688078E-01   -0.3602047462E-01    0.7042649644E-01    0.4451560182E-01
   -0.2769080235       -0.3351593462E-01   -0.3463340210E-01    0.7001871389E-01    0.4297190171E-01
   -0.2749510763       -0.3202241616E-01   -0.3319612114E-01    0.6954470761E-01    0.4136606431E-01
   -0.2729941292       -0.3047816115E-01   -0.3171055445E-01    0.6900423697E-01    0.3970000191E-01
   -0.2710371820       -0.2888512341E-01   -0.3017874533E-01    0.6839716559E-01    0.3797576456E-01
   -0.2690802348       -0.2724536878E-01   -0.2860285140E-01    0.6772345735E-01    0.3619553363E-01
   -0.2671232877       -0.2556107127E-01   -0.2698514093E-01    0.6698317704E-01    0.3436161790E-01
   -0.2651663405       -0.2383450906E-01   -0.2532798876E-01    0.6617649135E-01    0.3247644969E-01
   -0.2632093933       -0.2206806027E-01   -0.2363387219E-01    0.6530366956E-01    0.3054258063E-01
   -0.2612524462       -0.2026419820E-01   -0.2190536615E-01    0.6436508400E-01    0.2856267696E-01
   -0.2592954990       -0.1842548656E-01   -0.2014513859E-01    0.6336121024E-01    0.2653951454E-01
   -0.2573385519       -0.1655457405E-01   -0.1835594495E-01    0.6229262707E-01    0.2447597349E-01
   -0.2553816047       -0.1465418897E-01   -0.1654062294E-01    0.6116001612E-01    0.2237503253E-01
   -0.2534246575       -0.1272713332E-01   -0.1470208655E-01    0.5996416130E-01    0.2023976295E-01
   -0.2514677104       -0.1077627683E-01   -0.1284332020E-01    0.5870594799E-01    0.1807332231E-01
   -0.2495107632       -0.8804550586E-02   -0.1096737233E-01    0.5738636188E-01    0.1587894789E-01
   -0.2475538160       -0.6814940612E-02   -0.9077349065E-02    0.5600648764E-01    0.1365994981E-01
   -0.2455968689       -0.4810481068E-02   -0.7176407378E-02    0.5456750728E-01    0.1141970398E-01
   -0.2436399217       -0.2794247451E-02   -0.5267748418E-02    0.5307069829E-01    0.9161644738E-02
   -0.2416829746       -0.7693494760E-03   -0.3354610297E-02    0.5151743148E-01    0.6889257411E-02
   -0.2397260274        0.1261076033E-02   -0.1440261141E-02    0.4990916863E-01    0.4606070579E-02
   -0.2377690802        0.3293872501E-02    0.4720083717E-03    0.4824745987E-01    0.2315648263E-02
   -0.2358121331        0.5325870925E-02    0.2378892167E-02    0.4653394083E-01    0.2158195667E-04
   -0.2338551859        0.7353897383E-02    0.4277076394E-02    0.4477032956E-01   -0.2272517446E-02
   -0.2318982387        0.9374780471E-02    0.6163246690E-02    0.4295842323E-01   -0.4563027790E-02
   -0.2299412916        0.1138535888E-01    0.8034095863E-02    0.4110009464E-01   -0.6846323866E-02
   -0.2279843444        0.1338248884E-01    0.9886331179E-02    0.3919728850E-01   -0.9118785631E-02
   -0.2260273973        0.1536305168E-01    0.1171668200E-01    0.3725201753E-01   -0.1137680644E-01
   -0.2240704501        0.1732396118E-01    0.1352190700E-01    0.3526635840E-01   -0.1361680124E-01
   -0.2221135029        0.1926217061E-01    0.1529880134E-01    0.3324244666E-01   -0.1583521440E-01
   -0.2201565558        0.2117467841E-01    0.1704420249E-01    0.3118247001E-01   -0.1802852642E-01
   -0.2181996086        0.2305853433E-01    0.1875499657E-01    0.2908866349E-01   -0.2019326081E-01
   -0.2162426614        0.2491084578E-01    0.2042812458E-01    0.2696330568E-01   -0.2232599116E-01
   -0.2142857143        0.2672878401E-01    0.2206058875E-01    0.2480871464E-01   -0.2442334809E-01
   -0.2123287671        0.2850959012E-01    0.2364945844E-01    0.2262724394E-01   -0.2648202598E-01
   -0.2103718200        0.3025058101E-01    0.2519187625E-01    0.2042127846E-01   -0.2849878965E-01
   -0.2084148728        0.3194915500E-01    0.2668506351E-01    0.1819323024E-01   -0.3047048081E-01
   -0.2064579256        0.3360279733E-01    0.2812632602E-01    0.1594553422E-01   -0.3239402431E-01
   -0.2045009785        0.3520908544E-01    0.2951305911E-01    0.1368064399E-01   -0.3426643420E-01
   -0.2025440313        0.3676569398E-01    0.3084275295E-01    0.1140102741E-01   -0.3608481957E-01
   -0.2005870841        0.3827039957E-01    0.3211299715E-01    0.9109162302E-02   -0.3784639008E-01
   -0.1986301370        0.3972108539E-01    0.3332148549E-01    0.6807532090E-02   -0.3954846134E-01
   -0.1966731898        0.4111574535E-01    0.3446602010E-01    0.4498621449E-02   -0.4118845994E-01
   -0.1947162427        0.4245248811E-01    0.3554451559E-01    0.2184911944E-02   -0.4276392821E-01
   -0.1927592955        0.4372954073E-01    0.3655500261E-01   -0.1311222827E-03   -0.4427252872E-01
   -0.1908023483        0.4494525206E-01    0.3749563148E-01   -0.2447018822E-02   -0.4571204840E-01
   -0.1888454012        0.4609809577E-01    0.3836467510E-01   -0.4760331240E-02   -0.4708040245E-01
   -0.1868884540        0.4718667312E-01    0.3916053193E-01   -0.7068633298E-02   -0.4837563780E-01
   -0.1849315068        0.4820971535E-01    0.3988172827E-01   -0.9369523085E-02   -0.4959593635E-01
   -0.1829745597        0.4916608582E-01    0.4052692065E-01   -0.1166062711E-01   -0.5073961776E-01
   -0.1810176125        0.5005478169E-01    0.4109489739E-01   -0.1393960428E-01   -0.5180514199E-01
   -0.1790606654        0.5087493540E-01    0.4158458031E-01   -0.1620414982E-01   -0.5279111146E-01
   -0.1771037182        0.5162581570E-01    0.4199502567E-01   -0.1845199907E-01   -0.5369627275E-01
   -0.1751467710        0.5230682847E-01    0.4232542519E-01   -0.2068093123E-01   -0.5451951815E-01
   -0.1731898239        0.5291751680E-01    0.4257510612E-01   -0.2288877282E-01   -0.5525988645E-01
   -0.1712328767        0.5345755905E-01    0.4274352985E-01   -0.2507340019E-01   -0.5591656138E-01
   -0.1692759295        0.5392676584E-01    0.4283028937E-01   -0.2723274138E-01   -0.5648886920E-01
   -0.1673189824        0.5432507906E-01    0.4283510860E-01   -0.2936477853E-01   -0.5697627812E-01
   -0.1653620352        0.5465257084E-01    0.4275784141E-01   -0.3146755037E-01   -0.5737839792E-01
   -0.1634050881        0.5490944230E-01    0.4259847075E-01   -0.3353915448E-01   -0.5769497917E-01
   -0.1614481409        0.5509602201E-01    0.4235710705E-01   -0.3557774955E-01   -0.5792591219E-01
   -0.1594911937        0.5521276412E-01    0.4203398684E-01   -0.3758155738E-01   -0.5807122578E-01
   -0.1575342466        0.5526024637E-01    0.4162947069E-01   -0.3954886485E-01   -0.5813108556E-01
   -0.1555772994        0.5523916771E-01    0.4114404127E-01   -0.4147802567E-01   -0.5810579214E-01
   -0.1536203523        0.5515034576E-01    0.4057830087E-01   -0.4336746202E-01   -0.5799577897E-01
   -0.1516634051        0.5499471403E-01    0.3993296899E-01   -0.4521566610E-01   -0.5780161000E-01
   -0.1497064579        0.5477331888E-01    0.3920887940E-01   -0.4702120146E-01   -0.5752397701E-01
   -0.1477495108        0.5448731633E-01    0.3840697731E-01   -0.4878270423E-01   -0.5716369678E-01
   -0.1457925636        0.5413796857E-01    0.3752831605E-01   -0.5049888419E-01   -0.5672170795E-01
   -0.1438356164        0.5372664040E-01    0.3657405383E-01   -0.5216852572E-01   -0.5619906778E-01
   -0.1418786693        0.5325479534E-01    0.3554545005E-01   -0.5379048859E-01   -0.5559694858E-01
   -0.1399217221        0.5272399174E-01    0.3444386176E-01   -0.5536370859E-01   -0.5491663405E-01
   -0.1379647750        0.5213587855E-01    0.3327073961E-01   -0.5688719805E-01   -0.5415951532E-01
   -0.1360078278        0.5149219109E-01    0.3202762401E-01   -0.5836004620E-01   -0.5332708697E-01
   -0.1340508806        0.5079474660E-01    0.3071614087E-01   -0.5978141941E-01   -0.5242094272E-01
   -0.1320939335        0.5004543969E-01    0.2933799743E-01   -0.6115056125E-01   -0.5144277110E-01
   -0.1301369863        0.4924623765E-01    0.2789497780E-01   -0.6246679246E-01   -0.5039435092E-01
   -0.1281800391        0.4839917573E-01    0.2638893862E-01   -0.6372951077E-01   -0.4927754665E-01
   -0.1262230920        0.4750635223E-01    0.2482180440E-01   -0.6493819054E-01   -0.4809430363E-01
   -0.1242661448        0.4656992366E-01    0.2319556300E-01   -0.6609238240E-01   -0.4684664327E-01
   -0.1223091977        0.4559209924E-01    0.2151226067E-01   -0.6719171201E-01   -0.4553665765E-01
   -0.1203522505        0.4457513442E-01    0.1977399658E-01   -0.6823587687E-01   -0.4416650288E-01
   -0.1183953033        0.4352132527E-01    0.1798291789E-01   -0.6922464429E-01   -0.4273839354E-01
   -0.1164383562        0.4243300355E-01    0.1614121536E-01   -0.7015785031E-01   -0.4125459778E-01
   -0.1144814090        0.4131253182E-01    0.1425111882E-01   -0.7103539846E-01   -0.3971743248E-01
   -0.1125244618        0.4016229859E-01    0.1231489287E-01   -0.7185725852E-01   -0.3812925841E-01
   -0.1105675147        0.3898471342E-01    0.1033483235E-01   -0.7262346515E-01   -0.3649247534E-01
   -0.1086105675        0.3778220210E-01    0.8313258154E-02   -0.7333411652E-01   -0.3480951724E-01
   -0.1066536204        0.3655720188E-01    0.6252512745E-02   -0.7398937274E-01   -0.3308284746E-01
   -0.1046966732        0.3531215671E-01    0.4154956074E-02   -0.7458945436E-01   -0.3131495396E-01
   -0.1027397260        0.3404951252E-01    0.2022961260E-02   -0.7513464069E-01   -0.2950834459E-01
   -0.1007827789        0.3277171268E-01   -0.1410894053E-03   -0.7562526818E-01   -0.2766554240E-01
   -0.9882583170E-01    0.3148119337E-01   -0.2334808606E-02   -0.7606172862E-01   -0.2578908104E-01
   -0.9686888454E-01    0.3018037917E-01   -0.4555807828E-02   -0.7644446741E-01   -0.2388150023E-01
   -0.9491193738E-01    0.2887167867E-01   -0.6801701331E-02   -0.7677398166E-01   -0.2194534128E-01
   -0.9295499022E-01    0.2755748018E-01   -0.9070109778E-02   -0.7705081836E-01   -0.1998314273E-01
   -0.9099804305E-01    0.2624014754E-01   -0.1135866400E-01   -0.7727557247E-01   -0.1799743607E-01
   -0.8904109589E-01    0.2492201612E-01   -0.1366500841E-01   -0.7744888492E-01   -0.1599074154E-01
   -0.8708414873E-01    0.2360538879E-01   -0.1598680452E-01   -0.7757144071E-01   -0.1396556408E-01
   -0.8512720157E-01    0.2229253212E-01   -0.1832173416E-01   -0.7764396682E-01   -0.1192438935E-01
   -0.8317025440E-01    0.2098567270E-01   -0.2066750268E-01   -0.7766723026E-01   -0.9869679890E-02
   -0.8121330724E-01    0.1968699353E-01   -0.2302184195E-01   -0.7764203601E-01   -0.7803871387E-02
   -0.7925636008E-01    0.1839863059E-01   -0.2538251332E-01   -0.7756922493E-01   -0.5729369102E-02
   -0.7729941292E-01    0.1712266958E-01   -0.2774731027E-01   -0.7744967174E-01   -0.3648544398E-02
   -0.7534246575E-01    0.1586114270E-01   -0.3011406117E-01   -0.7728428294E-01   -0.1563731411E-02
   -0.7338551859E-01    0.1461602572E-01   -0.3248063157E-01   -0.7707399464E-01    0.5227761285E-03
   -0.7142857143E-01    0.1338923497E-01   -0.3484492630E-01   -0.7681976919E-01    0.2608727918E-02
   -0.6947162427E-01    0.1218262468E-01   -0.3720489076E-01   -0.7652259117E-01    0.4691919799E-02
   -0.6751467710E-01    0.1099798460E-01   -0.3955851273E-01   -0.7618346505E-01    0.6770196221E-02
   -0.6555772994E-01    0.9837037797E-02   -0.4190382381E-01   -0.7580341321E-01    0.8841452539E-02
   -0.6360078278E-01    0.8701438605E-02   -0.4423890100E-01   -0.7538347402E-01    0.1090363717E-01
   -0.6164383562E-01    0.7592770732E-02   -0.4656186789E-01   -0.7492469986E-01    0.1295475360E-01
   -0.5968688845E-01    0.6512545496E-02   -0.4887089593E-01   -0.7442815527E-01    0.1499286222E-01
   -0.5772994129E-01    0.5462200253E-02   -0.5116420532E-01   -0.7389491507E-01    0.1701608206E-01
   -0.5577299413E-01    0.4443096909E-02   -0.5344006604E-01   -0.7332606254E-01    0.1902259233E-01
   -0.5381604697E-01    0.3456520658E-02   -0.5569679844E-01   -0.7272268763E-01    0.2101063383E-01
   -0.5185909980E-01    0.2503678780E-02   -0.5793277398E-01   -0.7208588519E-01    0.2297851025E-01
   -0.4990215264E-01    0.1585699672E-02   -0.6014641562E-01   -0.7141675331E-01    0.2492458924E-01
   -0.4794520548E-01    0.7036319340E-03   -0.6233619825E-01   -0.7071639159E-01    0.2684730344E-01
   -0.4598825832E-01   -0.1415563181E-03   -0.6450064884E-01   -0.6998589958E-01    0.2874515133E-01
   -0.4403131115E-01   -0.9489780809E-03   -0.6663834664E-01   -0.6922637515E-01    0.3061669789E-01
   -0.4207436399E-01   -0.1717827880E-02   -0.6874792308E-01   -0.6843891298E-01    0.3246057520E-01
   -0.4011741683E-01   -0.2447382125E-02   -0.7082806176E-01   -0.6762460305E-01    0.3427548290E-01
   -0.3816046967E-01   -0.3136999259E-02   -0.7287749808E-01   -0.6678452922E-01    0.3606018846E-01
   -0.3620352250E-01   -0.3786119852E-02   -0.7489501908E-01   -0.6591976782E-01    0.3781352740E-01
   -0.3424657534E-01   -0.4394266497E-02   -0.7687946285E-01   -0.6503138627E-01    0.3953440332E-01
   -0.3228962818E-01   -0.4961043650E-02   -0.7882971813E-01   -0.6412044185E-01    0.4122178787E-01
   -0.3033268102E-01   -0.5486137285E-02   -0.8074472360E-01   -0.6318798037E-01    0.4287472053E-01
   -0.2837573386E-01   -0.5969314497E-02   -0.8262346726E-01   -0.6223503499E-01    0.4449230837E-01
   -0.2641878669E-01   -0.6410422915E-02   -0.8446498558E-01   -0.6126262506E-01    0.4607372562E-01
   -0.2446183953E-01   -0.6809390097E-02   -0.8626836272E-01   -0.6027175502E-01    0.4761821313E-01
   -0.2250489237E-01   -0.7166222614E-02   -0.8803272941E-01   -0.5926341317E-01    0.4912507772E-01
   -0.2054794521E-01   -0.7481004668E-02   -0.8975726153E-01   -0.5823856999E-01    0.5059369083E-01
   -0.1859099804E-01   -0.7753896759E-02   -0.9144117857E-01   -0.5719817690E-01    0.5202348737E-01
   -0.1663405088E-01   -0.7985134585E-02   -0.9308374264E-01   -0.5614316531E-01    0.5341396473E-01
   -0.1467710372E-01   -0.8175027793E-02   -0.9468425711E-01   -0.5507444586E-01    0.5476468168E-01
   -0.1272015656E-01   -0.8323958722E-02   -0.9624206548E-01   -0.5399290760E-01    0.5607525722E-01
   -0.1076320939E-01   -0.8432380991E-02   -0.9775655002E-01   -0.5289941727E-01    0.5734536932E-01
   -0.8806262231E-02   -0.8500818077E-02   -0.9922713057E-01   -0.5179481864E-01    0.5857475363E-01
   -0.6849315068E-02   -0.8529861755E-02   -0.1006532631       -0.5067993181E-01    0.5976320205E-01
   -0.4892367906E-02   -0.8520170531E-02   -0.1020344386       -0.4955555264E-01    0.6091056124E-01
   -0.2935420744E-02   -0.8472467937E-02   -0.1033701812       -0.4842245217E-01    0.6201673110E-01
   -0.9784735812E-03   -0.8387540837E-02   -0.1046600477       -0.4728137607E-01    0.6308166312E-01
    0.9784735812E-03   -0.8266237594E-02   -0.1059036252       -0.4613304415E-01    0.6410535867E-01
    0.2935420744E-02   -0.8109466254E-02   -0.1071005306       -0.4497814987E-01    0.6508786723E-01
    0.4892367906E-02   -0.7918192603E-02   -0.1082504085       -0.4381735993E-01    0.6602928449E-01
    0.6849315068E-02   -0.7693438242E-02   -0.1093529308       -0.4265131382E-01    0.6692975040E-01
    0.8806262231E-02   -0.7436278541E-02   -0.1104077942       -0.4148062345E-01    0.6778944714E-01
    0.1076320939E-01   -0.7147840619E-02   -0.1114147200       -0.4030587275E-01    0.6860859694E-01
    0.1272015656E-01   -0.6829301209E-02   -0.1123734520       -0.3912761736E-01    0.6938745980E-01
    0.1467710372E-01   -0.6481884553E-02   -0.1132837560       -0.3794638422E-01    0.7012633111E-01
    0.1663405088E-01   -0.6106860185E-02   -0.1141454178       -0.3676267130E-01    0.7082553905E-01
    0.1859099804E-01   -0.5705540755E-02   -0.1149582427       -0.3557694722E-01    0.7148544191E-01
    0.2054794521E-01   -0.5279279743E-02   -0.1157220538       -0.3438965098E-01    0.7210642511E-01
    0.2250489237E-01   -0.4829469218E-02   -0.1164366915       -0.3320119153E-01    0.7268889799E-01
    0.2446183953E-01   -0.4357537494E-02   -0.1171020117       -0.3201194753E-01    0.7323329037E-01
    0.2641878669E-01   -0.3864946810E-02   -0.1177178858       -0.3082226691E-01    0.7374004864E-01
    0.2837573386E-01   -0.3353190606E-02   -0.1182841992       -0.2963246654E-01    0.7420963156E-01
    0.3033268102E-01   -0.2823790506E-02   -0.1188008514       -0.2844283186E-01    0.7464250553E-01
    0.3228962818E-01   -0.2278293730E-02   -0.1192677555       -0.2725361648E-01    0.7503913929E-01
    0.3424657534E-01   -0.1718270688E-02   -0.1196848372       -0.2606504174E-01    0.7539999784E-01
    0.3620352250E-01   -0.1145312489E-02   -0.1200520343       -0.2487729633E-01    0.7572553555E-01
    0.3816046967E-01   -0.5610285105E-03   -0.1203692961       -0.2369053589E-01    0.7601618852E-01
    0.4011741683E-01    0.3295611767E-04   -0.1206365824       -0.2250488280E-01    0.7627236588E-01
    0.4207436399E-01    0.6350029557E-03   -0.1208538637       -0.2132042602E-01    0.7649444043E-01
    0.4403131115E-01    0.1243462778E-02   -0.1210211201       -0.2013722140E-01    0.7668273863E-01
    0.4598825832E-01    0.1856678027E-02   -0.1211383417       -0.1895529237E-01    0.7683753053E-01
    0.4794520548E-01    0.2472985338E-02   -0.1212055275       -0.1777463132E-01    0.7695902032E-01
    0.4990215264E-01    0.3090717988E-02   -0.1212226855       -0.1659520176E-01    0.7704733844E-01
    0.5185909980E-01    0.3708208423E-02   -0.1211898329       -0.1541694143E-01    0.7710253608E-01
    0.5381604697E-01    0.4323790694E-02   -0.1211069955       -0.1423976624E-01    0.7712458296E-01
    0.5577299413E-01    0.4935802969E-02   -0.1209742077       -0.1306357494E-01    0.7711336864E-01
    0.5772994129E-01    0.5542589955E-02   -0.1207915131       -0.1188825417E-01    0.7706870710E-01
    0.5968688845E-01    0.6142505393E-02   -0.1205589638       -0.1071368364E-01    0.7699034398E-01
    0.6164383562E-01    0.6733914451E-02   -0.1202766213       -0.9539741046E-02    0.7687796557E-01
    0.6360078278E-01    0.7315196191E-02   -0.1199445563       -0.8366306579E-02    0.7673120848E-01
    0.6555772994E-01    0.7884745938E-02   -0.1195628492       -0.7193266873E-02    0.7654966947E-01
    0.6751467710E-01    0.8440977703E-02   -0.1191315904       -0.6020518362E-02    0.7633291468E-01
    0.6947162427E-01    0.8982326520E-02   -0.1186508808       -0.4847970063E-02    0.7608048827E-01
    0.7142857143E-01    0.9507250820E-02   -0.1181208321       -0.3675545863E-02    0.7579192001E-01
    0.7338551859E-01    0.1001423473E-01   -0.1175415676       -0.2503186368E-02    0.7546673214E-01
    0.7534246575E-01    0.1050179039E-01   -0.1169132228       -0.1330850404E-02    0.7510444537E-01
    0.7729941292E-01    0.1096846032E-01   -0.1162359461       -0.1585161981E-03    0.7470458443E-01
    0.7925636008E-01    0.1141282055E-01   -0.1155099023        0.1013817658E-02    0.7426668476E-01
    0.8121330724E-01    0.1183348338E-01   -0.1147352747        0.2186131576E-02    0.7379029782E-01
    0.8317025440E-01    0.1222909962E-01   -0.1139122659        0.3358384515E-02    0.7327499491E-01
    0.8512720157E-01    0.1259836071E-01   -0.1130410987        0.4530513679E-02    0.7272037045E-01
    0.8708414873E-01    0.1294000089E-01   -0.1121220168        0.5702434296E-02    0.7212604497E-01
    0.8904109589E-01    0.1325279913E-01   -0.1111552856        0.6874039503E-02    0.7149166783E-01
    0.9099804305E-01    0.1353558126E-01   -0.1101411930        0.8045200275E-02    0.7081691970E-01
    0.9295499022E-01    0.1378722176E-01   -0.1090800504        0.9215765445E-02    0.7010151483E-01
    0.9491193738E-01    0.1400664577E-01   -0.1079721934        0.1038556174E-01    0.6934520322E-01
    0.9686888454E-01    0.1419283079E-01   -0.1068179827        0.1155439388E-01    0.6854777257E-01
    0.9882583170E-01    0.1434480852E-01   -0.1056178049        0.1272204473E-01    0.6770905010E-01
    0.1007827789        0.1446166647E-01   -0.1043720736        0.1388827544E-01    0.6682890433E-01
    0.1027397260        0.1454254964E-01   -0.1030812302        0.1505282566E-01    0.6590724665E-01
    0.1046966732        0.1458666197E-01   -0.1017457446        0.1621541375E-01    0.6494403286E-01
    0.1066536204        0.1459326790E-01   -0.1003661160        0.1737573706E-01    0.6393926460E-01
    0.1086105675        0.1456169370E-01   -0.9894287440E-01    0.1853347218E-01    0.6289299066E-01
    0.1105675147        0.1449132880E-01   -0.9747658051E-01    0.1968827525E-01    0.6180530825E-01
    0.1125244618        0.1438162698E-01   -0.9596782724E-01    0.2083978231E-01    0.6067636416E-01
    0.1144814090        0.1423210759E-01   -0.9441724020E-01    0.2198760960E-01    0.5950635583E-01
    0.1164383562        0.1404235652E-01   -0.9282547857E-01    0.2313135395E-01    0.5829553234E-01
    0.1183953033        0.1381202723E-01   -0.9119323571E-01    0.2427059321E-01    0.5704419536E-01
    0.1203522505        0.1354084159E-01   -0.8952124004E-01    0.2540488660E-01    0.5575269995E-01
    0.1223091977        0.1322859070E-01   -0.8781025549E-01    0.2653377518E-01    0.5442145532E-01
    0.1242661448        0.1287513553E-01   -0.8606108229E-01    0.2765678231E-01    0.5305092552E-01
    0.1262230920        0.1248040762E-01   -0.8427455746E-01    0.2877341413E-01    0.5164163000E-01
    0.1281800391        0.1204440974E-01   -0.8245155658E-01    0.2988316051E-01    0.5019414498E-01
    0.1301369863        0.1156721709E-01   -0.8059299679E-01    0.3098549683E-01    0.4870910567E-01
    0.1320939335        0.1104897754E-01   -0.7869983775E-01    0.3207988490E-01    0.4718720680E-01
    0.1340508806        0.1048991178E-01   -0.7677308146E-01    0.3316577377E-01    0.4562920256E-01
    0.1360078278        0.9890313210E-02   -0.7481377239E-01    0.3424260051E-01    0.4403590638E-01
    0.1379647750        0.9250547813E-02   -0.7282299717E-01    0.3530979102E-01    0.4240819067E-01
    0.1399217221        0.8571053802E-02   -0.7080188452E-01    0.3636676080E-01    0.4074698644E-01
    0.1418786693        0.7852341250E-02   -0.6875160483E-01    0.3741291584E-01    0.3905328277E-01
    0.1438356164        0.7094991508E-02   -0.6667336986E-01    0.3844765343E-01    0.3732812618E-01
    0.1457925636        0.6299656576E-02   -0.6456843217E-01    0.3947036305E-01    0.3557261997E-01
    0.1477495108        0.5467058281E-02   -0.6243808469E-01    0.4048042719E-01    0.3378792335E-01
    0.1497064579        0.4597987407E-02   -0.6028365994E-01    0.4147722229E-01    0.3197525052E-01
    0.1516634051        0.3693302628E-02   -0.5810652939E-01    0.4246011961E-01    0.3013586961E-01
    0.1536203523        0.2753929403E-02   -0.5590810256E-01    0.4342848613E-01    0.2827110158E-01
    0.1555772994        0.1780858663E-02   -0.5368982618E-01    0.4438168548E-01    0.2638231891E-01
    0.1575342466        0.7751454811E-03   -0.5145318308E-01    0.4531907886E-01    0.2447094428E-01
    0.1594911937       -0.2620924771E-03   -0.4919969123E-01    0.4624002595E-01    0.2253844908E-01
    0.1614481409       -0.1329676513E-02   -0.4693090242E-01    0.4714388587E-01    0.2058635189E-01
    0.1634050881       -0.2426368663E-02   -0.4464840109E-01    0.4803001811E-01    0.1861621677E-01
    0.1653620352       -0.3550873477E-02   -0.4235380289E-01    0.4889778346E-01    0.1662965155E-01
    0.1673189824       -0.4701840002E-02   -0.4004875332E-01    0.4974654500E-01    0.1462830592E-01
    0.1692759295       -0.5877863770E-02   -0.3773492612E-01    0.5057566898E-01    0.1261386952E-01
    0.1712328767       -0.7077488976E-02   -0.3541402172E-01    0.5138452580E-01    0.1058806993E-01
    0.1731898239       -0.8299210662E-02   -0.3308776550E-01    0.5217249099E-01    0.8552670447E-02
    0.1751467710       -0.9541477085E-02   -0.3075790606E-01    0.5293894604E-01    0.6509467991E-02
    0.1771037182       -0.1080269212E-01   -0.2842621345E-01    0.5368327975E-01    0.4460290769E-02
    0.1790606654       -0.1208121827E-01   -0.2609447863E-01    0.5440489181E-01    0.2406996120E-02
    0.1810176125       -0.1337537975E-01   -0.2376451188E-01    0.5510319601E-01    0.3514678288E-03
    0.1829745597       -0.1468346564E-01   -0.2143814041E-01    0.5577762163E-01   -0.1704386951E-02
    0.1849315068       -0.1600373300E-01   -0.1911720535E-01    0.5642761442E-01   -0.3758640897E-02
    0.1868884540       -0.1733441007E-01   -0.1680355907E-01    0.5705263773E-01   -0.5809349755E-02
    0.1888454012       -0.1867369951E-01   -0.1449906217E-01    0.5765217353E-01   -0.7854555633E-02
    0.1908023483       -0.2001978177E-01   -0.1220558067E-01    0.5822572336E-01   -0.9892290340E-02
    0.1927592955       -0.2137081845E-01   -0.9924982895E-02    0.5877280932E-01   -0.1192057876E-01
    0.1947162427       -0.2272495571E-01   -0.7659136629E-02    0.5929297495E-01   -0.1393744222E-01
    0.1966731898       -0.2408032770E-01   -0.5409905940E-02    0.5978578616E-01   -0.1594090198E-01
    0.1986301370       -0.2543506005E-01   -0.3179148306E-02    0.6025083201E-01   -0.1792898257E-01
    0.2005870841       -0.2678727337E-01   -0.9687114113E-03    0.6068772555E-01   -0.1989971530E-01
    0.2025440313       -0.2813508673E-01    0.1219569729E-02    0.6109610452E-01   -0.2185114162E-01
    0.2045009785       -0.2947662113E-01    0.3383875969E-02    0.6147563208E-01   -0.2378131663E-01
    0.2064579256       -0.3081000306E-01    0.5522406887E-02    0.6182599744E-01   -0.2568831236E-01
    0.2084148728       -0.3213336786E-01    0.7633383949E-02    0.6214691647E-01   -0.2757022124E-01
    0.2103718200       -0.3344486329E-01    0.9715053305E-02    0.6243813227E-01   -0.2942515936E-01
    0.2123287671       -0.3474265284E-01    0.1176568890E-01    0.6269941563E-01   -0.3125126981E-01
    0.2142857143       -0.3602491915E-01    0.1378359517E-01    0.6293056548E-01   -0.3304672586E-01
    0.2162426614       -0.3728986731E-01    0.1576711008E-01    0.6313140932E-01   -0.3480973420E-01
    0.2181996086       -0.3853572813E-01    0.1771460770E-01    0.6330180350E-01   -0.3653853797E-01
    0.2201565558       -0.3976076134E-01    0.1962450112E-01    0.6344163353E-01   -0.3823141985E-01
    0.2221135029       -0.4096325868E-01    0.2149524491E-01    0.6355081429E-01   -0.3988670501E-01
    0.2240704501       -0.4214154700E-01    0.2332533782E-01    0.6362929023E-01   -0.4150276392E-01
    0.2260273973       -0.4329399119E-01    0.2511332518E-01    0.6367703546E-01   -0.4307801519E-01
    0.2279843444       -0.4441899808E-01    0.2685780202E-01    0.6369405547E-01   -0.4461092936E-01
    0.2299412916       -0.4551502248E-01    0.2855741742E-01    0.6368039212E-01   -0.4610003500E-01
    0.2318982387       -0.4658057109E-01    0.3021087792E-01    0.6363612499E-01   -0.4754392274E-01
    0.2338551859       -0.4761420545E-01    0.3181695001E-01    0.6356137129E-01   -0.4894124803E-01
    0.2358121331       -0.4861454464E-01    0.3337446279E-01    0.6345628556E-01   -0.5029073390E-01
    0.2377690802       -0.4958026799E-01    0.3488231012E-01    0.6332105942E-01   -0.5159117339E-01
    0.2397260274       -0.5051011740E-01    0.3633945295E-01    0.6315592108E-01   -0.5284143191E-01
    0.2416829746       -0.5140289976E-01    0.3774492112E-01    0.6296113492E-01   -0.5404044936E-01
    0.2436399217       -0.5225748891E-01    0.3909781538E-01    0.6273700090E-01   -0.5518724202E-01
    0.2455968689       -0.5307282768E-01    0.4039730881E-01    0.6248385389E-01   -0.5628090437E-01
    0.2475538160       -0.5384792953E-01    0.4164264845E-01    0.6220206300E-01   -0.5732061053E-01
    0.2495107632       -0.5458188020E-01    0.4283315641E-01    0.6189203075E-01   -0.5830561565E-01
    0.2514677104       -0.5527383898E-01    0.4396823109E-01    0.6155419220E-01   -0.5923525703E-01
    0.2534246575       -0.5592303996E-01    0.4504734788E-01    0.6118901406E-01   -0.6010895500E-01
    0.2553816047       -0.5652879290E-01    0.4607006003E-01    0.6079699365E-01   -0.6092621363E-01
    0.2573385519       -0.5709048412E-01    0.4703599896E-01    0.6037865788E-01   -0.6168662124E-01
    0.2592954990       -0.5760757696E-01    0.4794487474E-01    0.5993456207E-01   -0.6238985067E-01
    0.2612524462       -0.5807961226E-01    0.4879647600E-01    0.5946528885E-01   -0.6303565933E-01
    0.2632093933       -0.5850620846E-01    0.4959067004E-01    0.5897144687E-01   -0.6362388908E-01
    0.2651663405       -0.5888706164E-01    0.5032740233E-01    0.5845366956E-01   -0.6415446585E-01
    0.2671232877       -0.5922194527E-01    0.5100669626E-01    0.5791261379E-01   -0.6462739913E-01
    0.2690802348       -0.5951070983E-01    0.5162865227E-01    0.5734895849E-01   -0.6504278117E-01
    0.2710371820       -0.5975328219E-01    0.5219344723E-01    0.5676340327E-01   -0.6540078606E-01
    0.2729941292       -0.5994966490E-01    0.5270133321E-01    0.5615666701E-01   -0.6570166856E-01
    0.2749510763       -0.6009993511E-01    0.5315263644E-01    0.5552948626E-01   -0.6594576275E-01
    0.2769080235       -0.6020424401E-01    0.5354775623E-01    0.5488261433E-01   -0.6613348103E-01
    0.2788649706       -0.6026282024E-01    0.5388716783E-01    0.5421682379E-01   -0.6626531748E-01
    0.2808219178       -0.6027597351E-01    0.5417142510E-01    0.5353290923E-01   -0.6634185132E-01
    0.2827788650       -0.6024409355E-01    0.5440115958E-01    0.5283168585E-01   -0.6636374560E-01
    0.2847358121       -0.6016764821E-01    0.5457707828E-01    0.5211398748E-01   -0.6633174486E-01
    0.2866927593       -0.6004718134E-01    0.5469996181E-01    0.5138066462E-01   -0.6624667274E-01
    0.2886497065       -0.5988331064E-01    0.5477066179E-01    0.5063258244E-01   -0.6610942928E-01
    0.2906066536       -0.5967672510E-01    0.5479009867E-01    0.4987061881E-01   -0.6592098815E-01
    0.2925636008       -0.5942818253E-01    0.5475925874E-01    0.4909566225E-01   -0.6568239359E-01
    0.2945205479       -0.5913850665E-01    0.5467919157E-01    0.4830860994E-01   -0.6539475726E-01
    0.2964774951       -0.5880858432E-01    0.5455100680E-01    0.4751036574E-01   -0.6505925492E-01
    0.2984344423       -0.5843936235E-01    0.5437587125E-01    0.4670183817E-01   -0.6467712295E-01
    0.3003913894       -0.5803184443E-01    0.5415500541E-01    0.4588393845E-01   -0.6424965475E-01
    0.3023483366       -0.5758708775E-01    0.5388968038E-01    0.4505757857E-01   -0.6377819709E-01
    0.3043052838       -0.5710619971E-01    0.5358121413E-01    0.4422366932E-01   -0.6326414623E-01
    0.3062622309       -0.5659033432E-01    0.5323096821E-01    0.4338311845E-01   -0.6270894411E-01
    0.3082191781       -0.5604068875E-01    0.5284034389E-01    0.4253682881E-01   -0.6211407434E-01
    0.3101761252       -0.5545849964E-01    0.5241077877E-01    0.4168569651E-01   -0.6148105824E-01
    0.3121330724       -0.5484503951E-01    0.5194374273E-01    0.4083060921E-01   -0.6081145072E-01
    0.3140900196       -0.5420161296E-01    0.5144073454E-01    0.3997244437E-01   -0.6010683628E-01
    0.3160469667       -0.5352955304E-01    0.5090327771E-01    0.3911206765E-01   -0.5936882487E-01
    0.3180039139       -0.5283021745E-01    0.5033291707E-01    0.3825033126E-01   -0.5859904780E-01
    0.3199608611       -0.5210498486E-01    0.4973121469E-01    0.3738807249E-01   -0.5779915364E-01
    0.3219178082       -0.5135525110E-01    0.4909974637E-01    0.3652611220E-01   -0.5697080422E-01
    0.3238747554       -0.5058242562E-01    0.4844009768E-01    0.3566525348E-01   -0.5611567057E-01
    0.3258317025       -0.4978792767E-01    0.4775386056E-01    0.3480628029E-01   -0.5523542897E-01
    0.3277886497       -0.4897318465E-01    0.4704263109E-01    0.3394995756E-01   -0.5433175912E-01
    0.3297455969       -0.4813963527E-01    0.4630801288E-01    0.3309703478E-01   -0.5340634806E-01
    0.3317025440       -0.4728872820E-01    0.4555161512E-01    0.3224824624E-01   -0.5246088867E-01
    0.3336594912       -0.4642191803E-01    0.4477504915E-01    0.3140430941E-01   -0.5149707550E-01
    0.3356164384       -0.4554066145E-01    0.4397992409E-01    0.3056592354E-01   -0.5051660041E-01
    0.3375733855       -0.4464641325E-01    0.4316784349E-01    0.2973376810E-01   -0.4952114848E-01
    0.3395303327       -0.4374062271E-01    0.4234040114E-01    0.2890850156E-01   -0.4851239390E-01
    0.3414872798       -0.4282472972E-01    0.4149917787E-01    0.2809076009E-01   -0.4749199600E-01
    0.3434442270       -0.4190016145E-01    0.4064573760E-01    0.2728115647E-01   -0.4646159544E-01
    0.3454011742       -0.4096832870E-01    0.3978162438E-01    0.2648027901E-01   -0.4542281054E-01
    0.3473581213       -0.4003062282E-01    0.3890835867E-01    0.2568869069E-01   -0.4437723375E-01
    0.3493150685       -0.3908841232E-01    0.3802743473E-01    0.2490692826E-01   -0.4332642825E-01
    0.3512720157       -0.3814304014E-01    0.3714031711E-01    0.2413550157E-01   -0.4227192480E-01
    0.3532289628       -0.3719582054E-01    0.3624843838E-01    0.2337489290E-01   -0.4121521869E-01
    0.3551859100       -0.3624803666E-01    0.3535319600E-01    0.2262555651E-01   -0.4015776689E-01
    0.3571428571       -0.3530093783E-01    0.3445595031E-01    0.2188791812E-01   -0.3910098547E-01
    0.3590998043       -0.3435573743E-01    0.3355802177E-01    0.2116237470E-01   -0.3804624708E-01
    0.3610567515       -0.3341361056E-01    0.3266068937E-01    0.2044929415E-01   -0.3699487875E-01
    0.3630136986       -0.3247569223E-01    0.3176518812E-01    0.1974901524E-01   -0.3594815980E-01
    0.3649706458       -0.3154307547E-01    0.3087270791E-01    0.1906184751E-01   -0.3490732004E-01
    0.3669275930       -0.3061680985E-01    0.2998439134E-01    0.1838807140E-01   -0.3387353807E-01
    0.3688845401       -0.2969789995E-01    0.2910133298E-01    0.1772793831E-01   -0.3284793990E-01
    0.3708414873       -0.2878730428E-01    0.2822457752E-01    0.1708167087E-01   -0.3183159764E-01
    0.3727984344       -0.2788593409E-01    0.2735511942E-01    0.1644946323E-01   -0.3082552856E-01
    0.3747553816       -0.2699465267E-01    0.2649390141E-01    0.1583148143E-01   -0.2983069410E-01
    0.3767123288       -0.2611427477E-01    0.2564181481E-01    0.1522786399E-01   -0.2884799968E-01
    0.3786692759       -0.2524556932E-01    0.2479970127E-01    0.1463872421E-01   -0.2787829740E-01
    0.3806262231       -0.2438926260E-01    0.2396835689E-01    0.1406415283E-01   -0.2692239000E-01
    0.3825831703       -0.2354603823E-01    0.2314853123E-01    0.1350421862E-01   -0.2598103054E-01
    0.3845401174       -0.2271653602E-01    0.2234092723E-01    0.1295896843E-01   -0.2505492159E-01
    0.3864970646       -0.2190135177E-01    0.2154619998E-01    0.1242842760E-01   -0.2414471466E-01
    0.3884540117       -0.2110103654E-01    0.2076495709E-01    0.1191260021E-01   -0.2325100985E-01
    0.3904109589       -0.2031609678E-01    0.1999775770E-01    0.1141146964E-01   -0.2237435563E-01
    0.3923679061       -0.1954699396E-01    0.1924511334E-01    0.1092499896E-01   -0.2151524889E-01
    0.3943248532       -0.1879414506E-01    0.1850748714E-01    0.1045313163E-01   -0.2067413508E-01
    0.3962818004       -0.1805792251E-01    0.1778529506E-01    0.9995791988E-02   -0.1985140859E-01
    0.3982387476       -0.1733865503E-01    0.1707890540E-01    0.9552886077E-02   -0.1904741324E-01
    0.4001956947       -0.1663662787E-01    0.1638864036E-01    0.9124302270E-02   -0.1826244300E-01
    0.4021526419       -0.1595208391E-01    0.1571477569E-01    0.8709912158E-02   -0.1749674269E-01
    0.4041095890       -0.1528522419E-01    0.1505754266E-01    0.8309571269E-02   -0.1675050907E-01
    0.4060665362       -0.1463620933E-01    0.1441712785E-01    0.7923120041E-02   -0.1602389179E-01
    0.4080234834       -0.1400516020E-01    0.1379367537E-01    0.7550384595E-02   -0.1531699463E-01
    0.4099804305       -0.1339215960E-01    0.1318728680E-01    0.7191177779E-02   -0.1462987676E-01
    0.4119373777       -0.1279725322E-01    0.1259802370E-01    0.6845299982E-02   -0.1396255418E-01
    0.4138943249       -0.1222045140E-01    0.1202590754E-01    0.6512540224E-02   -0.1331500106E-01
    0.4158512720       -0.1166173031E-01    0.1147092252E-01    0.6192676997E-02   -0.1268715141E-01
    0.4178082192       -0.1112103389E-01    0.1093301547E-01    0.5885479382E-02   -0.1207890055E-01
    0.4197651663       -0.1059827513E-01    0.1041209888E-01    0.5590707904E-02   -0.1149010685E-01
    0.4217221135       -0.1009333818E-01    0.9908050771E-02    0.5308115666E-02   -0.1092059330E-01
    0.4236790607       -0.9606079662E-02    0.9420717876E-02    0.5037449193E-02   -0.1037014932E-01
    0.4256360078       -0.9136330991E-02    0.8949915420E-02    0.4778449579E-02   -0.9838532378E-02
    0.4275929550       -0.8683900237E-02    0.8495431052E-02    0.4530853614E-02   -0.9325470437E-02
    0.4295499022       -0.8248577347E-02    0.8057027110E-02    0.4294396356E-02   -0.8830666509E-02
    0.4315068493       -0.7830136126E-02    0.7634444815E-02    0.4068812282E-02   -0.8353801193E-02
    0.4334637965       -0.7428336253E-02    0.7227403035E-02    0.3853836131E-02   -0.7894533594E-02
    0.4354207436       -0.7042923924E-02    0.6835601333E-02    0.3649203341E-02   -0.7452502416E-02
    0.4373776908       -0.6673634025E-02    0.6458718444E-02    0.3454650935E-02   -0.7027326834E-02
    0.4393346380       -0.6320190824E-02    0.6096415585E-02    0.3269917972E-02   -0.6618607637E-02
    0.4412915851       -0.5982310374E-02    0.5748334619E-02    0.3094746508E-02   -0.6225928091E-02
    0.4432485323       -0.5659701230E-02    0.5414101636E-02    0.2928882058E-02   -0.5848855087E-02
    0.4452054795       -0.5352067091E-02    0.5093324688E-02    0.2772074633E-02   -0.5486939948E-02
    0.4471624266       -0.5059107501E-02    0.4785597657E-02    0.2624079196E-02   -0.5139719539E-02
    0.4491193738       -0.4780520753E-02    0.4490497444E-02    0.2484656783E-02   -0.4806716968E-02
    0.4510763209       -0.4516004555E-02    0.4207588137E-02    0.2353574953E-02   -0.4487442621E-02
    0.4530332681       -0.4265259220E-02    0.3936417502E-02    0.2230608999E-02   -0.4181394706E-02
    0.4549902153       -0.4027988276E-02    0.3676521519E-02    0.2115542391E-02   -0.3888060169E-02
    0.4569471624       -0.3803902006E-02    0.3427419967E-02    0.2008168095E-02   -0.3606915034E-02
    0.4589041096       -0.3592717967E-02    0.3188621413E-02    0.1908289005E-02   -0.3337425158E-02
    0.4608610568       -0.3394164969E-02    0.2959617654E-02    0.1815719412E-02   -0.3079046311E-02
    0.4628180039       -0.3207983482E-02    0.2739889288E-02    0.1730285412E-02   -0.2831224739E-02
    0.4647749511       -0.3033930178E-02    0.2528898678E-02    0.1651826572E-02   -0.2593396913E-02
    0.4667318982       -0.2871778182E-02    0.2326096322E-02    0.1580196317E-02   -0.2364989867E-02
    0.4686888454       -0.2721322371E-02    0.2130911882E-02    0.1515263850E-02   -0.2145420544E-02
    0.4706457926       -0.2582379403E-02    0.1942761683E-02    0.1456914516E-02   -0.1934095877E-02
    0.4726027397       -0.2454794046E-02    0.1761037157E-02    0.1405052069E-02   -0.1730411639E-02
    0.4745596869       -0.2338438878E-02    0.1585114006E-02    0.1359598990E-02   -0.1533752237E-02
    0.4765166341       -0.2233222057E-02    0.1414337070E-02    0.1320499235E-02   -0.1343488958E-02
    0.4784735812       -0.2139086469E-02    0.1248032093E-02    0.1287718457E-02   -0.1158979446E-02
    0.4804305284       -0.2056019590E-02    0.1085485394E-02    0.1261247449E-02   -0.9795651899E-03
    0.4823874755       -0.1984051652E-02    0.9259599353E-03    0.1241102154E-02   -0.8045707007E-03
    0.4843444227       -0.1923268667E-02    0.7686669886E-03    0.1227328142E-02   -0.6332999801E-03
    0.4863013699       -0.1873808673E-02    0.6127898372E-03    0.1220000144E-02   -0.4650354968E-03
    0.4882583170       -0.1835879956E-02    0.4574419526E-03    0.1219228193E-02   -0.2990332140E-03
    0.4902152642       -0.1809753080E-02    0.3017057869E-03    0.1225156018E-02   -0.1345216589E-03
    0.4921722114       -0.1795788843E-02    0.1445647682E-03    0.1237970225E-02    0.2930534935E-04
    0.4941291585       -0.1794419487E-02   -0.1502253183E-04    0.1257895604E-02    0.1932885257E-03
    0.4960861057       -0.1806199997E-02   -0.1782552714E-03    0.1285211436E-02    0.3583151270E-03
    0.4980430528       -0.1831750982E-02   -0.3463007613E-03    0.1320235532E-02    0.5253130947E-03
    0.5000000000       -0.1871911138E-02   -0.5207097787E-03    0.1363370911E-02    0.6952814488E-03
