   -0.5000000000        -3.679522938         3.366468340        -3.644788502         3.196678804        -3.633103561         2.955977475    
   -0.4980430528        -3.679522938         3.366468340        -3.659424976         3.198801946        -3.647324656         2.959128602    
   -0.4960861057        -3.679522938         3.366468340        -3.673589637         3.199812276        -3.661395901         2.960620768    
   -0.4941291585        -3.679522938         3.366468340        -3.687393943         3.199771734        -3.675385557         2.960518874    
   -0.4921722114        -3.679522938         3.366468340        -3.700916450         3.198727617        -3.689356739         2.958872428    
   -0.4902152642        -3.679522938         3.366468340        -3.714239866         3.196723332        -3.703369385         2.955728371    
   -0.4882583170        -3.679522938         3.366468340        -3.727433656         3.193794393        -3.717479808         2.951125922    
   -0.4863013699        -3.679522938         3.366468340        -3.740565743         3.189972022        -3.731741432         2.945100824    
   -0.4843444227        -3.679522938         3.366468340        -3.753695574         3.185281860        -3.746204724         2.937683585    
   -0.4823874755        -3.679522938         3.366468340        -3.766880030         3.179745945        -3.760917620         2.928901795    
   -0.4804305284        -3.679522938         3.366468340        -3.780169724         3.173382190        -3.775925529         2.918779374    
   -0.4784735812        -3.679522938         3.366468340        -3.793612602         3.166205685        -3.791271603         2.907338108    
   -0.4765166341        -3.679522938         3.366468340        -3.807251635         3.158228480        -3.806996753         2.894597314    
   -0.4745596869        -3.679522938         3.366468340        -3.821127238         3.149460524        -3.823139823         2.880574965    
   -0.4726027397        -3.679522938         3.366468340        -3.835275686         3.139909585        -3.839737588         2.865287561    
   -0.4706457926        -3.679522938         3.366468340        -3.849730831         3.129581975        -3.856824868         2.848751011    
   -0.4686888454        -3.679522938         3.366468340        -3.864522938         3.118482533        -3.874434506         2.830980607    
   -0.4667318982        -3.679522938         3.366468340        -3.879679956         3.106615204        -3.892597430         2.811991743    
   -0.4647749511        -3.679522938         3.366468340        -3.895226610         3.093983063        -3.911342613         2.791799949    
   -0.4628180039        -3.679522938         3.366468340        -3.911185369         3.080588789        -3.930697103         2.770421494    
   -0.4608610568        -3.679522938         3.366468340        -3.927575711         3.066434702        -3.950685960         2.747873450    
   -0.4589041096        -3.679522938         3.366468340        -3.944414873         3.051523168        -3.971332260         2.724174207    
   -0.4569471624        -3.679522938         3.366468340        -3.961717239         3.035856641        -3.992657024         2.699343551    
   -0.4549902153        -3.679522938         3.366468340        -3.979494932         3.019438012        -4.014679192         2.673403106    
   -0.4530332681        -3.679522938         3.366468340        -3.997757289         3.002270653        -4.037415549         2.646376414    
   -0.4510763209        -3.679522938         3.366468340        -4.016511342         2.984358713        -4.060880684         2.618289313    
   -0.4491193738        -3.679522938         3.366468340        -4.035761357         2.965707171        -4.085086907         2.589170014    
   -0.4471624266        -3.679522938         3.366468340        -4.055509230         2.946322085        -4.110044201         2.559049424    
   -0.4452054795        -3.679522938         3.366468340        -4.075754086         2.926210638        -4.135760139         2.527961203    
   -0.4432485323        -3.679522938         3.366468340        -4.096492607         2.905381361        -4.162239830         2.495942034    
   -0.4412915851        -3.679522938         3.366468340        -4.117718679         2.883844160        -4.189485837         2.463031669    
   -0.4393346380        -3.679522938         3.366468340        -4.139423675         2.861610514        -4.217498127         2.429273138    
   -0.4373776908        -3.679522938         3.366468340        -4.161596148         2.838693491        -4.246273997         2.394712772    
   -0.4354207436        -3.679522938         3.366468340        -4.184222077         2.815107910        -4.275808021         2.359400362    
   -0.4334637965        -3.679522938         3.366468340        -4.207284599         2.790870351        -4.306091995         2.323389150    
   -0.4315068493        -3.679522938         3.366468340        -4.230764238         2.765999279        -4.337114890         2.286735939    
   -0.4295499022        -3.679522938         3.366468340        -4.254638671         2.740515047        -4.368862808         2.249501047    
   -0.4275929550        -3.679522938         3.366468340        -4.278882944         2.714439984        -4.401318955         2.211748366    
   -0.4256360078        -3.679522938         3.366468340        -4.303469281         2.687798379        -4.434463609         2.173545277    
   -0.4236790607        -3.679522938         3.366468340        -4.328367279         2.660616552        -4.468274104         2.134962670    
   -0.4217221135        -3.679522938         3.366468340        -4.353543665         2.632922919        -4.502724703         2.096074999    
   -0.4197651663        -3.679522938         3.366468340        -4.378962264         2.604748274        -4.537786325         2.056960666    
   -0.4178082192        -3.679522938         3.366468340        -4.404583801         2.576125827        -4.573426450         2.017702004    
   -0.4158512720        -3.679522938         3.366468340        -4.430366068         2.547091249        -4.609609096         1.978385236    
   -0.4138943249        -3.679522938         3.366468340        -4.456263796         2.517682644        -4.646294787         1.939100339    
   -0.4119373777        -3.679522938         3.366468340        -4.482228831         2.487940570        -4.683440554         1.899940958    
   -0.4099804305        -3.679522938         3.366468340        -4.508210047         2.457907985        -4.720999934         1.861004221    
   -0.4080234834        -3.679522938         3.366468340        -4.534153524         2.427630244        -4.758922986         1.822390601    
   -0.4060665362        -3.679522938         3.366468340        -4.560002498         2.397155015        -4.797156320         1.784203689    
   -0.4041095890        -3.679522938         3.366468340        -4.585697563         2.366532255        -4.835643141         1.746550008    
   -0.4021526419        -3.679522938         3.366468340        -4.611176646         2.335814098        -4.874323307         1.709538731    
   -0.4001956947        -3.679522938         3.366468340        -4.636375229         2.305054797        -4.913133404         1.673281454    
   -0.3982387476        -3.679522938         3.366468340        -4.661226362         2.274310593        -4.952006829         1.637891869    
   -0.3962818004        -3.679522938         3.366468340        -4.685660904         2.243639625        -4.990873897         1.603485483    
   -0.3943248532        -3.679522938         3.366468340        -4.709607566         2.213101775        -5.029661961         1.570179261    
   -0.3923679061        -3.679522938         3.366468340        -4.732993174         2.182758546        -5.068295546         1.538091294    
   -0.3904109589        -3.679522938         3.366468340        -4.755742747         2.152672885        -5.106696499         1.507340400    
   -0.3884540117        -3.679522938         3.366468340        -4.777779775         2.122909034        -5.144784159         1.478045763    
   -0.3864970646        -3.679522938         3.366468340        -4.799026336         2.093532327        -5.182475537         1.450326497    
   -0.3845401174        -3.679522938         3.366468340        -4.819403385         2.064609019        -5.219685514         1.424301247    
   -0.3825831703        -3.679522938         3.366468340        -4.838830902         2.036206056        -5.256327054         1.400087732    
   -0.3806262231        -3.679522938         3.366468340        -4.857228197         2.008390884        -5.292311432         1.377802320    
   -0.3786692759        -3.679522938         3.366468340        -4.874514089         1.981231202        -5.327548475         1.357559546    
   -0.3767123288        -3.679522938         3.366468340        -4.890607221         1.954794746        -5.361946814         1.339471673    
   -0.3747553816        -3.679522938         3.366468340        -4.905426257         1.929149027        -5.395414156         1.323648194    
   -0.3727984344        -3.679522938         3.366468340        -4.918890193         1.904361131        -5.427857522         1.310195430    
   -0.3708414873        -3.679522938         3.366468340        -4.930918357         1.880497686        -5.459183251         1.299216367    
   -0.3688845401        -3.679522938         3.366468340        -4.941430609         1.857624800        -5.489297076         1.290810447    
   -0.3669275930        -3.679522938         3.366468340        -4.950347536         1.835807820        -5.518104385         1.285073111    
   -0.3649706458        -3.679522938         3.366468340        -4.957590795         1.815111091        -5.545510518         1.282095352    
   -0.3630136986        -3.679522938         3.366468340        -4.963083341         1.795597694        -5.571421057         1.281963238    
   -0.3610567515        -3.679522938         3.366468340        -4.966749776         1.777329195        -5.595742146         1.284757479    
   -0.3590998043        -3.679522938         3.366468340        -4.968516582         1.760365378        -5.618380797         1.290552957    
   -0.3571428571        -3.679522938         3.366468340        -4.968312474         1.744763995        -5.639245216         1.299418314    
   -0.3551859100        -3.679522938         3.366468340        -4.966068643         1.730580493        -5.658245131         1.311415505    
   -0.3532289628        -3.679522938         3.366468340        -4.961719097         1.717867767        -5.675292120         1.326599405    
   -0.3512720157        -3.679522938         3.366468340        -4.955200909         1.706675894        -5.690299945         1.345017404    
   -0.3493150685        -3.679522938         3.366468340        -4.946454552         1.697051889        -5.703184888         1.366709043    
   -0.3473581213        -3.679522938         3.366468340        -4.935424136         1.689039448        -5.713866081         1.391705651    
   -0.3454011742        -3.679522938         3.366468340        -4.922057733         1.682678720        -5.722265843         1.420030026    
   -0.3434442270        -3.679522938         3.366468340        -4.906307601         1.678006057        -5.728310004         1.451696122    
   -0.3414872798        -3.679522938         3.366468340        -4.888130491         1.675053806        -5.731928234         1.486708785    
   -0.3395303327        -3.679522938         3.366468340        -4.867487858         1.673850081        -5.733054356         1.525063493    
   -0.3375733855        -3.679522938         3.366468340        -4.844346135         1.674418572        -5.731626660         1.566746159    
   -0.3356164384        -3.679522938         3.366468340        -4.818676928         1.676778342        -5.727588203         1.611732936    
   -0.3336594912        -3.679522938         3.366468340        -4.790457260         1.680943665        -5.720887096         1.659990085    
   -0.3317025440        -3.679522938         3.366468340        -4.759669736         1.686923850        -5.711476786         1.711473854    
   -0.3297455969        -3.679522938         3.366468340        -4.726302755         1.694723106        -5.699316317         1.766130421    
   -0.3277886497        -3.679522938         3.366468340        -4.690350640         1.704340407        -5.684370578         1.823895851    
   -0.3258317025        -3.679522938         3.366468340        -4.651813813         1.715769386        -5.666610537         1.884696117    
   -0.3238747554        -3.679522938         3.366468340        -4.610698885         1.728998240        -5.646013449         1.948447139    
   -0.3219178082        -3.679522938         3.366468340        -4.567018740         1.744009749        -5.622562950         2.015054962    
   -0.3199608611        -3.679522938         3.366468340        -4.520792469         1.760781438        -5.596248954         2.084416064    
   -0.3180039139        -3.679522938         3.366468340        -4.472045449         1.779285607        -5.567067747         2.156417542    
   -0.3160469667        -3.679522938         3.366468340        -4.420809385         1.799489292        -5.535022146         2.230937274    
   -0.3140900196        -3.679522938         3.366468340        -4.367122394         1.821354276        -5.500121629         2.307844123    
   -0.3121330724        -3.679522938         3.366468340        -4.311028999         1.844837085        -5.462382452         2.386998168    
   -0.3101761252        -3.679522938         3.366468340        -4.252580172         1.869889037        -5.421827744         2.468250991    
   -0.3082191781        -3.679522938         3.366468340        -4.191833291         1.896456285        -5.378487579         2.551445978    
   -0.3062622309        -3.679522938         3.366468340        -4.128852133         1.924479898        -5.332399027         2.636418680    
   -0.3043052838        -3.679522938         3.366468340        -4.063706792         1.953895950        -5.283606185         2.722997183    
   -0.3023483366        -3.679522938         3.366468340        -3.996473626         1.984635641        -5.232160179         2.811002543    
   -0.3003913894        -3.679522938         3.366468340        -3.927235128         2.016625423        -5.178119145         2.900249226    
   -0.2984344423        -3.679522938         3.366468340        -3.856079832         2.049787169        -5.121548191         2.990545600    
   -0.2964774951        -3.679522938         3.366468340        -3.783102135         2.084038333        -5.062519327         3.081694446    
   -0.2945205479        -3.679522938         3.366468340        -3.708402164         2.119292157        -5.001111373         3.173493503    
   -0.2925636008        -3.679522938         3.366468340        -3.632085553         2.155457875        -4.937409848         3.265736039    
   -0.2906066536        -3.679522938         3.366468340        -3.554263260         2.192440953        -4.871506827         3.358211450    
   -0.2886497065        -3.679522938         3.366468340        -3.475051313         2.230143329        -4.803500779         3.450705868    
   -0.2866927593        -3.679522938         3.366468340        -3.394570579         2.268463689        -4.733496381         3.543002815    
   -0.2847358121        -3.679522938         3.366468340        -3.312946472         2.307297743        -4.661604303         3.634883847    
   -0.2827788650        -3.679522938         3.366468340        -3.230308684         2.346538524        -4.587940981         3.726129236    
   -0.2808219178        -3.679522938         3.366468340        -3.146790859         2.386076699        -4.512628357         3.816518648    
   -0.2788649706        -3.679522938         3.366468340        -3.062530285         2.425800895        -4.435793603         3.905831846    
   -0.2769080235        -3.679522938         3.366468340        -2.977667541         2.465598031        -4.357568824         3.993849389    
   -0.2749510763        -3.679522938         3.366468340        -2.892346154         2.505353667        -4.278090742         4.080353341    
   -0.2729941292        -3.679522938         3.366468340        -2.806712229         2.544952368        -4.197500351         4.165127972    
   -0.2710371820        -3.679522938         3.366468340        -2.720914164         2.584278140        -4.115942531         4.247960402    
   -0.2690802348        -3.679522938         3.366468340        -2.635102353         2.623214853        -4.033565659         4.328641212    
   -0.2671232877        -3.679522938         3.366468340        -2.549428853         2.661646611        -3.950521268         4.406965099    
   -0.2651663405        -3.679522938         3.366468340        -2.464047010         2.699458104        -3.866963689         4.482731517    
   -0.2632093933        -3.679522938         3.366468340        -2.379111109         2.736534970        -3.783049684         4.555745325    
   -0.2612524462        -3.679522938         3.366468340        -2.294775983         2.772764161        -3.698938073         4.625817404    
   -0.2592954990        -3.679522938         3.366468340        -2.211196655         2.808034301        -3.614789343         4.692765278    
   -0.2573385519        -3.679522938         3.366468340        -2.128527941         2.842236051        -3.530765251         4.756413695    
   -0.2553816047        -3.679522938         3.366468340        -2.046924084         2.875262468        -3.447028427         4.816595215    
   -0.2534246575        -3.679522938         3.366468340        -1.966538357         2.907009355        -3.363741961         4.873150752    
   -0.2514677104        -3.679522938         3.366468340        -1.887522694         2.937375617        -3.281068992         4.925930110    
   -0.2495107632        -3.679522938         3.366468340        -1.810027297         2.966263599        -3.199172292         4.974792477    
   -0.2475538160        -3.679522938         3.366468340        -1.734200273         2.993579422        -3.118213849         5.019606906    
   -0.2455968689        -3.679522938         3.366468340        -1.660187247         3.019233307        -3.038354449         5.060252753    
   -0.2436399217        -3.679522938         3.366468340        -1.588131010         3.043139892        -2.959753258         5.096620091    
   -0.2416829746        -3.679522938         3.366468340        -1.518171145         3.065218531        -2.882567411         5.128610086    
   -0.2397260274        -3.679522938         3.366468340        -1.450443689         3.085393585        -2.806951600         5.156135339    
   -0.2377690802        -3.679522938         3.366468340        -1.385080774         3.103594696        -2.733057671         5.179120186    
   -0.2358121331        -3.679522938         3.366468340        -1.322210318         3.119757046        -2.661034226         5.197500973    
   -0.2338551859        -3.679522938         3.366468340        -1.261955679         3.133821599        -2.591026232         5.211226276    
   -0.2318982387        -3.679522938         3.366468340        -1.204435372         3.145735326        -2.523174645         5.220257090    
   -0.2299412916        -3.679522938         3.366468340        -1.149762754         3.155451411        -2.457616037         5.224566973    
   -0.2279843444        -3.679522938         3.366468340        -1.098045764         3.162929438        -2.394482245         5.224142152    
   -0.2260273973        -3.679522938         3.366468340        -1.049386642         3.168135554        -2.333900022         5.218981579    
   -0.2240704501        -3.679522938         3.366468340        -1.003881702         3.171042618        -2.275990712         5.209096958    
   -0.2221135029        -3.679522938         3.366468340       -0.9616211365         3.171630324        -2.220869970         5.194512668    
   -0.2201565558        -3.679522938         3.366468340       -0.9226890166         3.169885302        -2.168647586         5.175265560    
   -0.2181996086        -3.679522938         3.366468340       -0.8871631515         3.165801200        -2.119427256         5.151404809    
   -0.2162426614        -3.679522938         3.366468340       -0.8551149431         3.159378740        -2.073306345         5.122991770    
   -0.2142857143        -3.679522938         3.366468340       -0.8266092246         3.150625754        -2.030375657         5.090099802    
   -0.2123287671        -3.679522938         3.366468340       -0.8017041461         3.139557195        -1.990719234         5.052814058    
   -0.2103718200        -3.679522938         3.366468340       -0.7804510476         3.126195131        -1.954414160         5.011231225    
   -0.2084148728        -3.679522938         3.366468340       -0.7628943799         3.110568716        -1.921530393         4.965459254    
   -0.2064579256        -3.679522938         3.366468340       -0.7490716132         3.092714132        -1.892130615         4.915617023    
   -0.2045009785        -3.679522938         3.366468340       -0.7390131939         3.072674520        -1.866270095         4.861834001    
   -0.2025440313        -3.679522938         3.366468340       -0.7327424894         3.050499880        -1.843996581         4.804249852    
   -0.2005870841        -3.679522938         3.366468340       -0.7302757802         3.026246956        -1.825350204         4.743014024    
   -0.1986301370        -3.679522938         3.366468340       -0.7316222409         2.999979093        -1.810363412         4.678285307    
   -0.1966731898        -3.679522938         3.366468340       -0.7367839684         2.971766082        -1.799060913         4.610231360    
   -0.1947162427        -3.679522938         3.366468340       -0.7457559978         2.941683976        -1.791459647         4.539028212    
   -0.1927592955        -3.679522938         3.366468340       -0.7585263651         2.909814891        -1.787568778         4.464859746    
   -0.1908023483        -3.679522938         3.366468340       -0.7750761582         2.876246785        -1.787389701         4.387917149    
   -0.1888454012        -3.679522938         3.366468340       -0.7953796125         2.841073222        -1.790916079         4.308398355    
   -0.1868884540        -3.679522938         3.366468340       -0.8194041950         2.804393112        -1.798133888         4.226507461    
   -0.1849315068        -3.679522938         3.366468340       -0.8471107317         2.766310443        -1.809021494         4.142454128    
   -0.1829745597        -3.679522938         3.366468340       -0.8784535227         2.726933987        -1.823549742         4.056452971    
   -0.1810176125        -3.679522938         3.366468340       -0.9133804995         2.686376998        -1.841682069         3.968722934    
   -0.1790606654        -3.679522938         3.366468340       -0.9518333686         2.644756890        -1.863374632         3.879486657    
   -0.1771037182        -3.679522938         3.366468340       -0.9937477962         2.602194908        -1.888576456         3.788969834    
   -0.1751467710        -3.679522938         3.366468340        -1.039053578         2.558815780        -1.917229603         3.697400568    
   -0.1731898239        -3.679522938         3.366468340        -1.087674856         2.514747366        -1.949269358         3.605008719    
   -0.1712328767        -3.679522938         3.366468340        -1.139530409         2.470120316        -1.984624501         3.512025244    
   -0.1692759295        -3.679522938         3.366468340        -1.194533991         2.425067738        -2.023217602         3.418681558    
   -0.1673189824        -3.679522938         3.366468340        -1.252594540         2.379724830        -2.064965250         3.325208903    
   -0.1653620352        -3.679522938         3.366468340        -1.313616408         2.334228507        -2.109778283         3.231837746    
   -0.1634050881        -3.679522938         3.366468340        -1.377499576         2.288717019        -2.157562030         3.138797168    
   -0.1614481409        -3.679522938         3.366468340        -1.444139888         2.243329573        -2.208216564         3.046314269    
   -0.1594911937        -3.679522938         3.366468340        -1.513429277         2.198205937        -2.261636965         2.954613583    
   -0.1575342466        -3.679522938         3.366468340        -1.585256013         2.153486063        -2.317713592         2.863916506    
   -0.1555772994        -3.679522938         3.366468340        -1.659504932         2.109309689        -2.376332358         2.774440732    
   -0.1536203523        -3.679522938         3.366468340        -1.736057691         2.065815957        -2.437375027         2.686399719    
   -0.1516634051        -3.679522938         3.366468340        -1.814793002         2.023143021        -2.500719498         2.600002154    
   -0.1497064579        -3.679522938         3.366468340        -1.895586891         1.981427671        -2.566240112         2.515451453    
   -0.1477495108        -3.679522938         3.366468340        -1.978312932         1.940804944        -2.633807953         2.432945267    
   -0.1457925636        -3.679522938         3.366468340        -2.062842508         1.901407756        -2.703291157         2.352675020    
   -0.1438356164        -3.679522938         3.366468340        -2.149045047         1.863366528        -2.774555224         2.274825463    
   -0.1418786693        -3.679522938         3.366468340        -2.236788276         1.826808827        -2.847463334         2.199574253    
   -0.1399217221        -3.679522938         3.366468340        -2.325938456         1.791859010        -2.921876661         2.127091558    
   -0.1379647750        -3.679522938         3.366468340        -2.416360631         1.758637880        -2.997654689         2.057539685    
   -0.1360078278        -3.679522938         3.366468340        -2.507918862         1.727262351        -3.074655529         1.991072734    
   -0.1340508806        -3.679522938         3.366468340        -2.600476467         1.697845124        -3.152736233         1.927836283    
   -0.1320939335        -3.679522938         3.366468340        -2.693896243         1.670494369        -3.231753111         1.867967092    
   -0.1301369863        -3.679522938         3.366468340        -2.788040704         1.645313437        -3.311562036         1.811592847    
   -0.1281800391        -3.679522938         3.366468340        -2.882772293         1.622400560        -3.392018754         1.758831917    
   -0.1262230920        -3.679522938         3.366468340        -2.977953608         1.601848591        -3.472979187         1.709793159    
   -0.1242661448        -3.679522938         3.366468340        -3.073447602         1.583744738        -3.554299732         1.664575730    
   -0.1223091977        -3.679522938         3.366468340        -3.169117806         1.568170342        -3.635837552         1.623268965    
   -0.1203522505        -3.679522938         3.366468340        -3.264828520         1.555200705        -3.717450862         1.585952317    
   -0.1183953033        -3.679522938         3.366468340        -3.360445011         1.544904914        -3.798999197         1.552695311    
   -0.1164383562        -3.679522938         3.366468340        -3.455833675         1.537345648        -3.880343666         1.523557481    
   -0.1144814090        -3.679522938         3.366468340        -3.550862208         1.532579013        -3.961347203         1.498588348    
   -0.1125244618        -3.679522938         3.366468340        -3.645399752         1.530654381        -4.041874801         1.477827412    
   -0.1105675147        -3.679522938         3.366468340        -3.739317059         1.531614262        -4.121793746         1.461304184    
   -0.1086105675        -3.679522938         3.366468340        -3.832486624         1.535494180        -4.200973834         1.449038232    
   -0.1066536204        -3.679522938         3.366468340        -3.924782830         1.542322574        -4.279287582         1.441039256    
   -0.1046966732        -3.679522938         3.366468340        -4.016082067         1.552120717        -4.356610430         1.437307189    
   -0.1027397260        -3.679522938         3.366468340        -4.106262871         1.564902654        -4.432820925         1.437832318    
   -0.1007827789        -3.679522938         3.366468340        -4.195206027         1.580675156        -4.507800905         1.442595434    
   -0.9882583170E-01    -3.679522938         3.366468340        -4.282794691         1.599437695        -4.581435661         1.451568000    
   -0.9686888454E-01    -3.679522938         3.366468340        -4.368914483         1.621182437        -4.653614090         1.464712335    
   -0.9491193738E-01    -3.679522938         3.366468340        -4.453453599         1.645894252        -4.724228845         1.481981835    
   -0.9295499022E-01    -3.679522938         3.366468340        -4.536302889         1.673550749        -4.793176456         1.503321195    
   -0.9099804305E-01    -3.679522938         3.366468340        -4.617355960         1.704122323        -4.860357452         1.528666660    
   -0.8904109589E-01    -3.679522938         3.366468340        -4.696509239         1.737572221        -4.925676466         1.557946292    
   -0.8708414873E-01    -3.679522938         3.366468340        -4.773662068         1.773856630        -4.989042319         1.591080255    
   -0.8512720157E-01    -3.679522938         3.366468340        -4.848716756         1.812924781        -5.050368103         1.627981106    
   -0.8317025440E-01    -3.679522938         3.366468340        -4.921578664         1.854719071        -5.109571239         1.668554119    
   -0.8121330724E-01    -3.679522938         3.366468340        -4.992156249         1.899175199        -5.166573521         1.712697599    
   -0.7925636008E-01    -3.679522938         3.366468340        -5.060361136         1.946222327        -5.221301151         1.760303231    
   -0.7729941292E-01    -3.679522938         3.366468340        -5.126108160         1.995783250        -5.273684748         1.811256421    
   -0.7534246575E-01    -3.679522938         3.366468340        -5.189315425         2.047774585        -5.323659346         1.865436659    
   -0.7338551859E-01    -3.679522938         3.366468340        -5.249904338         2.102106977        -5.371164364         1.922717882    
   -0.7142857143E-01    -3.679522938         3.366468340        -5.307799638         2.158685345        -5.416143535         1.982968879    
   -0.6947162427E-01    -3.679522938         3.366468340        -5.362929382         2.217409141        -5.458544789         2.046053692    
   -0.6751467710E-01    -3.679522938         3.366468340        -5.415224985         2.278172605        -5.498320148         2.111831998    
   -0.6555772994E-01    -3.679522938         3.366468340        -5.464621240         2.340865018        -5.535425601         2.180159478    
   -0.6360078278E-01    -3.679522938         3.366468340        -5.511056360         2.405370973        -5.569820949         2.250888183    
   -0.6164383562E-01    -3.679522938         3.366468340        -5.554471993         2.471570650        -5.601469615         2.323866891    
   -0.5968688845E-01    -3.679522938         3.366468340        -5.594813264         2.539340114        -5.630338428         2.398941459    
   -0.5772994129E-01    -3.679522938         3.366468340        -5.632028792         2.608551608        -5.656397369         2.475955145    
   -0.5577299413E-01    -3.679522938         3.366468340        -5.666070724         2.679073869        -5.679619292         2.554748913    
   -0.5381604697E-01    -3.679522938         3.366468340        -5.696894758         2.750772448        -5.699979623         2.635161701    
   -0.5185909980E-01    -3.679522938         3.366468340        -5.724460172         2.823510030        -5.717456065         2.717030636    
   -0.4990215264E-01    -3.679522938         3.366468340        -5.748729847         2.897146778        -5.732028318         2.800191214    
   -0.4794520548E-01    -3.679522938         3.366468340        -5.769670303         2.971540666        -5.743677858         2.884477404    
   -0.4598825832E-01    -3.679522938         3.366468340        -5.787251712         3.046547831        -5.752387795         2.969721722    
   -0.4403131115E-01    -3.679522938         3.366468340        -5.801447944         3.122022924        -5.758142828         3.055755249    
   -0.4207436399E-01    -3.679522938         3.366468340        -5.812236576         3.197819462        -5.760929319         3.142407635    
   -0.4011741683E-01    -3.679522938         3.366468340        -5.819598938         3.273790195        -5.760735453         3.229507106    
   -0.3816046967E-01    -3.679522938         3.366468340        -5.823520125         3.349787459        -5.757551487         3.316880486    
   -0.3620352250E-01    -3.679522938         3.366468340        -5.823989046         3.425663546        -5.751370035         3.404353260    
   -0.3424657534E-01    -3.679522938         3.366468340        -5.820998433         3.501271065        -5.742186381         3.491749678    
   -0.3228962818E-01    -3.679522938         3.366468340        -5.814544889         3.576463309        -5.729998794         3.578892905    
   -0.3033268102E-01    -3.679522938         3.366468340        -5.804628906         3.651094615        -5.714808825         3.665605216    
   -0.2837573386E-01    -3.679522938         3.366468340        -5.791254903         3.725020730        -5.696621586         3.751708235    
   -0.2641878669E-01    -3.679522938         3.366468340        -5.774431251         3.798099166        -5.675445997         3.837023202    
   -0.2446183953E-01    -3.679522938         3.366468340        -5.754170309         3.870189562        -5.651295014         3.921371279    
   -0.2250489237E-01    -3.679522938         3.366468340        -5.730488445         3.941154027        -5.624185824         4.004573874    
   -0.2054794521E-01    -3.679522938         3.366468340        -5.703406065         4.010857509        -5.594140024         4.086452990    
   -0.1859099804E-01    -3.679522938         3.366468340        -5.672947629         4.079168124        -5.561183764         4.166831591    
   -0.1663405088E-01    -3.679522938         3.366468340        -5.639141692         4.145957497        -5.525347890         4.245533985    
   -0.1467710372E-01    -3.679522938         3.366468340        -5.602020923         4.211101081        -5.486668046         4.322386214    
   -0.1272015656E-01    -3.679522938         3.366468340        -5.561622141         4.274478473        -5.445184779         4.397216463    
   -0.1076320939E-01    -3.679522938         3.366468340        -5.517986329         4.335973720        -5.400943611         4.469855464    
   -0.8806262231E-02    -3.679522938         3.366468340        -5.471158671         4.395475613        -5.353995104         4.540136921    
   -0.6849315068E-02    -3.679522938         3.366468340        -5.421188558         4.452877975        -5.304394908         4.607897925    
   -0.4892367906E-02    -3.679522938         3.366468340        -5.368129616         4.508079933        -5.252203790         4.672979384    
   -0.2935420744E-02    -3.679522938         3.366468340        -5.312039713         4.560986178        -5.197487654         4.735226441    
   -0.9784735812E-03    -3.679522938         3.366468340        -5.252980973         4.611507218        -5.140317545         4.794488907    
    0.9784735812E-03    -3.679522938         3.366468340        -5.191019777         4.659559607        -5.080769636         4.850621677    
    0.2935420744E-02    -3.679522938         3.366468340        -5.126226770         4.705066173        -5.018925206         4.903485155    
    0.4892367906E-02    -3.679522938         3.366468340        -5.058676849         4.747956219        -4.954870598         4.952945665    
    0.6849315068E-02    -3.679522938         3.366468340        -4.988449161         4.788165716        -4.888697172         4.998875861    
    0.8806262231E-02    -3.679522938         3.366468340        -4.915627079         4.825637477        -4.820501235         5.041155132    
    0.1076320939E-01    -3.679522938         3.366468340        -4.840298191         4.860321319        -4.750383961         5.079669989    
    0.1272015656E-01    -3.679522938         3.366468340        -4.762554257         4.892174198        -4.678451298         5.114314454    
    0.1467710372E-01    -3.679522938         3.366468340        -4.682491185         4.921160342        -4.604813864         5.144990425    
    0.1663405088E-01    -3.679522938         3.366468340        -4.600208980         4.947251348        -4.529586819         5.171608037    
    0.1859099804E-01    -3.679522938         3.366468340        -4.515811696         4.970426280        -4.452889734         5.194086008    
    0.2054794521E-01    -3.679522938         3.366468340        -4.429407373         4.990671729        -4.374846443         5.212351965    
    0.2250489237E-01    -3.679522938         3.366468340        -4.341107972         5.007981871        -4.295584879         5.226342755    
    0.2446183953E-01    -3.679522938         3.366468340        -4.251029290         5.022358494        -4.215236898         5.236004741    
    0.2641878669E-01    -3.679522938         3.366468340        -4.159290885         5.033811014        -4.133938091         5.241294076    
    0.2837573386E-01    -3.679522938         3.366468340        -4.066015971         5.042356469        -4.051827583         5.242176968    
    0.3033268102E-01    -3.679522938         3.366468340        -3.971331333         5.048019507        -3.969047824         5.238629932    
    0.3228962818E-01    -3.679522938         3.366468340        -3.875367203         5.050832334        -3.885744350         5.230640004    
    0.3424657534E-01    -3.679522938         3.366468340        -3.778257137         5.050834648        -3.802065545         5.218204927    
    0.3620352250E-01    -3.679522938         3.366468340        -3.680137862         5.048073544        -3.718162379         5.201333303    
    0.3816046967E-01    -3.679522938         3.366468340        -3.581149136         5.042603406        -3.634188139         5.180044734    
    0.4011741683E-01    -3.679522938         3.366468340        -3.481433574         5.034485777        -3.550298147         5.154369919    
    0.4207436399E-01    -3.679522938         3.366468340        -3.381136483         5.023789203        -3.466649470         5.124350732    
    0.4403131115E-01    -3.679522938         3.366468340        -3.280405667         5.010589065        -3.383400617         5.090040269    
    0.4598825832E-01    -3.679522938         3.366468340        -3.179391237         4.994967392        -3.300711223         5.051502864    
    0.4794520548E-01    -3.679522938         3.366468340        -3.078245396         4.977012647        -3.218741730         5.008814071    
    0.4990215264E-01    -3.679522938         3.366468340        -2.977122231         4.956819499        -3.137653057         4.962060624    
    0.5185909980E-01    -3.679522938         3.366468340        -2.876177469         4.934488580        -3.057606256         4.911340355    
    0.5381604697E-01    -3.679522938         3.366468340        -2.775568250         4.910126216        -2.978762172         4.856762086    
    0.5577299413E-01    -3.679522938         3.366468340        -2.675452865         4.883844148        -2.901281085         4.798445483    
    0.5772994129E-01    -3.679522938         3.366468340        -2.575990505         4.855759234        -2.825322350         4.736520885    
    0.5968688845E-01    -3.679522938         3.366468340        -2.477340982         4.825993131        -2.751044036         4.671129092    
    0.6164383562E-01    -3.679522938         3.366468340        -2.379664457         4.794671965        -2.678602556         4.602421127    
    0.6360078278E-01    -3.679522938         3.366468340        -2.283121143         4.761925990        -2.608152291         4.530557955    
    0.6555772994E-01    -3.679522938         3.366468340        -2.187871017         4.727889224        -2.539845221         4.455710185    
    0.6751467710E-01    -3.679522938         3.366468340        -2.094073504         4.692699078        -2.473830541         4.378057723    
    0.6947162427E-01    -3.679522938         3.366468340        -2.001887179         4.656495974        -2.410254289         4.297789404    
    0.7142857143E-01    -3.679522938         3.366468340        -1.911469433         4.619422946        -2.349258964         4.215102585    
    0.7338551859E-01    -3.679522938         3.366468340        -1.822976160         4.581625234        -2.290983153         4.130202716    
    0.7534246575E-01    -3.679522938         3.366468340        -1.736561418         4.543249872        -2.235561155         4.043302870    
    0.7729941292E-01    -3.679522938         3.366468340        -1.652377099         4.504445261        -2.183122604         3.954623255    
    0.7925636008E-01    -3.679522938         3.366468340        -1.570572543         4.465360751        -2.133792064         3.864390704    
    0.8121330724E-01    -3.679522938         3.366468340        -1.491294178         4.426146210        -2.087688635         3.772838126    
    0.8317025440E-01    -3.679522938         3.366468340        -1.414685156         4.386951571        -2.044925592         3.680203916    
    0.8512720157E-01    -3.679522938         3.366468340        -1.340885006         4.347926383        -2.005610031         3.586731344    
    0.8708414873E-01    -3.679522938         3.366468340        -1.270029279         4.309219353        -1.969842527         3.492667910    
    0.8904109589E-01    -3.679522938         3.366468340        -1.202249197         4.270977896        -1.937716801         3.398264691    
    0.9099804305E-01    -3.679522938         3.366468340        -1.137671303         4.233347675        -1.909319400         3.303775653    
    0.9295499022E-01    -3.679522938         3.366468340        -1.076417123         4.196472151        -1.884729392         3.209456955    
    0.9491193738E-01    -3.679522938         3.366468340        -1.018602814         4.160492132        -1.864018069         3.115566233    
    0.9686888454E-01    -3.679522938         3.366468340       -0.9643388479         4.125545329        -1.847248675         3.022361869    
    0.9882583170E-01    -3.679522938         3.366468340       -0.9137296668         4.091765915        -1.834476139         2.930102245    
    0.1007827789        -3.679522938         3.366468340       -0.8668733822         4.059284095        -1.825746837         2.839044996    
    0.1027397260        -3.679522938         3.366468340       -0.8238614529         4.028225683        -1.821098362         2.749446241    
    0.1046966732        -3.679522938         3.366468340       -0.7847783993         3.998711690        -1.820559321         2.661559824    
    0.1066536204        -3.679522938         3.366468340       -0.7497015067         3.970857922        -1.824149147         2.575636537    
    0.1086105675        -3.679522938         3.366468340       -0.7187005630         3.944774590        -1.831877937         2.491923355    
    0.1105675147        -3.679522938         3.366468340       -0.6918375896         3.920565941        -1.843746309         2.410662663    
    0.1125244618        -3.679522938         3.366468340       -0.6691666079         3.898329896        -1.859745281         2.332091494    
    0.1144814090        -3.679522938         3.366468340       -0.6507334016         3.878157707        -1.879856172         2.256440770    
    0.1164383562        -3.679522938         3.366468340       -0.6365753165         3.860133639        -1.904050540         2.183934554    
    0.1183953033        -3.679522938         3.366468340       -0.6267210577         3.844334659        -1.932290121         2.114789312    
    0.1203522505        -3.679522938         3.366468340       -0.6211905276         3.830830156        -1.964526818         2.049213197    
    0.1223091977        -3.679522938         3.366468340       -0.6199946614         3.819681678        -2.000702701         1.987405334    
    0.1242661448        -3.679522938         3.366468340       -0.6231353067         3.810942690        -2.040750036         1.929555148    
    0.1262230920        -3.679522938         3.366468340       -0.6306050994         3.804658357        -2.084591340         1.875841691    
    0.1281800391        -3.679522938         3.366468340       -0.6423873476         3.800865356        -2.132139446         1.826432985    
    0.1301369863        -3.679522938         3.366468340       -0.6584558576         3.799591706        -2.183297550         1.781485350    
    0.1320939335        -3.679522938         3.366468340       -0.6787748836         3.800856635        -2.237959352         1.741142808    
    0.1340508806        -3.679522938         3.366468340       -0.7032991053         3.804670459        -2.296009226         1.705536520    
    0.1360078278        -3.679522938         3.366468340       -0.7319736539         3.811034503        -2.357322427         1.674784276    
    0.1379647750        -3.679522938         3.366468340       -0.7647341424         3.819941041        -2.421765325         1.648990009    
    0.1399217221        -3.679522938         3.366468340       -0.8015067469         3.831373269        -2.489195664         1.628243359    
    0.1418786693        -3.679522938         3.366468340       -0.8422082911         3.845305311        -2.559462853         1.612619276    
    0.1438356164        -3.679522938         3.366468340       -0.8867463828         3.861702248        -2.632408280         1.602177668    
    0.1457925636        -3.679522938         3.366468340       -0.9350195542         3.880520182        -2.707865653         1.596963096    
    0.1477495108        -3.679522938         3.366468340       -0.9869174534         3.901706329        -2.785661369         1.597004517    
    0.1497064579        -3.679522938         3.366468340        -1.042321039         3.925199142        -2.865614905         1.602315075    
    0.1516634051        -3.679522938         3.366468340        -1.101102829         3.950928462        -2.947539237         1.612891944    
    0.1536203523        -3.679522938         3.366468340        -1.163127143         3.978815699        -3.031241276         1.628716221    
    0.1555772994        -3.679522938         3.366468340        -1.228250412         4.008774048        -3.116522329         1.649752877    
    0.1575342466        -3.679522938         3.366468340        -1.296321471         4.040708723        -3.203178583         1.675950751    
    0.1594911937        -3.679522938         3.366468340        -1.367181911         4.074517226        -3.291001605         1.707242609    
    0.1614481409        -3.679522938         3.366468340        -1.440666432         4.110089645        -3.379778860         1.743545250    
    0.1634050881        -3.679522938         3.366468340        -1.516603241         4.147308971        -3.469294248         1.784759669    
    0.1653620352        -3.679522938         3.366468340        -1.594814445         4.186051445        -3.559328655         1.830771270    
    0.1673189824        -3.679522938         3.366468340        -1.675116498         4.226186935        -3.649660517         1.881450145    
    0.1692759295        -3.679522938         3.366468340        -1.757320635         4.267579321        -3.740066398         1.936651389    
    0.1712328767        -3.679522938         3.366468340        -1.841233358         4.310086920        -3.830321574         1.996215483    
    0.1731898239        -3.679522938         3.366468340        -1.926656909         4.353562922        -3.920200632         2.059968718    
    0.1751467710        -3.679522938         3.366468340        -2.013389785         4.397855843        -4.009478074         2.127723678    
    0.1771037182        -3.679522938         3.366468340        -2.101227243         4.442810009        -4.097928921         2.199279762    
    0.1790606654        -3.679522938         3.366468340        -2.189961770         4.488266096        -4.185329353         2.274423703    
    0.1810176125        -3.679522938         3.366468340        -2.279383581         4.534061676        -4.271457354         2.352930158    
    0.1829745597        -3.679522938         3.366468340        -2.369281204         4.580031766        -4.356093347         2.434562402    
    0.1849315068        -3.679522938         3.366468340        -2.459442058         4.626009360        -4.439020836         2.519073056    
    0.1868884540        -3.679522938         3.366468340        -2.549653064         4.671825999        -4.520027025         2.606204873    
    0.1888454012        -3.679522938         3.366468340        -2.639701235         4.717312324        -4.598903444         2.695691550    
    0.1908023483        -3.679522938         3.366468340        -2.729374291         4.762298651        -4.675446560         2.787258587    
    0.1927592955        -3.679522938         3.366468340        -2.818461253         4.806615542        -4.749458372         2.880624171    
    0.1947162427        -3.679522938         3.366468340        -2.906753062         4.850094377        -4.820746998         2.975500094    
    0.1966731898        -3.679522938         3.366468340        -2.994043163         4.892567929        -4.889127242         3.071592697    
    0.1986301370        -3.679522938         3.366468340        -3.080128116         4.933870935        -4.954421141         3.168603837    
    0.2005870841        -3.679522938         3.366468340        -3.164808170         4.973840658        -5.016458500         3.266231870    
    0.2025440313        -3.679522938         3.366468340        -3.247887851         5.012317449        -5.075077395         3.364172659    
    0.2045009785        -3.679522938         3.366468340        -3.329176516         5.049145288        -5.130124658         3.462120579    
    0.2064579256        -3.679522938         3.366468340        -3.408488921         5.084172332        -5.181456332         3.559769550    
    0.2084148728        -3.679522938         3.366468340        -3.485645737         5.117251429        -5.228938107         3.656814051    
    0.2103718200        -3.679522938         3.366468340        -3.560474087         5.148240631        -5.272445717         3.752950155    
    0.2123287671        -3.679522938         3.366468340        -3.632808027         5.177003686        -5.311865311         3.847876548    
    0.2142857143        -3.679522938         3.366468340        -3.702489040         5.203410505        -5.347093798         3.941295545    
    0.2162426614        -3.679522938         3.366468340        -3.769366472         5.227337619        -5.378039146         4.032914091    
    0.2181996086        -3.679522938         3.366468340        -3.833297978         5.248668604        -5.404620664         4.122444755    
    0.2201565558        -3.679522938         3.366468340        -3.894149908         5.267294483        -5.426769233         4.209606690    
    0.2221135029        -3.679522938         3.366468340        -3.951797700         5.283114111        -5.444427513         4.294126588    
    0.2240704501        -3.679522938         3.366468340        -4.006126203         5.296034521        -5.457550107         4.375739593    
    0.2260273973        -3.679522938         3.366468340        -4.057030019         5.305971251        -5.466103691         4.454190196    
    0.2279843444        -3.679522938         3.366468340        -4.104413772         5.312848678        -5.470067154         4.529233113    
    0.2299412916        -3.679522938         3.366468340        -4.148192425         5.316600424        -5.469431784         4.600634207    
    0.2318982387        -3.679522938         3.366468340        -4.188291497         5.317169622        -5.464201326         4.668171304    
    0.2338551859        -3.679522938         3.366468340        -4.224647281         5.314509120        -5.454391957         4.731634966    
    0.2358121331        -3.679522938         3.366468340        -4.257206982         5.308581637        -5.440032214         4.790829188    
    0.2377690802        -3.679522938         3.366468340        -4.285928856         5.299359895        -5.421162889         4.845572067    
    0.2397260274        -3.679522938         3.366468340        -4.310782273         5.286826701        -5.397836873         4.895696394    
    0.2416829746        -3.679522938         3.366468340        -4.331747776         5.270975004        -5.370118972         4.941050213    
    0.2436399217        -3.679522938         3.366468340        -4.348817069         5.251807905        -5.338085669         4.981497292    
    0.2455968689        -3.679522938         3.366468340        -4.361992996         5.229338637        -5.301824861         5.016917562    
    0.2475538160        -3.679522938         3.366468340        -4.371289454         5.203590503        -5.261435550         5.047207469    
    0.2495107632        -3.679522938         3.366468340        -4.376731297         5.174596781        -5.217027502         5.072280282    
    0.2514677104        -3.679522938         3.366468340        -4.378354168         5.142400591        -5.168720870         5.092066315    
    0.2534246575        -3.679522938         3.366468340        -4.376204333         5.107054727        -5.116645787         5.106513108    
    0.2553816047        -3.679522938         3.366468340        -4.370338444         5.068621457        -5.060941918         5.115585517    
    0.2573385519        -3.679522938         3.366468340        -4.360823296         5.027172284        -5.001758001         5.119265760    
    0.2592954990        -3.679522938         3.366468340        -4.347735527         4.982787679        -4.939251338         5.117553378    
    0.2612524462        -3.679522938         3.366468340        -4.331161309         4.935556786        -4.873587281         5.110465148    
    0.2632093933        -3.679522938         3.366468340        -4.311195983         4.885577088        -4.804938681         5.098034917    
    0.2651663405        -3.679522938         3.366468340        -4.287943695         4.832954055        -4.733485321         5.080313385    
    0.2671232877        -3.679522938         3.366468340        -4.261516971         4.777800758        -4.659413332         5.057367813    
    0.2690802348        -3.679522938         3.366468340        -4.232036303         4.720237461        -4.582914589         5.029281687    
    0.2710371820        -3.679522938         3.366468340        -4.199629674         4.660391194        -4.504186095         4.996154305    
    0.2729941292        -3.679522938         3.366468340        -4.164432100         4.598395297        -4.423429354         4.958100325    
    0.2749510763        -3.679522938         3.366468340        -4.126585113         4.534388951        -4.340849731         4.915249247    
    0.2769080235        -3.679522938         3.366468340        -4.086236270         4.468516702        -4.256655815         4.867744863    
    0.2788649706        -3.679522938         3.366468340        -4.043538633         4.400928039        -4.171058813         4.815744755    
    0.2808219178        -3.679522938         3.366468340        -3.998650264         4.331776957        -4.084271920         4.759419744    
    0.2827788650        -3.679522938         3.366468340        -3.951733630         4.261221400        -3.996509627         4.698953173    
    0.2847358121        -3.679522938         3.366468340        -3.902955040         4.189422691        -3.907987034         4.634540132    
    0.2866927593        -3.679522938         3.366468340        -3.852484022         4.116544946        -3.818919156         4.566386636    
    0.2886497065        -3.679522938         3.366468340        -3.800492745         4.042754489        -3.729520248         4.494708784    
    0.2906066536        -3.679522938         3.366468340        -3.747155394         3.968219267        -3.640003133         4.419731869    
    0.2925636008        -3.679522938         3.366468340        -3.692647588         3.893108258        -3.550578549         4.341689473    
    0.2945205479        -3.679522938         3.366468340        -3.637145750         3.817590886        -3.461454506         4.260822531    
    0.2964774951        -3.679522938         3.366468340        -3.580826540         3.741836449        -3.372835664         4.177378389    
    0.2984344423        -3.679522938         3.366468340        -3.523866237         3.666013538        -3.284922736         4.091609831    
    0.3003913894        -3.679522938         3.366468340        -3.466440188         3.590289482        -3.197911908         4.003774114    
    0.3023483366        -3.679522938         3.366468340        -3.408722213         3.514829799        -3.111994281         3.914131987    
    0.3043052838        -3.679522938         3.366468340        -3.350884079         3.439797662        -3.027355355         3.822946720    
    0.3062622309        -3.679522938         3.366468340        -3.293094938         3.365353381        -2.944174522         3.730483121    
    0.3082191781        -3.679522938         3.366468340        -3.235520840         3.291653910        -2.862624605         3.637006587    
    0.3101761252        -3.679522938         3.366468340        -3.178324207         3.218852363        -2.782871419         3.542782140    
    0.3121330724        -3.679522938         3.366468340        -3.121663389         3.147097571        -2.705073372         3.448073506    
    0.3140900196        -3.679522938         3.366468340        -3.065692186         3.076533637        -2.629381096         3.353142189    
    0.3160469667        -3.679522938         3.366468340        -3.010559456         3.007299546        -2.555937111         3.258246596    
    0.3180039139        -3.679522938         3.366468340        -2.956408684         2.939528777        -2.484875533         3.163641170    
    0.3199608611        -3.679522938         3.366468340        -2.903377652         2.873348961        -2.416321811         3.069575567    
    0.3219178082        -3.679522938         3.366468340        -2.851598063         2.808881551        -2.350392504         2.976293857    
    0.3238747554        -3.679522938         3.366468340        -2.801195269         2.746241543        -2.287195092         2.884033777    
    0.3258317025        -3.679522938         3.366468340        -2.752287958         2.685537205        -2.226827830         2.793026007    
    0.3277886497        -3.679522938         3.366468340        -2.704987907         2.626869827        -2.169379578         2.703493486    
    0.3297455969        -3.679522938         3.366468340        -2.659399592         2.570333409        -2.114929500         2.615650667    
    0.3317025440        -3.679522938         3.366468340        -2.615619967         2.516014431        -2.063546919         2.529702864    
    0.3336594912        -3.679522938         3.366468340        -2.573738247         2.463991672        -2.015291278         2.445845651    
    0.3356164384        -3.679522938         3.366468340        -2.533835799         2.414336089        -1.970212139         2.364264335    
    0.3375733855        -3.679522938         3.366468340        -2.495986004         2.367110701        -1.928349227         2.285133462    
    0.3395303327        -3.679522938         3.366468340        -2.460254214         2.322370541        -1.889732512         2.208616408    
    0.3414872798        -3.679522938         3.366468340        -2.426697682         2.280162615        -1.854382325         2.134864992    
    0.3434442270        -3.679522938         3.366468340        -2.395365593         2.240525911        -1.822309512         2.064019183    
    0.3454011742        -3.679522938         3.366468340        -2.366299054         2.203491435        -1.793515619         1.996206832    
    0.3473581213        -3.679522938         3.366468340        -2.339531199         2.169082281        -1.767993115         1.931543494    
    0.3493150685        -3.679522938         3.366468340        -2.315087236         2.137313729        -1.745725642         1.870132272    
    0.3512720157        -3.679522938         3.366468340        -2.292984618         2.108193381        -1.726688292         1.812063756    
    0.3532289628        -3.679522938         3.366468340        -2.273233146         2.081721312        -1.710847917         1.757415985    
    0.3551859100        -3.679522938         3.366468340        -2.255835197         2.057890266        -1.698163459         1.706254484    
    0.3571428571        -3.679522938         3.366468340        -2.240785880         2.036685854        -1.688586303         1.658632342    
    0.3590998043        -3.679522938         3.366468340        -2.228073319         2.018086806        -1.682060655         1.614590356    
    0.3610567515        -3.679522938         3.366468340        -2.217678847         2.002065210        -1.678523930         1.574157199    
    0.3630136986        -3.679522938         3.366468340        -2.209577335         1.988586808        -1.677907166         1.537349669    
    0.3649706458        -3.679522938         3.366468340        -2.203737432         1.977611274        -1.680135441         1.504172946    
    0.3669275930        -3.679522938         3.366468340        -2.200121923         1.969092543        -1.685128313         1.474620927    
    0.3688845401        -3.679522938         3.366468340        -2.198687999         1.962979120        -1.692800259         1.448676560    
    0.3708414873        -3.679522938         3.366468340        -2.199387651         1.959214440        -1.703061126         1.426312262    
    0.3727984344        -3.679522938         3.366468340        -2.202167956         1.957737197        -1.715816585         1.407490317    
    0.3747553816        -3.679522938         3.366468340        -2.206971500         1.958481721        -1.730968592         1.392163359    
    0.3767123288        -3.679522938         3.366468340        -2.213736656         1.961378312        -1.748415817         1.380274809    
    0.3786692759        -3.679522938         3.366468340        -2.222397854         1.966353464        -1.768053886         1.371759173    
    0.3806262231        -3.679522938         3.366468340        -2.232885652         1.973329995        -1.789775526         1.366542221    
    0.3825831703        -3.679522938         3.366468340        -2.245127155         1.982227416        -1.813470989         1.364541507    
    0.3845401174        -3.679522938         3.366468340        -2.259046339         1.992962297        -1.839028521         1.365666914    
    0.3864970646        -3.679522938         3.366468340        -2.274564508         2.005448676        -1.866334820         1.369821255    
    0.3884540117        -3.679522938         3.366468340        -2.291600613         2.019598420        -1.895275485         1.376900839    
    0.3904109589        -3.679522938         3.366468340        -2.310071715         2.035321631        -1.925735463         1.386796106    
    0.3923679061        -3.679522938         3.366468340        -2.329893287         2.052527002        -1.957599475         1.399392207    
    0.3943248532        -3.679522938         3.366468340        -2.350979673         2.071122207        -1.990752434         1.414569641    
    0.3962818004        -3.679522938         3.366468340        -2.373244373         2.091014246        -2.025079847         1.432204848    
    0.3982387476        -3.679522938         3.366468340        -2.396600490         2.112109818        -2.060468203         1.452170839    
    0.4001956947        -3.679522938         3.366468340        -2.420960984         2.134315639        -2.096805339         1.474337773    
    0.4021526419        -3.679522938         3.366468340        -2.446239109         2.157538799        -2.133980791         1.498573579    
    0.4041095890        -3.679522938         3.366468340        -2.472348634         2.181687047        -2.171886125         1.524744505    
    0.4060665362        -3.679522938         3.366468340        -2.499204257         2.206669120        -2.210415245         1.552715718    
    0.4080234834        -3.679522938         3.366468340        -2.526721787         2.232395003        -2.249464681         1.582351815    
    0.4099804305        -3.679522938         3.366468340        -2.554818542         2.258776218        -2.288933861         1.613517389    
    0.4119373777        -3.679522938         3.366468340        -2.583413484         2.285726049        -2.328725347         1.646077499    
    0.4138943249        -3.679522938         3.366468340        -2.612427591         2.313159805        -2.368745062         1.679898190    
    0.4158512720        -3.679522938         3.366468340        -2.641783953         2.340994997        -2.408902490         1.714846911    
    0.4178082192        -3.679522938         3.366468340        -2.671408114         2.369151566        -2.449110851         1.750792989    
    0.4197651663        -3.679522938         3.366468340        -2.701228121         2.397552026        -2.489287255         1.787607986    
    0.4217221135        -3.679522938         3.366468340        -2.731174845         2.426121651        -2.529352840         1.825166122    
    0.4236790607        -3.679522938         3.366468340        -2.761181979         2.454788574        -2.569232872         1.863344572    
    0.4256360078        -3.679522938         3.366468340        -2.791186335         2.483483943        -2.608856850         1.902023830    
    0.4275929550        -3.679522938         3.366468340        -2.821127740         2.512141918        -2.648158490         1.941087843    
    0.4295499022        -3.679522938         3.366468340        -2.850949033         2.540699520        -2.687075461         1.980423865    
    0.4315068493        -3.679522938         3.366468340        -2.880595885         2.569096555        -2.725549304         2.019922468    
    0.4334637965        -3.679522938         3.366468340        -2.910017099         2.597275741        -2.763525509         2.059477844    
    0.4354207436        -3.679522938         3.366468340        -2.939164507         2.625182729        -2.800953557         2.098987965    
    0.4373776908        -3.679522938         3.366468340        -2.967993273         2.652766200        -2.837786968         2.138354847    
    0.4393346380        -3.679522938         3.366468340        -2.996461733         2.679977843        -2.873983310         2.177484643    
    0.4412915851        -3.679522938         3.366468340        -3.024531691         2.706772422        -2.909504208         2.216287845    
    0.4432485323        -3.679522938         3.366468340        -3.052168205         2.733107712        -2.944315321         2.254679312    
    0.4452054795        -3.679522938         3.366468340        -3.079339889         2.758944536        -2.978386322         2.292578415    
    0.4471624266        -3.679522938         3.366468340        -3.106018637         2.784246658        -3.011690841         2.329908998    
    0.4491193738        -3.679522938         3.366468340        -3.132179938         2.808980796        -3.044206422         2.366599472    
    0.4510763209        -3.679522938         3.366468340        -3.157802544         2.833116472        -3.075914438         2.402582704    
    0.4530332681        -3.679522938         3.366468340        -3.182868810         2.856626001        -3.106800029         2.437796070    
    0.4549902153        -3.679522938         3.366468340        -3.207364291         2.879484298        -3.136851999         2.472181270    
    0.4569471624        -3.679522938         3.366468340        -3.231278136         2.901668858        -3.166062730         2.505684353    
    0.4589041096        -3.679522938         3.366468340        -3.254602604         2.923159507        -3.194428070         2.538255448    
    0.4608610568        -3.679522938         3.366468340        -3.277333528         2.943938374        -3.221947236         2.569848771    
    0.4628180039        -3.679522938         3.366468340        -3.299469744         2.963989601        -3.248622688         2.600422283    
    0.4647749511        -3.679522938         3.366468340        -3.321013651         2.983299301        -3.274460037         2.629937674    
    0.4667318982        -3.679522938         3.366468340        -3.341970537         3.001855218        -3.299467902         2.658359950    
    0.4686888454        -3.679522938         3.366468340        -3.362349272         3.019646690        -3.323657827         2.685657412    
    0.4706457926        -3.679522938         3.366468340        -3.382161501         3.036664242        -3.347044139         2.711801155    
    0.4726027397        -3.679522938         3.366468340        -3.401422531         3.052899564        -3.369643871         2.736765065    
    0.4745596869        -3.679522938         3.366468340        -3.420150331         3.068345024        -3.391476623         2.760525215    
    0.4765166341        -3.679522938         3.366468340        -3.438366707         3.082993679        -3.412564508         2.783059903    
    0.4784735812        -3.679522938         3.366468340        -3.456096021         3.096838675        -3.432932012         2.804348916    
    0.4804305284        -3.679522938         3.366468340        -3.473366791         3.109873320        -3.452605973         2.824373652    
    0.4823874755        -3.679522938         3.366468340        -3.490209975         3.122090327        -3.471615444         2.843116200    
    0.4843444227        -3.679522938         3.366468340        -3.506661233         3.133481992        -3.489991719         2.860559609    
    0.4863013699        -3.679522938         3.366468340        -3.522758478         3.144039199        -3.507768190         2.876686697    
    0.4882583170        -3.679522938         3.366468340        -3.538545279         3.153751800        -3.524980444         2.891480590    
    0.4902152642        -3.679522938         3.366468340        -3.554066992         3.162607210        -3.541666100         2.904923056    
    0.4921722114        -3.679522938         3.366468340        -3.569376434         3.170591225        -3.557865017         2.916995636    
    0.4941291585        -3.679522938         3.366468340        -3.584526763         3.177685766        -3.573619057         2.927676948    
    0.4960861057        -3.679522938         3.366468340        -3.599582848         3.183870884        -3.588972531         2.936945381    
    0.4980430528        -3.679522938         3.366468340        -3.614603761         3.189120055        -3.603971648         2.944773344    
    0.5000000000        -3.679522938         3.366468340        -3.629679076         3.193407414        -3.618665839         2.951136773    
