   -0.5000000000         3.227980348        -2.107621113         3.297258516        -2.161560977         3.369502751        -2.170334641    
   -0.4980430528         3.227980348        -2.107621113         3.292655695        -2.155375759         3.362668165        -2.164567526    
   -0.4960861057         3.227980348        -2.107621113         3.288613673        -2.149645962         3.356635802        -2.159164149    
   -0.4941291585         3.227980348        -2.107621113         3.285079531        -2.144309069         3.351347019        -2.154080675    
   -0.4921722114         3.227980348        -2.107621113         3.282014397        -2.139318351         3.346757829        -2.149280660    
   -0.4902152642         3.227980348        -2.107621113         3.279380414        -2.134626849         3.342825704        -2.144728919    
   -0.4882583170         3.227980348        -2.107621113         3.277146391        -2.130194517         3.339515325        -2.140394047    
   -0.4863013699         3.227980348        -2.107621113         3.275283588        -2.125983072         3.336794324        -2.136246391    
   -0.4843444227         3.227980348        -2.107621113         3.273767843        -2.121958737         3.334635438        -2.132258949    
   -0.4823874755         3.227980348        -2.107621113         3.272577371        -2.118089577         3.333014284        -2.128406292    
   -0.4804305284         3.227980348        -2.107621113         3.271693830        -2.114346906         3.331910437        -2.124664989    
   -0.4784735812         3.227980348        -2.107621113         3.271100950        -2.110703630         3.331306018        -2.121012914    
   -0.4765166341         3.227980348        -2.107621113         3.270785146        -2.107135087         3.331186322        -2.117429481    
   -0.4745596869         3.227980348        -2.107621113         3.270734578        -2.103617910         3.331538835        -2.113895159    
   -0.4726027397         3.227980348        -2.107621113         3.270939545        -2.100130581         3.332353627        -2.110391615    
   -0.4706457926         3.227980348        -2.107621113         3.271391794        -2.096652605         3.333622630        -2.106901355    
   -0.4686888454         3.227980348        -2.107621113         3.272084802        -2.093164903         3.335339903        -2.103407816    
   -0.4667318982         3.227980348        -2.107621113         3.273013239        -2.089649188         3.337501072        -2.099895098    
   -0.4647749511         3.227980348        -2.107621113         3.274173183        -2.086088262         3.340103519        -2.096348027    
   -0.4628180039         3.227980348        -2.107621113         3.275561701        -2.082465528         3.343145941        -2.092751941    
   -0.4608610568         3.227980348        -2.107621113         3.277177006        -2.078765223         3.346628485        -2.089092748    
   -0.4589041096         3.227980348        -2.107621113         3.279018129        -2.074972037         3.350552387        -2.085356750    
   -0.4569471624         3.227980348        -2.107621113         3.281085042        -2.071071299         3.354920079        -2.081530693    
   -0.4549902153         3.227980348        -2.107621113         3.283378385        -2.067048667         3.359734887        -2.077601623    
   -0.4530332681         3.227980348        -2.107621113         3.285899573        -2.062890293         3.365001110        -2.073556932    
   -0.4510763209         3.227980348        -2.107621113         3.288650565        -2.058582563         3.370723771        -2.069384243    
   -0.4491193738         3.227980348        -2.107621113         3.291633957        -2.054112241         3.376908672        -2.065071448    
   -0.4471624266         3.227980348        -2.107621113         3.294852783        -2.049466255         3.383562182        -2.060606617    
   -0.4452054795         3.227980348        -2.107621113         3.298310593        -2.044631822         3.390691284        -2.055978028    
   -0.4432485323         3.227980348        -2.107621113         3.302011287        -2.039596272         3.398303384        -2.051174099    
   -0.4412915851         3.227980348        -2.107621113         3.305959181        -2.034347158         3.406406350        -2.046183418    
   -0.4393346380         3.227980348        -2.107621113         3.310158860        -2.028872107         3.415008346        -2.040994677    
   -0.4373776908         3.227980348        -2.107621113         3.314615237        -2.023158921         3.424117861        -2.035596712    
   -0.4354207436         3.227980348        -2.107621113         3.319333423        -2.017195449         3.433743561        -2.029978446    
   -0.4334637965         3.227980348        -2.107621113         3.324318783        -2.010969678         3.443894314        -2.024128919    
   -0.4315068493         3.227980348        -2.107621113         3.329576818        -2.004469628         3.454579056        -2.018037251    
   -0.4295499022         3.227980348        -2.107621113         3.335113210        -1.997683431         3.465806813        -2.011692666    
   -0.4275929550         3.227980348        -2.107621113         3.340933726        -1.990599238         3.477586579        -2.005084460    
   -0.4256360078         3.227980348        -2.107621113         3.347044252        -1.983205298         3.489927339        -1.998202026    
   -0.4236790607         3.227980348        -2.107621113         3.353450707        -1.975489872         3.502837952        -1.991034826    
   -0.4217221135         3.227980348        -2.107621113         3.360159058        -1.967441327         3.516327135        -1.983572436    
   -0.4197651663         3.227980348        -2.107621113         3.367175195        -1.959048111         3.530403261        -1.975804561    
   -0.4178082192         3.227980348        -2.107621113         3.374504944        -1.950298836         3.545074339        -1.967721079    
   -0.4158512720         3.227980348        -2.107621113         3.382153982        -1.941182230         3.560347902        -1.959312034    
   -0.4138943249         3.227980348        -2.107621113         3.390127855        -1.931687211         3.576230999        -1.950567673    
   -0.4119373777         3.227980348        -2.107621113         3.398431898        -1.921802843         3.592730086        -1.941478437    
   -0.4099804305         3.227980348        -2.107621113         3.407071250        -1.911518409         3.609851022        -1.932035002    
   -0.4080234834         3.227980348        -2.107621113         3.416050779        -1.900823370         3.627598963        -1.922228275    
   -0.4060665362         3.227980348        -2.107621113         3.425375092        -1.889707441         3.645978354        -1.912049432    
   -0.4041095890         3.227980348        -2.107621113         3.435048465        -1.878160554         3.664992836        -1.901489918    
   -0.4021526419         3.227980348        -2.107621113         3.445074854        -1.866172924         3.684645233        -1.890541483    
   -0.4001956947         3.227980348        -2.107621113         3.455457827        -1.853735025         3.704937469        -1.879196181    
   -0.3982387476         3.227980348        -2.107621113         3.466200572        -1.840837648         3.725870557        -1.867446413    
   -0.3962818004         3.227980348        -2.107621113         3.477305838        -1.827471882         3.747444519        -1.855284922    
   -0.3943248532         3.227980348        -2.107621113         3.488775938        -1.813629168         3.769658383        -1.842704829    
   -0.3923679061         3.227980348        -2.107621113         3.500612695        -1.799301279         3.792510107        -1.829699640    
   -0.3904109589         3.227980348        -2.107621113         3.512817450        -1.784480376         3.815996583        -1.816263271    
   -0.3884540117         3.227980348        -2.107621113         3.525391005        -1.769158985         3.840113567        -1.802390058    
   -0.3864970646         3.227980348        -2.107621113         3.538333637        -1.753330052         3.864855688        -1.788074779    
   -0.3845401174         3.227980348        -2.107621113         3.551645045        -1.736986916         3.890216394        -1.773312662    
   -0.3825831703         3.227980348        -2.107621113         3.565324362        -1.720123362         3.916187957        -1.758099406    
   -0.3806262231         3.227980348        -2.107621113         3.579370116        -1.702733595         3.942761433        -1.742431186    
   -0.3786692759         3.227980348        -2.107621113         3.593780233        -1.684812283         3.969926678        -1.726304670    
   -0.3767123288         3.227980348        -2.107621113         3.608552010        -1.666354538         3.997672315        -1.709717022    
   -0.3747553816         3.227980348        -2.107621113         3.623682120        -1.647355943         4.025985756        -1.692665914    
   -0.3727984344         3.227980348        -2.107621113         3.639166581        -1.627812546         4.054853168        -1.675149537    
   -0.3708414873         3.227980348        -2.107621113         3.655000699        -1.607720967         4.084259365        -1.657166680    
   -0.3688845401         3.227980348        -2.107621113         3.671178989        -1.587078438         4.114187687        -1.638716786    
   -0.3669275930         3.227980348        -2.107621113         3.687695172        -1.565882852         4.144620002        -1.619799981    
   -0.3649706458         3.227980348        -2.107621113         3.704542148        -1.544132753         4.175536683        -1.600417082    
   -0.3630136986         3.227980348        -2.107621113         3.721711997        -1.521827377         4.206916625        -1.580569616    
   -0.3610567515         3.227980348        -2.107621113         3.739195953        -1.498966638         4.238737233        -1.560259824    
   -0.3590998043         3.227980348        -2.107621113         3.756984418        -1.475551162         4.270974447        -1.539490685    
   -0.3571428571         3.227980348        -2.107621113         3.775066934        -1.451582276         4.303602742        -1.518265905    
   -0.3551859100         3.227980348        -2.107621113         3.793432200        -1.427062035         4.336595161        -1.496589944    
   -0.3532289628         3.227980348        -2.107621113         3.812068059        -1.401993205         4.369923323        -1.474468000    
   -0.3512720157         3.227980348        -2.107621113         3.830961508        -1.376379288         4.403557472        -1.451906030    
   -0.3493150685         3.227980348        -2.107621113         3.850098699        -1.350224502         4.437466491        -1.428910731    
   -0.3473581213         3.227980348        -2.107621113         3.869464952        -1.323533799         4.471617962        -1.405489555    
   -0.3454011742         3.227980348        -2.107621113         3.889044757        -1.296312839         4.505978194        -1.381650689    
   -0.3434442270         3.227980348        -2.107621113         3.908821800        -1.268568007         4.540512287        -1.357403058    
   -0.3414872798         3.227980348        -2.107621113         3.928778968        -1.240306380         4.575184175        -1.332756305    
   -0.3395303327         3.227980348        -2.107621113         3.948898378        -1.211535736         4.609956702        -1.307720790    
   -0.3375733855         3.227980348        -2.107621113         3.969161390        -1.182264521         4.644791671        -1.282307560    
   -0.3356164384         3.227980348        -2.107621113         3.989548644        -1.152501847         4.679649929        -1.256528345    
   -0.3336594912         3.227980348        -2.107621113         4.010040076        -1.122257458         4.714491429        -1.230395525    
   -0.3317025440         3.227980348        -2.107621113         4.030614961        -1.091541722         4.749275325        -1.203922114    
   -0.3297455969         3.227980348        -2.107621113         4.051251935        -1.060365589         4.783960041        -1.177121730    
   -0.3277886497         3.227980348        -2.107621113         4.071929045        -1.028740578         4.818503371        -1.150008565    
   -0.3258317025         3.227980348        -2.107621113         4.092623776       -0.9966787310         4.852862564        -1.122597356    
   -0.3238747554         3.227980348        -2.107621113         4.113313104       -0.9641925968         4.886994422        -1.094903349    
   -0.3219178082         3.227980348        -2.107621113         4.133973481       -0.9312952367         4.920855305        -1.066942317    
   -0.3199608611         3.227980348        -2.107621113         4.154580768       -0.8980003712         4.954400989        -1.038730679    
   -0.3180039139         3.227980348        -2.107621113         4.175110222       -0.8643223880         4.987586671        -1.010285510    
   -0.3160469667         3.227980348        -2.107621113         4.195536547       -0.8302763334         5.020367071       -0.9816245231    
   -0.3140900196         3.227980348        -2.107621113         4.215833924       -0.7958778776         5.052696501       -0.9527660379    
   -0.3121330724         3.227980348        -2.107621113         4.235976064       -0.7611433020         5.084528971       -0.9237289564    
   -0.3101761252         3.227980348        -2.107621113         4.255936242       -0.7260894602         5.115818266       -0.8945327280    
   -0.3082191781         3.227980348        -2.107621113         4.275687354       -0.6907337615         5.146518055       -0.8651973215    
   -0.3062622309         3.227980348        -2.107621113         4.295201958       -0.6550941282         5.176581974       -0.8357431864    
   -0.3043052838         3.227980348        -2.107621113         4.314452331       -0.6191889758         5.205963737       -0.8061912202    
   -0.3023483366         3.227980348        -2.107621113         4.333410518       -0.5830371662         5.234617221       -0.7765627268    
   -0.3003913894         3.227980348        -2.107621113         4.352048389       -0.5466579846         5.262496582       -0.7468793796    
   -0.2984344423         3.227980348        -2.107621113         4.370337695       -0.5100710898         5.289556344       -0.7171631766    
   -0.2964774951         3.227980348        -2.107621113         4.388250125       -0.4732964874         5.315751509       -0.6874364004    
   -0.2945205479         3.227980348        -2.107621113         4.405757364       -0.4363544778         5.341037654       -0.6577215696    
   -0.2925636008         3.227980348        -2.107621113         4.422831159       -0.3992656256         5.365371038       -0.6280413965    
   -0.2906066536         3.227980348        -2.107621113         4.439443373       -0.3620507059         5.388708695       -0.5984187357    
   -0.2886497065         3.227980348        -2.107621113         4.455566052       -0.3247306706         5.411008549       -0.5688765387    
   -0.2866927593         3.227980348        -2.107621113         4.471171487       -0.2873265926         5.432229496       -0.5394378006    
   -0.2847358121         3.227980348        -2.107621113         4.486232278       -0.2498596304         5.452331519       -0.5101255128    
   -0.2827788650         3.227980348        -2.107621113         4.500721394       -0.2123509700         5.471275772       -0.4809626074    
   -0.2808219178         3.227980348        -2.107621113         4.514612245       -0.1748217878         5.489024682       -0.4519719091    
   -0.2788649706         3.227980348        -2.107621113         4.527878738       -0.1372931915         5.505542035       -0.4231760776    
   -0.2769080235         3.227980348        -2.107621113         4.540495346       -0.9978618208E-01     5.520793072       -0.3945975588    
   -0.2749510763         3.227980348        -2.107621113         4.552437169       -0.6232159159E-01     5.534744567       -0.3662585256    
   -0.2729941292         3.227980348        -2.107621113         4.563679988       -0.2492006506E-01     5.547364899       -0.3381808442    
   -0.2710371820         3.227980348        -2.107621113         4.574200213        0.1239782018E-01     5.558623939       -0.3103861567    
   -0.2690802348         3.227980348        -2.107621113         4.583974840        0.4961141628E-01     5.568492957       -0.2828959690    
   -0.2671232877         3.227980348        -2.107621113         4.592981496        0.8670002502E-01     5.576944668       -0.2557316215    
   -0.2651663405         3.227980348        -2.107621113         4.601198498        0.1236429199         5.583953299       -0.2289142510    
   -0.2632093933         3.227980348        -2.107621113         4.608604898        0.1604193838         5.589494647       -0.2024647474    
   -0.2612524462         3.227980348        -2.107621113         4.615180553        0.1970087291         5.593546142       -0.1764037169    
   -0.2592954990         3.227980348        -2.107621113         4.620906162        0.2333903349         5.596086892       -0.1507514393    
   -0.2573385519         3.227980348        -2.107621113         4.625763333        0.2695436673         5.597097747       -0.1255278320    
   -0.2553816047         3.227980348        -2.107621113         4.629734621        0.3054483154         5.596561333       -0.1007524077    
   -0.2534246575         3.227980348        -2.107621113         4.632803591        0.3410840112         5.594462102       -0.7644423969E-01
   -0.2514677104         3.227980348        -2.107621113         4.634954859        0.3764306643         5.590786369       -0.5262192117E-01
   -0.2495107632         3.227980348        -2.107621113         4.636174144        0.4114683810         5.585522351       -0.2930353145E-01
   -0.2475538160         3.227980348        -2.107621113         4.636448309        0.4461774984         5.578660186       -0.6506597204E-02
   -0.2455968689         3.227980348        -2.107621113         4.635765412        0.4805386013         5.570191975        0.1575193933E-01
   -0.2436399217         3.227980348        -2.107621113         4.634114743        0.5145325555         5.560111788        0.3745575712E-01
   -0.2416829746         3.227980348        -2.107621113         4.631486868        0.5481405239         5.548415692        0.5858918584E-01
   -0.2397260274         3.227980348        -2.107621113         4.627873664        0.5813439972         5.535101755        0.7913724008E-01
   -0.2377690802         3.227980348        -2.107621113         4.623268360        0.6141248091         5.520170062        0.9908564622E-01
   -0.2358121331         3.227980348        -2.107621113         4.617665566        0.6464651652         5.503622706        0.1184208737    
   -0.2338551859         3.227980348        -2.107621113         4.611061309        0.6783476565         5.485463796        0.1371301587    
   -0.2318982387         3.227980348        -2.107621113         4.603453055        0.7097552864         5.465699442        0.1552015324    
   -0.2299412916         3.227980348        -2.107621113         4.594839745        0.7406714826         5.444337751        0.1726238410    
   -0.2279843444         3.227980348        -2.107621113         4.585221811        0.7710801221         5.421388798        0.1893867702    
   -0.2260273973         3.227980348        -2.107621113         4.574601200        0.8009655407         5.396864617        0.2054808612    
   -0.2240704501         3.227980348        -2.107621113         4.562981389        0.8303125557         5.370779162        0.2208975306    
   -0.2221135029         3.227980348        -2.107621113         4.550367374        0.8591064121         5.343148230        0.2356290244    
   -0.2201565558         3.227980348        -2.107621113         4.536765575        0.8873325909         5.313989244        0.2496682340    
   -0.2181996086         3.227980348        -2.107621113         4.522183817        0.9149767383         5.283321164        0.2630086325    
   -0.2162426614         3.227980348        -2.107621113         4.506631340        0.9420246752         5.251164452        0.2756442784    
   -0.2142857143         3.227980348        -2.107621113         4.490118808        0.9684623919         5.217541037        0.2875698112    
   -0.2123287671         3.227980348        -2.107621113         4.472658311        0.9942760582         5.182474273        0.2987804518    
   -0.2103718200         3.227980348        -2.107621113         4.454263377         1.019452018         5.145988903        0.3092719944    
   -0.2084148728         3.227980348        -2.107621113         4.434948963         1.043976798         5.108111007        0.3190408024    
   -0.2064579256         3.227980348        -2.107621113         4.414731462         1.067837102         5.068867963        0.3280837952    
   -0.2045009785         3.227980348        -2.107621113         4.393628696         1.091019819         5.028288392        0.3363984391    
   -0.2025440313         3.227980348        -2.107621113         4.371659910         1.113512018         4.986402111        0.3439827287    
   -0.2005870841         3.227980348        -2.107621113         4.348845759         1.135300953         4.943240073        0.3508351721    
   -0.1986301370         3.227980348        -2.107621113         4.325208304         1.156374060         4.898834323        0.3569547664    
   -0.1966731898         3.227980348        -2.107621113         4.300770993         1.176718962         4.853217929        0.3623409761    
   -0.1947162427         3.227980348        -2.107621113         4.275558645         1.196323462         4.806424933        0.3669937025    
   -0.1927592955         3.227980348        -2.107621113         4.249597430         1.215175551         4.758490288        0.3709132544    
   -0.1908023483         3.227980348        -2.107621113         4.222914850         1.233263404         4.709449800        0.3741003104    
   -0.1888454012         3.227980348        -2.107621113         4.195539711         1.250575381         4.659340066        0.3765558816    
   -0.1868884540         3.227980348        -2.107621113         4.167502098         1.267100029         4.608198420        0.3782812658    
   -0.1849315068         3.227980348        -2.107621113         4.138833343         1.282826080         4.556062863        0.3792780012    
   -0.1829745597         3.227980348        -2.107621113         4.109565997         1.297742455         4.502972018        0.3795478124    
   -0.1810176125         3.227980348        -2.107621113         4.079733793         1.311838265         4.448965063        0.3790925550    
   -0.1790606654         3.227980348        -2.107621113         4.049371609         1.325102808         4.394081684        0.3779141525    
   -0.1771037182         3.227980348        -2.107621113         4.018515428         1.337525577         4.338362019        0.3760145324    
   -0.1751467710         3.227980348        -2.107621113         3.987202299         1.349096259         4.281846616        0.3733955551    
   -0.1731898239         3.227980348        -2.107621113         3.955470285         1.359804729         4.224576381        0.3700589337    
   -0.1712328767         3.227980348        -2.107621113         3.923358390         1.369640912         4.166592508        0.3660060574    
   -0.1692759295         3.227980348        -2.107621113         3.890906460         1.378594636         4.107936406        0.3612377986    
   -0.1673189824         3.227980348        -2.107621113         3.858155148         1.386655603         4.048649692        0.3557544208    
   -0.1653620352         3.227980348        -2.107621113         3.825145861         1.393813400         3.988774188        0.3495555114    
   -0.1634050881         3.227980348        -2.107621113         3.791920721         1.400057503         3.928351942        0.3426399119    
   -0.1614481409         3.227980348        -2.107621113         3.758522519         1.405377286         3.867425245        0.3350056601    
   -0.1594911937         3.227980348        -2.107621113         3.724994663         1.409762022         3.806036661        0.3266499363    
   -0.1575342466         3.227980348        -2.107621113         3.691381131         1.413200900         3.744229071        0.3175690257    
   -0.1555772994         3.227980348        -2.107621113         3.657726421         1.415683032         3.682045723        0.3077582893    
   -0.1536203523         3.227980348        -2.107621113         3.624075492         1.417197464         3.619530284        0.2972121550    
   -0.1516634051         3.227980348        -2.107621113         3.590473719         1.417733191         3.556726905        0.2859241204    
   -0.1497064579         3.227980348        -2.107621113         3.556966827         1.417279173         3.493680288        0.2738867774    
   -0.1477495108         3.227980348        -2.107621113         3.523600843         1.415824348         3.430435752        0.2610918490    
   -0.1457925636         3.227980348        -2.107621113         3.490422031         1.413357654         3.367039301        0.2475302465    
   -0.1438356164         3.227980348        -2.107621113         3.457476835         1.409868045         3.303537691        0.2331921375    
   -0.1418786693         3.227980348        -2.107621113         3.424811817         1.405344515         3.239978486        0.2180670295    
   -0.1399217221         3.227980348        -2.107621113         3.392473598         1.399776117         3.176410117        0.2021438606    
   -0.1379647750         3.227980348        -2.107621113         3.360508790         1.393151989         3.112881923        0.1854111010    
   -0.1360078278         3.227980348        -2.107621113         3.328963935         1.385461379         3.049444196        0.1678568567    
   -0.1340508806         3.227980348        -2.107621113         3.297885438         1.376693673         2.986148197        0.1494689792    
   -0.1320939335         3.227980348        -2.107621113         3.267319505         1.366838420         2.923046187        0.1302351737    
   -0.1301369863         3.227980348        -2.107621113         3.237312071         1.355885364         2.860191424        0.1101431087    
   -0.1281800391         3.227980348        -2.107621113         3.207908737         1.343824474         2.797638168        0.8918052226E-01
   -0.1262230920         3.227980348        -2.107621113         3.179154700         1.330645978         2.735441664        0.6733532716E-01
   -0.1242661448         3.227980348        -2.107621113         3.151094686         1.316340394         2.673658123        0.4459571041E-01
   -0.1223091977         3.227980348        -2.107621113         3.123772877         1.300898541         2.612344695        0.2095021433E-01
   -0.1203522505         3.227980348        -2.107621113         3.097232837         1.284311460         2.551559455       -0.3612243778E-02
   -0.1183953033         3.227980348        -2.107621113         3.071517441         1.266570410         2.491361368       -0.2910230598E-01
   -0.1164383562         3.227980348        -2.107621113         3.046668812         1.247666908         2.431810246       -0.5553008645E-01
   -0.1144814090         3.227980348        -2.107621113         3.022728252         1.227592773         2.372966697       -0.8290508419E-01
   -0.1125244618         3.227980348        -2.107621113         2.999736181         1.206340166         2.314892063       -0.1112361027    
   -0.1105675147         3.227980348        -2.107621113         2.977732070         1.183901642         2.257648354       -0.1405311706    
   -0.1086105675         3.227980348        -2.107621113         2.956754376         1.160270191         2.201298177       -0.1707974690    
   -0.1066536204         3.227980348        -2.107621113         2.936840474         1.135439291         2.145904656       -0.2020412590    
   -0.1046966732         3.227980348        -2.107621113         2.918026597         1.109402951         2.091531353       -0.2342678163    
   -0.1027397260         3.227980348        -2.107621113         2.900347765         1.082155769         2.038242170       -0.2674813653    
   -0.1007827789         3.227980348        -2.107621113         2.883837728         1.053692971         1.986101266       -0.3016850191    
   -0.9882583170E-01     3.227980348        -2.107621113         2.868528892         1.024010477         1.935172950       -0.3368807203    
   -0.9686888454E-01     3.227980348        -2.107621113         2.854452265        0.9931049369         1.885521586       -0.3730691861    
   -0.9491193738E-01     3.227980348        -2.107621113         2.841637388        0.9609737961         1.837211478       -0.4102498545    
   -0.9295499022E-01     3.227980348        -2.107621113         2.830112276        0.9276153389         1.790306768       -0.4484208352    
   -0.9099804305E-01     3.227980348        -2.107621113         2.819903356        0.8930287467         1.744871316       -0.4875788602    
   -0.8904109589E-01     3.227980348        -2.107621113         2.811035404        0.8572141468         1.700968584       -0.5277192401    
   -0.8708414873E-01     3.227980348        -2.107621113         2.803531490        0.8201726688         1.658661518       -0.5688358198    
   -0.8512720157E-01     3.227980348        -2.107621113         2.797412920        0.7819064929         1.618012421       -0.6109209394    
   -0.8317025440E-01     3.227980348        -2.107621113         2.792699174        0.7424189065         1.579082831       -0.6539653948    
   -0.8121330724E-01     3.227980348        -2.107621113         2.789407859        0.7017143511         1.541933390       -0.6979584041    
   -0.7925636008E-01     3.227980348        -2.107621113         2.787554649        0.6597984778         1.506623712       -0.7428875728    
   -0.7729941292E-01     3.227980348        -2.107621113         2.787153236        0.6166781930         1.473212259       -0.7887388652    
   -0.7534246575E-01     3.227980348        -2.107621113         2.788215281        0.5723617120         1.441756195       -0.8354965748    
   -0.7338551859E-01     3.227980348        -2.107621113         2.790750366        0.5268586001         1.412311266       -0.8831433023    
   -0.7142857143E-01     3.227980348        -2.107621113         2.794765941        0.4801797913         1.384931669       -0.9316599428    
   -0.6947162427E-01     3.227980348        -2.107621113         2.800267282        0.4323375814         1.359669956       -0.9810256847    
   -0.6751467710E-01     3.227980348        -2.107621113         2.807257444        0.3833456729         1.336576892        -1.031217990    
   -0.6555772994E-01     3.227980348        -2.107621113         2.815737227        0.3332192192         1.315701331        -1.082212578    
   -0.6360078278E-01     3.227980348        -2.107621113         2.825705137        0.2819748739         1.297090067        -1.133983406    
   -0.6164383562E-01     3.227980348        -2.107621113         2.837157358        0.2296308308         1.280787709        -1.186502661    
   -0.5968688845E-01     3.227980348        -2.107621113         2.850087716        0.1762068702         1.266836539        -1.239740748    
   -0.5772994129E-01     3.227980348        -2.107621113         2.864487655        0.1217243938         1.255276379        -1.293666285    
   -0.5577299413E-01     3.227980348        -2.107621113         2.880346209        0.6620646625E-01     1.246144458        -1.348246096    
   -0.5381604697E-01     3.227980348        -2.107621113         2.897649985        0.9677845912E-02     1.239475276        -1.403445216    
   -0.5185909980E-01     3.227980348        -2.107621113         2.916383138       -0.4783497930E-01     1.235300478        -1.459226892    
   -0.4990215264E-01     3.227980348        -2.107621113         2.936527363       -0.1063037669         1.233648721        -1.515552589    
   -0.4794520548E-01     3.227980348        -2.107621113         2.958061877       -0.1656984898         1.234545548        -1.572382002    
   -0.4598825832E-01     3.227980348        -2.107621113         2.980963413       -0.2259873175         1.238013267        -1.629673069    
   -0.4403131115E-01     3.227980348        -2.107621113         3.005206215       -0.2871365926         1.244070825        -1.687381990    
   -0.4207436399E-01     3.227980348        -2.107621113         3.030762038       -0.3491108191         1.252733697        -1.745463247    
   -0.4011741683E-01     3.227980348        -2.107621113         3.057600149       -0.4118726459         1.264013766        -1.803869628    
   -0.3816046967E-01     3.227980348        -2.107621113         3.085687339       -0.4753828628         1.277919219        -1.862552259    
   -0.3620352250E-01     3.227980348        -2.107621113         3.114987924       -0.5396003915         1.294454438        -1.921460635    
   -0.3424657534E-01     3.227980348        -2.107621113         3.145463774       -0.6044822897         1.313619901        -1.980542660    
   -0.3228962818E-01     3.227980348        -2.107621113         3.177074320       -0.6699837508         1.335412089        -2.039744681    
   -0.3033268102E-01     3.227980348        -2.107621113         3.209776587       -0.7360581162         1.359823396        -2.099011542    
   -0.2837573386E-01     3.227980348        -2.107621113         3.243525219       -0.8026568842         1.386842042        -2.158286628    
   -0.2641878669E-01     3.227980348        -2.107621113         3.278272513       -0.8697297308         1.416452003        -2.217511917    
   -0.2446183953E-01     3.227980348        -2.107621113         3.313968459       -0.9372245280         1.448632934        -2.276628044    
   -0.2250489237E-01     3.227980348        -2.107621113         3.350560777        -1.005087376         1.483360114        -2.335574355    
   -0.2054794521E-01     3.227980348        -2.107621113         3.387994964        -1.073262638         1.520604381        -2.394288980    
   -0.1859099804E-01     3.227980348        -2.107621113         3.426214338        -1.141692983         1.560332091        -2.452708899    
   -0.1663405088E-01     3.227980348        -2.107621113         3.465160099        -1.210319423         1.602505075        -2.510770015    
   -0.1467710372E-01     3.227980348        -2.107621113         3.504771396        -1.279081363         1.647080612        -2.568407239    
   -0.1272015656E-01     3.227980348        -2.107621113         3.544985388        -1.347916650         1.694011398        -2.625554564    
   -0.1076320939E-01     3.227980348        -2.107621113         3.585737323        -1.416761627         1.743245542        -2.682145159    
   -0.8806262231E-02     3.227980348        -2.107621113         3.626960615        -1.485551199         1.794726553        -2.738111456    
   -0.6849315068E-02     3.227980348        -2.107621113         3.668586927        -1.554218896         1.848393352        -2.793385247    
   -0.4892367906E-02     3.227980348        -2.107621113         3.710546260        -1.622696947         1.904180284        -2.847897779    
   -0.2935420744E-02     3.227980348        -2.107621113         3.752767049        -1.690916356         1.962017143        -2.901579861    
   -0.9784735812E-03     3.227980348        -2.107621113         3.795176256        -1.758806984         2.021829207        -2.954361968    
    0.9784735812E-03     3.227980348        -2.107621113         3.837699477        -1.826297637         2.083537289        -3.006174351    
    0.2935420744E-02     3.227980348        -2.107621113         3.880261052        -1.893316161         2.147057786        -3.056947150    
    0.4892367906E-02     3.227980348        -2.107621113         3.922784173        -1.959789534         2.212302753        -3.106610512    
    0.6849315068E-02     3.227980348        -2.107621113         3.965191006        -2.025643974         2.279179978        -3.155094710    
    0.8806262231E-02     3.227980348        -2.107621113         4.007402810        -2.090805045         2.347593074        -3.202330269    
    0.1076320939E-01     3.227980348        -2.107621113         4.049340067        -2.155197767         2.417441578        -3.248248085    
    0.1272015656E-01     3.227980348        -2.107621113         4.090922609        -2.218746736         2.488621066        -3.292779564    
    0.1467710372E-01     3.227980348        -2.107621113         4.132069756        -2.281376243         2.561023274        -3.335856745    
    0.1663405088E-01     3.227980348        -2.107621113         4.172700455        -2.343010401         2.634536236        -3.377412438    
    0.1859099804E-01     3.227980348        -2.107621113         4.212733423        -2.403573276         2.709044427        -3.417380357    
    0.2054794521E-01     3.227980348        -2.107621113         4.252087290        -2.462989017         2.784428924        -3.455695265    
    0.2250489237E-01     3.227980348        -2.107621113         4.290680756        -2.521181999         2.860567573        -3.492293102    
    0.2446183953E-01     3.227980348        -2.107621113         4.328432737        -2.578076961         2.937335169        -3.527111137    
    0.2641878669E-01     3.227980348        -2.107621113         4.365262528        -2.633599149         3.014603650        -3.560088105    
    0.2837573386E-01     3.227980348        -2.107621113         4.401089962        -2.687674474         3.092242293        -3.591164361    
    0.3033268102E-01     3.227980348        -2.107621113         4.435835585        -2.740229670         3.170117932        -3.620282038    
    0.3228962818E-01     3.227980348        -2.107621113         4.469420825        -2.791192451         3.248095181        -3.647385202    
    0.3424657534E-01     3.227980348        -2.107621113         4.501768157        -2.840491671         3.326036672        -3.672419991    
    0.3620352250E-01     3.227980348        -2.107621113         4.532801275        -2.888057481         3.403803307        -3.695334764    
    0.3816046967E-01     3.227980348        -2.107621113         4.562445261        -2.933821490         3.481254510        -3.716080246    
    0.4011741683E-01     3.227980348        -2.107621113         4.590626757        -2.977716932         3.558248495        -3.734609667    
    0.4207436399E-01     3.227980348        -2.107621113         4.617274136        -3.019678818         3.634642542        -3.750878906    
    0.4403131115E-01     3.227980348        -2.107621113         4.642317675        -3.059644113         3.710293279        -3.764846630    
    0.4598825832E-01     3.227980348        -2.107621113         4.665689725        -3.097551884         3.785056972        -3.776474430    
    0.4794520548E-01     3.227980348        -2.107621113         4.687324880        -3.133343475         3.858789824        -3.785726959    
    0.4990215264E-01     3.227980348        -2.107621113         4.707160149        -3.166962659         3.931348278        -3.792572058    
    0.5185909980E-01     3.227980348        -2.107621113         4.725135124        -3.198355808         4.002589326        -3.796980888    
    0.5381604697E-01     3.227980348        -2.107621113         4.741192141        -3.227472039         4.072370828        -3.798928053    
    0.5577299413E-01     3.227980348        -2.107621113         4.755276446        -3.254263383         4.140551830        -3.798391719    
    0.5772994129E-01     3.227980348        -2.107621113         4.767336358        -3.278684929         4.206992884        -3.795353730    
    0.5968688845E-01     3.227980348        -2.107621113         4.777323421        -3.300694982         4.271556381        -3.789799721    
    0.6164383562E-01     3.227980348        -2.107621113         4.785192559        -3.320255206         4.334106879        -3.781719218    
    0.6360078278E-01     3.227980348        -2.107621113         4.790902227        -3.337330768         4.394511430        -3.771105745    
    0.6555772994E-01     3.227980348        -2.107621113         4.794414550        -3.351890476         4.452639915        -3.757956908    
    0.6751467710E-01     3.227980348        -2.107621113         4.795695471        -3.363906919         4.508365377        -3.742274492    
    0.6947162427E-01     3.227980348        -2.107621113         4.794714874        -3.373356588         4.561564350        -3.724064532    
    0.7142857143E-01     3.227980348        -2.107621113         4.791446720        -3.380220005         4.612117187        -3.703337394    
    0.7338551859E-01     3.227980348        -2.107621113         4.785869164        -3.384481835         4.659908390        -3.680107836    
    0.7534246575E-01     3.227980348        -2.107621113         4.777964673        -3.386131004         4.704826930        -3.654395067    
    0.7729941292E-01     3.227980348        -2.107621113         4.767720133        -3.385160798         4.746766573        -3.626222803    
    0.7925636008E-01     3.227980348        -2.107621113         4.755126993        -3.381569002         4.785626234        -3.595619347    
    0.8121330724E-01     3.227980348        -2.107621113         4.740181375        -3.375358003         4.821310310        -3.562617643    
    0.8317025440E-01     3.227980348        -2.107621113         4.722884160        -3.366534875         4.853728991        -3.527255298    
    0.8512720157E-01     3.227980348        -2.107621113         4.703241055        -3.355111444         4.882798549        -3.489574587    
    0.8708414873E-01     3.227980348        -2.107621113         4.681262660        -3.341104348         4.908441631        -3.449622454    
    0.8904109589E-01     3.227980348        -2.107621113         4.656964509        -3.324535085         4.930587523        -3.407450496    
    0.9099804305E-01     3.227980348        -2.107621113         4.630367120        -3.305430055         4.949172422        -3.363114945    
    0.9295499022E-01     3.227980348        -2.107621113         4.601496015        -3.283820579         4.964139674        -3.316676625    
    0.9491193738E-01     3.227980348        -2.107621113         4.570381743        -3.259742924         4.975440016        -3.268200916    
    0.9686888454E-01     3.227980348        -2.107621113         4.537059883        -3.233238298         4.983031790        -3.217757691    
    0.9882583170E-01     3.227980348        -2.107621113         4.501571039        -3.204352852         4.986881151        -3.165421248    
    0.1007827789         3.227980348        -2.107621113         4.463960817        -3.173137654         4.986962250        -3.111270235    
    0.1027397260         3.227980348        -2.107621113         4.424279805        -3.139648659         4.983257406        -3.055387556    
    0.1046966732         3.227980348        -2.107621113         4.382583517        -3.103946668         4.975757252        -2.997860270    
    0.1066536204         3.227980348        -2.107621113         4.338932348        -3.066097270         4.964460873        -2.938779478    
    0.1086105675         3.227980348        -2.107621113         4.293391502        -3.026170772         4.949375912        -2.878240197    
    0.1105675147         3.227980348        -2.107621113         4.246030910        -2.984242122         4.930518667        -2.816341228    
    0.1125244618         3.227980348        -2.107621113         4.196925138        -2.940390812         4.907914158        -2.753185004    
    0.1144814090         3.227980348        -2.107621113         4.146153284        -2.894700773         4.881596174        -2.688877438    
    0.1164383562         3.227980348        -2.107621113         4.093798855        -2.847260256         4.851607305        -2.623527748    
    0.1183953033         3.227980348        -2.107621113         4.039949638        -2.798161704         4.817998941        -2.557248285    
    0.1203522505         3.227980348        -2.107621113         3.984697557        -2.747501603         4.780831257        -2.490154340    
    0.1223091977         3.227980348        -2.107621113         3.928138517        -2.695380334         4.740173169        -2.422363945    
    0.1242661448         3.227980348        -2.107621113         3.870372237        -2.641901998         4.696102267        -2.353997667    
    0.1262230920         3.227980348        -2.107621113         3.811502070        -2.587174243         4.648704730        -2.285178387    
    0.1281800391         3.227980348        -2.107621113         3.751634822        -2.531308079         4.598075228        -2.216031077    
    0.1301369863         3.227980348        -2.107621113         3.690880563        -2.474417688         4.544316843        -2.146682564    
    0.1320939335         3.227980348        -2.107621113         3.629352413        -2.416620207         4.487540899        -2.077261279    
    0.1340508806         3.227980348        -2.107621113         3.567166302        -2.358035498         4.427866772        -2.007896990    
    0.1360078278         3.227980348        -2.107621113         3.504440730        -2.298785896         4.365421669        -1.938720535    
    0.1379647750         3.227980348        -2.107621113         3.441296510        -2.238995965         4.300340379        -1.869863538    
    0.1399217221         3.227980348        -2.107621113         3.377856504        -2.178792227         4.232765004        -1.801458135    
    0.1418786693         3.227980348        -2.107621113         3.314245351        -2.118302897         4.162844665        -1.733636678    
    0.1438356164         3.227980348        -2.107621113         3.250589186        -2.057657600         4.090735185        -1.666531448    
    0.1457925636         3.227980348        -2.107621113         3.187015354        -1.996987088         4.016598751        -1.600274355    
    0.1477495108         3.227980348        -2.107621113         3.123652116        -1.936422942         3.940603551        -1.534996642    
    0.1497064579         3.227980348        -2.107621113         3.060628347        -1.876097281         3.862923392        -1.470828586    
    0.1516634051         3.227980348        -2.107621113         2.998073235        -1.816142454         3.783737299        -1.407899190    
    0.1536203523         3.227980348        -2.107621113         2.936115970        -1.756690733         3.703229099        -1.346335886    
    0.1555772994         3.227980348        -2.107621113         2.874885433        -1.697874002         3.621586971        -1.286264231    
    0.1575342466         3.227980348        -2.107621113         2.814509883        -1.639823449         3.539003004        -1.227807604    
    0.1594911937         3.227980348        -2.107621113         2.755116635        -1.582669243         3.455672715        -1.171086912    
    0.1614481409         3.227980348        -2.107621113         2.696831754        -1.526540225         3.371794572        -1.116220288    
    0.1634050881         3.227980348        -2.107621113         2.639779729        -1.471563590         3.287569491        -1.063322803    
    0.1653620352         3.227980348        -2.107621113         2.584083160        -1.417864575         3.203200328        -1.012506175    
    0.1673189824         3.227980348        -2.107621113         2.529862448        -1.365566143         3.118891360       -0.9638784890    
    0.1692759295         3.227980348        -2.107621113         2.477235481        -1.314788679         3.034847754       -0.9175439199    
    0.1712328767         3.227980348        -2.107621113         2.426317329        -1.265649679         2.951275033       -0.8736024611    
    0.1731898239         3.227980348        -2.107621113         2.377219941        -1.218263455         2.868378536       -0.8321496657    
    0.1751467710         3.227980348        -2.107621113         2.330051848        -1.172740834         2.786362870       -0.7932763918    
    0.1771037182         3.227980348        -2.107621113         2.284917870        -1.129188870         2.705431360       -0.7570685521    
    0.1790606654         3.227980348        -2.107621113         2.241918785        -1.087710508         2.625785476       -0.7236068115    
    0.1810176125         3.227980348        -2.107621113         2.201151006        -1.048404267         2.547624244       -0.6929663052    
    0.1829745597         3.227980348        -2.107621113         2.162706305        -1.011363959         2.471143680       -0.6652164119    
    0.1849315068         3.227980348        -2.107621113         2.126671545       -0.9766784317         2.396536227       -0.6404205516    
    0.1868884540         3.227980348        -2.107621113         2.093128429       -0.9444313081         2.323990201       -0.6186359930    
    0.1888454012         3.227980348        -2.107621113         2.062153262       -0.9147007582         2.253689245       -0.5999136812    
    0.1908023483         3.227980348        -2.107621113         2.033816722       -0.8875592686         2.185811794       -0.5842980774    
    0.1927592955         3.227980348        -2.107621113         2.008183657       -0.8630734396         2.120530560       -0.5718270199    
    0.1947162427         3.227980348        -2.107621113         1.985312881       -0.8413037870         2.058012018       -0.5625315978    
    0.1966731898         3.227980348        -2.107621113         1.965257007       -0.8223045716         1.998415922       -0.5564360476    
    0.1986301370         3.227980348        -2.107621113         1.948062280       -0.8061236337         1.941894834       -0.5535576627    
    0.2005870841         3.227980348        -2.107621113         1.933768434       -0.7928022574         1.888593674       -0.5539067270    
    0.2025440313         3.227980348        -2.107621113         1.922408570       -0.7823750412         1.838649288       -0.5574864623    
    0.2045009785         3.227980348        -2.107621113         1.914009046       -0.7748697986         1.792190048       -0.5642929994    
    0.2064579256         3.227980348        -2.107621113         1.908589394       -0.7703074665         1.749335465       -0.5743153642    
    0.2084148728         3.227980348        -2.107621113         1.906162249       -0.7687020439         1.710195841       -0.5875354879    
    0.2103718200         3.227980348        -2.107621113         1.906733300       -0.7700605391         1.674871935       -0.6039282314    
    0.2123287671         3.227980348        -2.107621113         1.910301266       -0.7743829485         1.643454672       -0.6234614343    
    0.2142857143         3.227980348        -2.107621113         1.916857881       -0.7816622424         1.616024865       -0.6460959785    
    0.2162426614         3.227980348        -2.107621113         1.926387912       -0.7918843841         1.592652982       -0.6717858751    
    0.2181996086         3.227980348        -2.107621113         1.938869183       -0.8050283557         1.573398936       -0.7004783664    
    0.2201565558         3.227980348        -2.107621113         1.954272635       -0.8210662168         1.558311913       -0.7321140502    
    0.2221135029         3.227980348        -2.107621113         1.972562386       -0.8399631702         1.547430224       -0.7666270186    
    0.2240704501         3.227980348        -2.107621113         1.993695833       -0.8616776593         1.540781201       -0.8039450183    
    0.2260273973         3.227980348        -2.107621113         2.017623752       -0.8861614716         1.538381114       -0.8439896236    
    0.2279843444         3.227980348        -2.107621113         2.044290401       -0.9133598460         1.540235094       -0.8866764010    
    0.2299412916         3.227980348        -2.107621113         2.073633583       -0.9432115285         1.546336992       -0.9319150265    
    0.2318982387         3.227980348        -2.107621113         2.105584796       -0.9756489285         1.556669375       -0.9796094997    
    0.2338551859         3.227980348        -2.107621113         2.140069421        -1.010598308         1.571203587        -1.029658401    
    0.2358121331         3.227980348        -2.107621113         2.177006947        -1.047980006         1.589899855        -1.081955165    
    0.2377690802         3.227980348        -2.107621113         2.216311193        -1.087708658         1.612707427        -1.136388373    
    0.2397260274         3.227980348        -2.107621113         2.257890565        -1.129693462         1.639564754        -1.192842054    
    0.2416829746         3.227980348        -2.107621113         2.301648314        -1.173838431         1.670399691        -1.251196002    
    0.2436399217         3.227980348        -2.107621113         2.347482826        -1.220042686         1.705129753        -1.311326103    
    0.2455968689         3.227980348        -2.107621113         2.395287907        -1.268200742         1.743662390        -1.373104678    
    0.2475538160         3.227980348        -2.107621113         2.444953100        -1.318202826         1.785895298        -1.436400826    
    0.2495107632         3.227980348        -2.107621113         2.496363997        -1.369935188         1.831716764        -1.501080785    
    0.2514677104         3.227980348        -2.107621113         2.549402578        -1.423280444         1.881006039        -1.567008293    
    0.2534246575         3.227980348        -2.107621113         2.603947542        -1.478117903         1.933633733        -1.634044959    
    0.2553816047         3.227980348        -2.107621113         2.659874664        -1.534323932         1.989462250        -1.702050634    
    0.2573385519         3.227980348        -2.107621113         2.717057144        -1.591772297         2.048346231        -1.770883791    
    0.2592954990         3.227980348        -2.107621113         2.775365972        -1.650334536         2.110133039        -1.840401898    
    0.2612524462         3.227980348        -2.107621113         2.834670290        -1.709880318         2.174663241        -1.910461803    
    0.2632093933         3.227980348        -2.107621113         2.894837765        -1.770277816         2.241771135        -1.980920107    
    0.2651663405         3.227980348        -2.107621113         2.955734953        -1.831394074         2.311285270        -2.051633539    
    0.2671232877         3.227980348        -2.107621113         3.017227675        -1.893095385         2.383029002        -2.122459333    
    0.2690802348         3.227980348        -2.107621113         3.079181381        -1.955247649         2.456821045        -2.193255589    
    0.2710371820         3.227980348        -2.107621113         3.141461525        -2.017716756         2.532476045        -2.263881640    
    0.2729941292         3.227980348        -2.107621113         3.203933918        -2.080368934         2.609805150        -2.334198398    
    0.2749510763         3.227980348        -2.107621113         3.266465099        -2.143071125         2.688616607        -2.404068710    
    0.2769080235         3.227980348        -2.107621113         3.328922676        -2.205691322         2.768716327        -2.473357689    
    0.2788649706         3.227980348        -2.107621113         3.391175692        -2.268098942         2.849908459        -2.541933073    
    0.2808219178         3.227980348        -2.107621113         3.453094985        -2.330165178         2.931995952        -2.609665591    
    0.2827788650         3.227980348        -2.107621113         3.514553555        -2.391763371         3.014781191        -2.676429307    
    0.2847358121         3.227980348        -2.107621113         3.575426906        -2.452769353         3.098066609        -2.742101933    
    0.2866927593         3.227980348        -2.107621113         3.635593391        -2.513061793         3.181655319        -2.806565147    
    0.2886497065         3.227980348        -2.107621113         3.694934532        -2.572522513         3.265351711        -2.869704874    
    0.2906066536         3.227980348        -2.107621113         3.753335330        -2.631036804         3.348962058        -2.931411564    
    0.2925636008         3.227980348        -2.107621113         3.810684556        -2.688493714         3.432295089        -2.991580442    
    0.2945205479         3.227980348        -2.107621113         3.866875033        -2.744786331         3.515162568        -3.050111744    
    0.2964774951         3.227980348        -2.107621113         3.921803887        -2.799812037         3.597379830        -3.106910933    
    0.2984344423         3.227980348        -2.107621113         3.975372795        -2.853472753         3.678766321        -3.161888889    
    0.3003913894         3.227980348        -2.107621113         4.027488200        -2.905675153         3.759146091        -3.214962085    
    0.3023483366         3.227980348        -2.107621113         4.078061516        -2.956330878         3.838348288        -3.266052739    
    0.3043052838         3.227980348        -2.107621113         4.127009305        -3.005356702         3.916207599        -3.315088938    
    0.3062622309         3.227980348        -2.107621113         4.174253445        -3.052674710         3.992564695        -3.362004755    
    0.3082191781         3.227980348        -2.107621113         4.219721258        -3.098212417         4.067266617        -3.406740325    
    0.3101761252         3.227980348        -2.107621113         4.263345639        -3.141902910         4.140167154        -3.449241919    
    0.3121330724         3.227980348        -2.107621113         4.305065145        -3.183684921         4.211127178        -3.489461976    
    0.3140900196         3.227980348        -2.107621113         4.344824075        -3.223502924         4.280014954        -3.527359134    
    0.3160469667         3.227980348        -2.107621113         4.382572520        -3.261307171         4.346706412        -3.562898219    
    0.3180039139         3.227980348        -2.107621113         4.418266402        -3.297053742         4.411085397        -3.596050234    
    0.3199608611         3.227980348        -2.107621113         4.451867478        -3.330704543         4.473043863        -3.626792306    
    0.3219178082         3.227980348        -2.107621113         4.483343342        -3.362227311         4.532482067        -3.655107636    
    0.3238747554         3.227980348        -2.107621113         4.512667385        -3.391595570         4.589308692        -3.680985405    
    0.3258317025         3.227980348        -2.107621113         4.539818757        -3.418788604         4.643440973        -3.704420689    
    0.3277886497         3.227980348        -2.107621113         4.564782344        -3.443791417         4.694804807        -3.725414388    
    0.3297455969         3.227980348        -2.107621113         4.587548877        -3.466594862         4.743335030        -3.743973335    
    0.3317025440         3.227980348        -2.107621113         4.608114906        -3.487195597         4.788975509        -3.760110233    
    0.3336594912         3.227980348        -2.107621113         4.626482701        -3.505595999         4.831679172        -3.773843503    
    0.3356164384         3.227980348        -2.107621113         4.642660116        -3.521804021         4.871407956        -3.785197109    
    0.3375733855         3.227980348        -2.107621113         4.656660454        -3.535833063         4.908132765        -3.794200369    
    0.3395303327         3.227980348        -2.107621113         4.668502295        -3.547701792         4.941833354        -3.800887739    
    0.3414872798         3.227980348        -2.107621113         4.678209324        -3.557433979         4.972498212        -3.805298601    
    0.3434442270         3.227980348        -2.107621113         4.685810128        -3.565058292         5.000124389        -3.807477017    
    0.3454011742         3.227980348        -2.107621113         4.691338000        -3.570608098         5.024717312        -3.807471494    
    0.3473581213         3.227980348        -2.107621113         4.694830701        -3.574121230         5.046290555        -3.805334711    
    0.3493150685         3.227980348        -2.107621113         4.696330245        -3.575639768         5.064865604        -3.801123266    
    0.3512720157         3.227980348        -2.107621113         4.695882640        -3.575209781         5.080471571        -3.794897390    
    0.3532289628         3.227980348        -2.107621113         4.693537650        -3.572881093         5.093144912        -3.786720670    
    0.3551859100         3.227980348        -2.107621113         4.689348519        -3.568707000         5.102929092        -3.776659762    
    0.3571428571         3.227980348        -2.107621113         4.683371725        -3.562744032         5.109874271        -3.764784102    
    0.3590998043         3.227980348        -2.107621113         4.675666690        -3.555051655         5.114036931        -3.751165604    
    0.3610567515         3.227980348        -2.107621113         4.666295521        -3.545692020         5.115479520        -3.735878380    
    0.3630136986         3.227980348        -2.107621113         4.655322721        -3.534729664         5.114270062        -3.718998433    
    0.3649706458         3.227980348        -2.107621113         4.642814922        -3.522231258         5.110481774        -3.700603372    
    0.3669275930         3.227980348        -2.107621113         4.628840595        -3.508265301         5.104192649        -3.680772118    
    0.3688845401         3.227980348        -2.107621113         4.613469789        -3.492901870         5.095485067        -3.659584622    
    0.3708414873         3.227980348        -2.107621113         4.596773841        -3.476212322         5.084445363        -3.637121575    
    0.3727984344         3.227980348        -2.107621113         4.578825121        -3.458269048         5.071163428        -3.613464144    
    0.3747553816         3.227980348        -2.107621113         4.559696750        -3.439145183         5.055732271        -3.588693694    
    0.3767123288         3.227980348        -2.107621113         4.539462373        -3.418914382         5.038247646        -3.562891545    
    0.3786692759         3.227980348        -2.107621113         4.518196036        -3.397650697         5.018807825        -3.536138887    
    0.3806262231         3.227980348        -2.107621113         4.495972160        -3.375428554         4.997513491        -3.508516762    
    0.3825831703         3.227980348        -2.107621113         4.472865297        -3.352322500         4.974467336        -3.480105830    
    0.3845401174         3.227980348        -2.107621113         4.448949892        -3.328406973         4.949773663        -3.450986127    
    0.3864970646         3.227980348        -2.107621113         4.424300019        -3.303756036         4.923537945        -3.421236816    
    0.3884540117         3.227980348        -2.107621113         4.398989172        -3.278443165         4.895866449        -3.390935967    
    0.3904109589         3.227980348        -2.107621113         4.373090013        -3.252541000         4.866865813        -3.360160329    
    0.3923679061         3.227980348        -2.107621113         4.346674184        -3.226121156         4.836642688        -3.328985138    
    0.3943248532         3.227980348        -2.107621113         4.319812080        -3.199253993         4.805303340        -3.297483912    
    0.3962818004         3.227980348        -2.107621113         4.292572686        -3.172008454         4.772953325        -3.265728283    
    0.3982387476         3.227980348        -2.107621113         4.265023364        -3.144451856         4.739697110        -3.233787819    
    0.4001956947         3.227980348        -2.107621113         4.237229727        -3.116649757         4.705637790        -3.201729888    
    0.4021526419         3.227980348        -2.107621113         4.209255449        -3.088665766         4.670876738        -3.169619506    
    0.4041095890         3.227980348        -2.107621113         4.181162158        -3.060561443         4.635513361        -3.137519226    
    0.4060665362         3.227980348        -2.107621113         4.153009282        -3.032396133         4.599644786        -3.105489019    
    0.4080234834         3.227980348        -2.107621113         4.124853969        -3.004226894         4.563365653        -3.073586191    
    0.4099804305         3.227980348        -2.107621113         4.096750952        -2.976108357         4.526767849        -3.041865286    
    0.4119373777         3.227980348        -2.107621113         4.068752503        -2.948092682         4.489940333        -3.010378042    
    0.4138943249         3.227980348        -2.107621113         4.040908322        -2.920229440         4.452968913        -2.979173313    
    0.4158512720         3.227980348        -2.107621113         4.013265522        -2.892565606         4.415936121        -2.948297055    
    0.4178082192         3.227980348        -2.107621113         3.985868538        -2.865145456         4.378921018        -2.917792274    
    0.4197651663         3.227980348        -2.107621113         3.958759139        -2.838010588         4.341999123        -2.887699038    
    0.4217221135         3.227980348        -2.107621113         3.931976365        -2.811199846         4.305242249        -2.858054448    
    0.4236790607         3.227980348        -2.107621113         3.905556561        -2.784749365         4.268718480        -2.828892675    
    0.4256360078         3.227980348        -2.107621113         3.879533331        -2.758692511         4.232492042        -2.800244951    
    0.4275929550         3.227980348        -2.107621113         3.853937649        -2.733060000         4.196623383        -2.772139676    
    0.4295499022         3.227980348        -2.107621113         3.828798021        -2.707880044         4.161169391        -2.744602635    
    0.4315068493         3.227980348        -2.107621113         3.804140638        -2.683178518         4.126183543        -2.717657142    
    0.4334637965         3.227980348        -2.107621113         3.779989321        -2.658978886         4.091715793        -2.691324029    
    0.4354207436         3.227980348        -2.107621113         3.756365600        -2.635302289         4.057812613        -2.665621701    
    0.4373776908         3.227980348        -2.107621113         3.733288667        -2.612167479         4.024516906        -2.640566138    
    0.4393346380         3.227980348        -2.107621113         3.710775479        -2.589590940         3.991868081        -2.616170973    
    0.4412915851         3.227980348        -2.107621113         3.688840727        -2.567586821         3.959901994        -2.592447506    
    0.4432485323         3.227980348        -2.107621113         3.667496961        -2.546167088         3.928651068        -2.569404802    
    0.4452054795         3.227980348        -2.107621113         3.646754563        -2.525341464         3.898144249        -2.547049715    
    0.4471624266         3.227980348        -2.107621113         3.626621905        -2.505117598         3.868407171        -2.525387005    
    0.4491193738         3.227980348        -2.107621113         3.607105316        -2.485501009         3.839462120        -2.504419366    
    0.4510763209         3.227980348        -2.107621113         3.588209269        -2.466495282         3.811328245        -2.484147562    
    0.4530332681         3.227980348        -2.107621113         3.569936346        -2.448101998         3.784021526        -2.464570455    
    0.4549902153         3.227980348        -2.107621113         3.552287451        -2.430320966         3.757555021        -2.445685160    
    0.4569471624         3.227980348        -2.107621113         3.535261761        -2.413150126         3.731938842        -2.427487065    
    0.4589041096         3.227980348        -2.107621113         3.518856970        -2.396585821         3.707180433        -2.409970005    
    0.4608610568         3.227980348        -2.107621113         3.503069227        -2.380622667         3.683284538        -2.393126273    
    0.4628180039         3.227980348        -2.107621113         3.487893406        -2.365253863         3.660253527        -2.376946806    
    0.4647749511         3.227980348        -2.107621113         3.473323019        -2.350471025         3.638087337        -2.361421189    
    0.4667318982         3.227980348        -2.107621113         3.459350530        -2.336264531         3.616783844        -2.346537849    
    0.4686888454         3.227980348        -2.107621113         3.445967222        -2.322623309         3.596338777        -2.332284047    
    0.4706457926         3.227980348        -2.107621113         3.433163566        -2.309535237         3.576746139        -2.318646084    
    0.4726027397         3.227980348        -2.107621113         3.420929031        -2.296986844         3.557998069        -2.305609265    
    0.4745596869         3.227980348        -2.107621113         3.409252519        -2.284963801         3.540085336        -2.293158138    
    0.4765166341         3.227980348        -2.107621113         3.398122095        -2.273450502         3.522997122        -2.281276406    
    0.4784735812         3.227980348        -2.107621113         3.387525528        -2.262430674         3.506721619        -2.269947208    
    0.4804305284         3.227980348        -2.107621113         3.377449884        -2.251886784         3.491245679        -2.259152968    
    0.4823874755         3.227980348        -2.107621113         3.367882232        -2.241800840         3.476555579        -2.248875741    
    0.4843444227         3.227980348        -2.107621113         3.358809035        -2.232153526         3.462636457        -2.239096957    
    0.4863013699         3.227980348        -2.107621113         3.350217116        -2.222925316         3.449473346        -2.229797881    
    0.4882583170         3.227980348        -2.107621113         3.342092699        -2.214095145         3.437050249        -2.220959184    
    0.4902152642         3.227980348        -2.107621113         3.334422867        -2.205642124         3.425351668        -2.212561613    
    0.4921722114         3.227980348        -2.107621113         3.327193889        -2.197543284         3.414360950        -2.204585231    
    0.4941291585         3.227980348        -2.107621113         3.320393782        -2.189776655         3.404062929        -2.197010574    
    0.4960861057         3.227980348        -2.107621113         3.314008816        -2.182316665         3.394440421        -2.189817042    
    0.4980430528         3.227980348        -2.107621113         3.308029508        -2.175141541         3.385480327        -2.182985603    
    0.5000000000         3.227980348        -2.107621113         3.302439140        -2.168218481         3.377162041        -2.176493546    
