   -0.5000000000        -7.413949603        -1.162243643        -7.357792026        -1.177864872        -7.373048347        -1.141385459    
   -0.4980430528        -7.413949603        -1.162243643        -7.358996824        -1.172632582        -7.374342395        -1.146484527    
   -0.4960861057        -7.413949603        -1.162243643        -7.359763346        -1.167591197        -7.375393104        -1.151494484    
   -0.4941291585        -7.413949603        -1.162243643        -7.360116753        -1.162694194        -7.376212564        -1.156445303    
   -0.4921722114        -7.413949603        -1.162243643        -7.360075663        -1.157906554        -7.376810310        -1.161364820    
   -0.4902152642        -7.413949603        -1.162243643        -7.359656725        -1.153192301        -7.377194720        -1.166279654    
   -0.4882583170        -7.413949603        -1.162243643        -7.358872907        -1.148520194        -7.377372538        -1.171215026    
   -0.4863013699        -7.413949603        -1.162243643        -7.357735032        -1.143859734        -7.377349362        -1.176195122    
   -0.4843444227        -7.413949603        -1.162243643        -7.356251218        -1.139183396        -7.377129503        -1.181243086    
   -0.4823874755        -7.413949603        -1.162243643        -7.354427712        -1.134464583        -7.376716263        -1.186381239    
   -0.4804305284        -7.413949603        -1.162243643        -7.352268657        -1.129678794        -7.376111883        -1.191631107    
   -0.4784735812        -7.413949603        -1.162243643        -7.349776631        -1.124802367        -7.375317731        -1.197013570    
   -0.4765166341        -7.413949603        -1.162243643        -7.346952543        -1.119813190        -7.374334285        -1.202548893    
   -0.4745596869        -7.413949603        -1.162243643        -7.343796016        -1.114689853        -7.373161267        -1.208256831    
   -0.4726027397        -7.413949603        -1.162243643        -7.340305337        -1.109412129        -7.371797649        -1.214156655    
   -0.4706457926        -7.413949603        -1.162243643        -7.336477750        -1.103960361        -7.370241749        -1.220267226    
   -0.4686888454        -7.413949603        -1.162243643        -7.332309433        -1.098315823        -7.368491240        -1.226607013    
   -0.4667318982        -7.413949603        -1.162243643        -7.327795729        -1.092460255        -7.366543236        -1.233194141    
   -0.4647749511        -7.413949603        -1.162243643        -7.322931137        -1.086376148        -7.364394296        -1.240046404    
   -0.4628180039        -7.413949603        -1.162243643        -7.317709504        -1.080046392        -7.362040498        -1.247181293    
   -0.4608610568        -7.413949603        -1.162243643        -7.312124023        -1.073454500        -7.359477442        -1.254615996    
   -0.4589041096        -7.413949603        -1.162243643        -7.306167394        -1.066584346        -7.356700318        -1.262367421    
   -0.4569471624        -7.413949603        -1.162243643        -7.299831832        -1.059420345        -7.353703906        -1.270452178    
   -0.4549902153        -7.413949603        -1.162243643        -7.293109200        -1.051947252        -7.350482637        -1.278886597    
   -0.4530332681        -7.413949603        -1.162243643        -7.285991026        -1.044150323        -7.347030596        -1.287686700    
   -0.4510763209        -7.413949603        -1.162243643        -7.278468618        -1.036015153        -7.343341572        -1.296868207    
   -0.4491193738        -7.413949603        -1.162243643        -7.270533081        -1.027527820        -7.339409071        -1.306446509    
   -0.4471624266        -7.413949603        -1.162243643        -7.262175424        -1.018674757        -7.335226350        -1.316436661    
   -0.4452054795        -7.413949603        -1.162243643        -7.253386580        -1.009442888        -7.330786435        -1.326853351    
   -0.4432485323        -7.413949603        -1.162243643        -7.244157497       -0.9998195177        -7.326082160        -1.337710886    
   -0.4412915851        -7.413949603        -1.162243643        -7.234479161       -0.9897924640        -7.321106171        -1.349023159    
   -0.4393346380        -7.413949603        -1.162243643        -7.224342683       -0.9793499682        -7.315850969        -1.360803631    
   -0.4373776908        -7.413949603        -1.162243643        -7.213739320       -0.9684808131        -7.310308920        -1.373065295    
   -0.4354207436        -7.413949603        -1.162243643        -7.202660554       -0.9571742545        -7.304472286        -1.385820654    
   -0.4334637965        -7.413949603        -1.162243643        -7.191098112       -0.9454201290        -7.298333237        -1.399081683    
   -0.4315068493        -7.413949603        -1.162243643        -7.179044042       -0.9332087988        -7.291883886        -1.412859807    
   -0.4295499022        -7.413949603        -1.162243643        -7.166490729       -0.9205312510        -7.285116294        -1.427165865    
   -0.4275929550        -7.413949603        -1.162243643        -7.153430964       -0.9073790518        -7.278022505        -1.442010084    
   -0.4256360078        -7.413949603        -1.162243643        -7.139857962       -0.8937444379        -7.270594551        -1.457402046    
   -0.4236790607        -7.413949603        -1.162243643        -7.125765421       -0.8796202800        -7.262824486        -1.473350659    
   -0.4217221135        -7.413949603        -1.162243643        -7.111147583       -0.8650002077        -7.254704413        -1.489864086    
   -0.4197651663        -7.413949603        -1.162243643        -7.095999392       -0.8498786780        -7.246226564        -1.506949602    
   -0.4178082192        -7.413949603        -1.162243643        -7.080316546       -0.8342510935        -7.237383336        -1.524613525    
   -0.4158512720        -7.413949603        -1.162243643        -7.064095570       -0.8181137951        -7.228167321        -1.542861164    
   -0.4138943249        -7.413949603        -1.162243643        -7.047333855       -0.8014641576        -7.218571336        -1.561696768    
   -0.4119373777        -7.413949603        -1.162243643        -7.030029719       -0.7843005867        -7.208588452        -1.581123477    
   -0.4099804305        -7.413949603        -1.162243643        -7.012182447       -0.7666226082        -7.198212025        -1.601143272    
   -0.4080234834        -7.413949603        -1.162243643        -6.993792350       -0.7484308672        -7.187435725        -1.621756927    
   -0.4060665362        -7.413949603        -1.162243643        -6.974860799       -0.7297272104        -7.176253564        -1.642963961    
   -0.4041095890        -7.413949603        -1.162243643        -6.955390279       -0.7105146856        -7.164659927        -1.664762600    
   -0.4021526419        -7.413949603        -1.162243643        -6.935384416       -0.6907976166        -7.152649599        -1.687149729    
   -0.4001956947        -7.413949603        -1.162243643        -6.914848028       -0.6705816010        -7.140217791        -1.710120860    
   -0.3982387476        -7.413949603        -1.162243643        -6.893787148       -0.6498735770        -7.127360171        -1.733670089    
   -0.3962818004        -7.413949603        -1.162243643        -6.872209062       -0.6286818177        -7.114072885        -1.757790071    
   -0.3943248532        -7.413949603        -1.162243643        -6.850122327       -0.6070159891        -7.100352586        -1.782471987    
   -0.3923679061        -7.413949603        -1.162243643        -6.827536806       -0.5848871401        -7.086196454        -1.807705523    
   -0.3904109589        -7.413949603        -1.162243643        -6.804463672       -0.5623077500        -7.071602220        -1.833478846    
   -0.3884540117        -7.413949603        -1.162243643        -6.780915433       -0.5392917128        -7.056568187        -1.859778593    
   -0.3864970646        -7.413949603        -1.162243643        -6.756905935       -0.5158543739        -7.041093248        -1.886589858    
   -0.3845401174        -7.413949603        -1.162243643        -6.732450370       -0.4920125076        -7.025176904        -1.913896185    
   -0.3825831703        -7.413949603        -1.162243643        -6.707565270       -0.4677843424        -7.008819277        -1.941679572    
   -0.3806262231        -7.413949603        -1.162243643        -6.682268509       -0.4431895301        -6.992021128        -1.969920473    
   -0.3786692759        -7.413949603        -1.162243643        -6.656579280       -0.4182491590        -6.974783863        -1.998597812    
   -0.3767123288        -7.413949603        -1.162243643        -6.630518093       -0.3929857151        -6.957109544        -2.027688996    
   -0.3747553816        -7.413949603        -1.162243643        -6.604106735       -0.3674230809        -6.939000893        -2.057169943    
   -0.3727984344        -7.413949603        -1.162243643        -6.577368273       -0.3415865053        -6.920461310        -2.087015090    
   -0.3708414873        -7.413949603        -1.162243643        -6.550327148       -0.3155027269        -6.901494951        -2.117197275    
   -0.3688845401        -7.413949603        -1.162243643        -6.523009259       -0.2892000271        -6.882106796        -2.147687653    
   -0.3669275930        -7.413949603        -1.162243643        -6.495441943       -0.2627082389        -6.862302669        -2.178455709    
   -0.3649706458        -7.413949603        -1.162243643        -6.467653954       -0.2360587026        -6.842089251        -2.209469276    
   -0.3630136986        -7.413949603        -1.162243643        -6.439675428       -0.2092842542        -6.821474082        -2.240694577    
   -0.3610567515        -7.413949603        -1.162243643        -6.411537854       -0.1824191712        -6.800465577        -2.272096251    
   -0.3590998043        -7.413949603        -1.162243643        -6.383274020       -0.1554991498        -6.779073021        -2.303637405    
   -0.3571428571        -7.413949603        -1.162243643        -6.354917977       -0.1285612401        -6.757306578        -2.335279659    
   -0.3551859100        -7.413949603        -1.162243643        -6.326504977       -0.1016438110        -6.735177286        -2.366983202    
   -0.3532289628        -7.413949603        -1.162243643        -6.298071421       -0.7478647585E-01    -6.712697052        -2.398706853    
   -0.3512720157        -7.413949603        -1.162243643        -6.269654790       -0.4803004518E-01    -6.689878650        -2.430408131    
   -0.3493150685        -7.413949603        -1.162243643        -6.241293576       -0.2141644203E-01    -6.666735707        -2.462043326    
   -0.3473581213        -7.413949603        -1.162243643        -6.213027209        0.5011356376E-02    -6.643282691        -2.493567579    
   -0.3454011742        -7.413949603        -1.162243643        -6.184895975        0.3120941316E-01    -6.619534900        -2.524934966    
   -0.3434442270        -7.413949603        -1.162243643        -6.156940932        0.5713290093E-01    -6.595508435        -2.556098591    
   -0.3414872798        -7.413949603        -1.162243643        -6.129203819        0.8273620538E-01    -6.571220187        -2.587010681    
   -0.3395303327        -7.413949603        -1.162243643        -6.101726961        0.1079730045        -6.546687805        -2.617622684    
   -0.3375733855        -7.413949603        -1.162243643        -6.074553174        0.1327963802        -6.521929674        -2.647885381    
   -0.3356164384        -7.413949603        -1.162243643        -6.047725655        0.1571589070        -6.496964878        -2.677748990    
   -0.3336594912        -7.413949603        -1.162243643        -6.021287883        0.1810127702        -6.471813173        -2.707163285    
   -0.3317025440        -7.413949603        -1.162243643        -5.995283504        0.2043098626        -6.446494944        -2.736077713    
   -0.3297455969        -7.413949603        -1.162243643        -5.969756220        0.2270019088        -6.421031169        -2.764441516    
   -0.3277886497        -7.413949603        -1.162243643        -5.944749669        0.2490405680        -6.395443372        -2.792203858    
   -0.3258317025        -7.413949603        -1.162243643        -5.920307313        0.2703775626        -6.369753584        -2.819313949    
   -0.3238747554        -7.413949603        -1.162243643        -5.896472316        0.2909647830        -6.343984289        -2.845721178    
   -0.3219178082        -7.413949603        -1.162243643        -5.873287502        0.3107543448        -6.318158438        -2.871375153    
   -0.3199608611        -7.413949603        -1.162243643        -5.850795449        0.3296984880        -6.292299549        -2.896225584    
   -0.3180039139        -7.413949603        -1.162243643        -5.829038444        0.3477496443        -6.266431717        -2.920222337    
   -0.3160469667        -7.413949603        -1.162243643        -5.808058363        0.3648605376        -6.240579568        -2.943315559    
   -0.3140900196        -7.413949603        -1.162243643        -5.787896567        0.3809843051        -6.214768222        -2.965455791    
   -0.3121330724        -7.413949603        -1.162243643        -5.768593789        0.3960746006        -6.189023246        -2.986594091    
   -0.3101761252        -7.413949603        -1.162243643        -5.750190022        0.4100857175        -6.163370610        -3.006682162    
   -0.3082191781        -7.413949603        -1.162243643        -5.732724405        0.4229726920        -6.137836638        -3.025672468    
   -0.3062622309        -7.413949603        -1.162243643        -5.716235114        0.4346914270        -6.112447962        -3.043518361    
   -0.3043052838        -7.413949603        -1.162243643        -5.700759250        0.4451987938        -6.087231465        -3.060174201    
   -0.3023483366        -7.413949603        -1.162243643        -5.686332728        0.4544527544        -6.062214233        -3.075595479    
   -0.3003913894        -7.413949603        -1.162243643        -5.672990168        0.4624124614        -6.037423498        -3.089738938    
   -0.2984344423        -7.413949603        -1.162243643        -5.660764794        0.4690383764        -6.012886585        -3.102562689    
   -0.2964774951        -7.413949603        -1.162243643        -5.649688320        0.4742923663        -5.988630854        -3.114026331    
   -0.2945205479        -7.413949603        -1.162243643        -5.639790858        0.4781378168        -5.964683640        -3.124091062    
   -0.2925636008        -7.413949603        -1.162243643        -5.631100810        0.4805397237        -5.941072201        -3.132719790    
   -0.2906066536        -7.413949603        -1.162243643        -5.623644783        0.4814647991        -5.917823650        -3.139877245    
   -0.2886497065        -7.413949603        -1.162243643        -5.617447487        0.4808815562        -5.894964903        -3.145530077    
   -0.2866927593        -7.413949603        -1.162243643        -5.612531654        0.4787604077        -5.872522616        -3.149646960    
   -0.2847358121        -7.413949603        -1.162243643        -5.608917954        0.4750737417        -5.850523124        -3.152198686    
   -0.2827788650        -7.413949603        -1.162243643        -5.606624916        0.4697960108        -5.828992380        -3.153158254    
   -0.2808219178        -7.413949603        -1.162243643        -5.605668853        0.4629037982        -5.807955900        -3.152500958    
   -0.2788649706        -7.413949603        -1.162243643        -5.606063800        0.4543758958        -5.787438696        -3.150204464    
   -0.2769080235        -7.413949603        -1.162243643        -5.607821445        0.4441933592        -5.767465225        -3.146248881    
   -0.2749510763        -7.413949603        -1.162243643        -5.610951078        0.4323395748        -5.748059321        -3.140616835    
   -0.2729941292        -7.413949603        -1.162243643        -5.615459555        0.4188002871        -5.729244162        -3.133293506    
   -0.2710371820        -7.413949603        -1.162243643        -5.621351410        0.4035635192        -5.711042343        -3.124266524    
   -0.2690802348        -7.413949603        -1.162243643        -5.628628954        0.3866194859        -5.693475962        -3.113525870    
   -0.2671232877        -7.413949603        -1.162243643        -5.637292261        0.3679606273        -5.676566581        -3.101063902    
   -0.2651663405        -7.413949603        -1.162243643        -5.647339135        0.3475816390        -5.660335189        -3.086875400    
   -0.2632093933        -7.413949603        -1.162243643        -5.658765088        0.3254795095        -5.644802152        -3.070957599    
   -0.2612524462        -7.413949603        -1.162243643        -5.671563324        0.3016535382        -5.629987174        -3.053310214    
   -0.2592954990        -7.413949603        -1.162243643        -5.685724721        0.2761053623        -5.615909258        -3.033935470    
   -0.2573385519        -7.413949603        -1.162243643        -5.701237832        0.2488389638        -5.602586661        -3.012838113    
   -0.2553816047        -7.413949603        -1.162243643        -5.718088880        0.2198606850        -5.590036862        -2.990025421    
   -0.2534246575        -7.413949603        -1.162243643        -5.736261764        0.1891792242        -5.578276519        -2.965507212    
   -0.2514677104        -7.413949603        -1.162243643        -5.755738073        0.1568056397        -5.567321438        -2.939295835    
   -0.2495107632        -7.413949603        -1.162243643        -5.776497099        0.1227533340        -5.557186539        -2.911406171    
   -0.2475538160        -7.413949603        -1.162243643        -5.798515862        0.8703804572E-01    -5.547885821        -2.881855609    
   -0.2455968689        -7.413949603        -1.162243643        -5.821769141        0.4967782286E-01    -5.539432337        -2.850664032    
   -0.2436399217        -7.413949603        -1.162243643        -5.846229509        0.1069300251E-01    -5.531838160        -2.817853786    
   -0.2416829746        -7.413949603        -1.162243643        -5.871867367       -0.2989382730E-01    -5.525114365        -2.783449647    
   -0.2397260274        -7.413949603        -1.162243643        -5.898651001       -0.7205785921E-01    -5.519270996        -2.747478782    
   -0.2377690802        -7.413949603        -1.162243643        -5.926546626       -0.1157721161        -5.514317053        -2.709970703    
   -0.2358121331        -7.413949603        -1.162243643        -5.955518448       -0.1610074939        -5.510260466        -2.670957212    
   -0.2338551859        -7.413949603        -1.162243643        -5.985528725       -0.2077328219        -5.507108082        -2.630472347    
   -0.2318982387        -7.413949603        -1.162243643        -6.016537837       -0.2559149164        -5.504865649        -2.588552317    
   -0.2299412916        -7.413949603        -1.162243643        -6.048504357       -0.3055186516        -5.503537804        -2.545235431    
   -0.2279843444        -7.413949603        -1.162243643        -6.081385131       -0.3565070230        -5.503128064        -2.500562025    
   -0.2260273973        -7.413949603        -1.162243643        -6.115135361       -0.4088412282        -5.503638816        -2.454574379    
   -0.2240704501        -7.413949603        -1.162243643        -6.149708693       -0.4624807401        -5.505071317        -2.407316637    
   -0.2221135029        -7.413949603        -1.162243643        -6.185057331       -0.5173834114        -5.507425732        -2.358834681    
   -0.2201565558        -7.413949603        -1.162243643        -6.221132224       -0.5735056022        -5.510701284        -2.309175954    
   -0.2181996086        -7.413949603        -1.162243643        -6.257883178       -0.6308022769        -5.514896309        -2.258389339    
   -0.2162426614        -7.413949603        -1.162243643        -6.295258945       -0.6892270732        -5.520008252        -2.206525083    
   -0.2142857143        -7.413949603        -1.162243643        -6.333207320       -0.7487323845        -5.526033680        -2.153634703    
   -0.2123287671        -7.413949603        -1.162243643        -6.371675226       -0.8092694343        -5.532968284        -2.099770906    
   -0.2103718200        -7.413949603        -1.162243643        -6.410608817       -0.8707883620        -5.540806889        -2.044987490    
   -0.2084148728        -7.413949603        -1.162243643        -6.449953573       -0.9332383018        -5.549543463        -1.989339257    
   -0.2064579256        -7.413949603        -1.162243643        -6.489654401       -0.9965674726        -5.559171132        -1.932881914    
   -0.2045009785        -7.413949603        -1.162243643        -6.529655732        -1.060723260        -5.569682187        -1.875671979    
   -0.2025440313        -7.413949603        -1.162243643        -6.569901629        -1.125652308        -5.581068106        -1.817766677    
   -0.2005870841        -7.413949603        -1.162243643        -6.610335886        -1.191300605        -5.593319565        -1.759223848    
   -0.1986301370        -7.413949603        -1.162243643        -6.650902135        -1.257613577        -5.606426459        -1.700101838    
   -0.1966731898        -7.413949603        -1.162243643        -6.691543948        -1.324536174        -5.620377921        -1.640459405    
   -0.1947162427        -7.413949603        -1.162243643        -6.732204945        -1.392012967        -5.635162343        -1.580355608    
   -0.1927592955        -7.413949603        -1.162243643        -6.772828894        -1.459988230        -5.650767396        -1.519849711    
   -0.1908023483        -7.413949603        -1.162243643        -6.813359822        -1.528406042        -5.667180058        -1.459001077    
   -0.1888454012        -7.413949603        -1.162243643        -6.853742113        -1.597210369        -5.684386636        -1.397869065    
   -0.1868884540        -7.413949603        -1.162243643        -6.893920617        -1.666345163        -5.702372792        -1.336512929    
   -0.1849315068        -7.413949603        -1.162243643        -6.933840747        -1.735754442        -5.721123573        -1.274991714    
   -0.1829745597        -7.413949603        -1.162243643        -6.973448585        -1.805382389        -5.740623438        -1.213364157    
   -0.1810176125        -7.413949603        -1.162243643        -7.012690978        -1.875173432        -5.760856287        -1.151688586    
   -0.1790606654        -7.413949603        -1.162243643        -7.051515639        -1.945072337        -5.781805494        -1.090022819    
   -0.1771037182        -7.413949603        -1.162243643        -7.089871241        -2.015024287        -5.803453936        -1.028424072    
   -0.1751467710        -7.413949603        -1.162243643        -7.127707512        -2.084974973        -5.825784027       -0.9669488577    
   -0.1731898239        -7.413949603        -1.162243643        -7.164975327        -2.154870666        -5.848777758       -0.9056528961    
   -0.1712328767        -7.413949603        -1.162243643        -7.201626803        -2.224658265        -5.872416793       -0.8445910333    
   -0.1692759295        -7.413949603        -1.162243643        -7.237615389        -2.294285310        -5.896682576       -0.7838171763    
   -0.1673189824        -7.413949603        -1.162243643        -7.272895937        -2.363700039        -5.921556372       -0.7233842245    
   -0.1653620352        -7.413949603        -1.162243643        -7.307424774        -2.432851440        -5.947019295       -0.6633440044    
   -0.1634050881        -7.413949603        -1.162243643        -7.341159766        -2.501689298        -5.973052332       -0.6037472049    
   -0.1614481409        -7.413949603        -1.162243643        -7.374060385        -2.570164250        -5.999636374       -0.5446433170    
   -0.1594911937        -7.413949603        -1.162243643        -7.406087768        -2.638227825        -6.026752245       -0.4860805748    
   -0.1575342466        -7.413949603        -1.162243643        -7.437204778        -2.705832488        -6.054380730       -0.4281058999    
   -0.1555772994        -7.413949603        -1.162243643        -7.467376053        -2.772931688        -6.082502602       -0.3707648492    
   -0.1536203523        -7.413949603        -1.162243643        -7.496568063        -2.839479883        -6.111098652       -0.3141015642    
   -0.1516634051        -7.413949603        -1.162243643        -7.524749158        -2.905432590        -6.140149715       -0.2581587248    
   -0.1497064579        -7.413949603        -1.162243643        -7.551889609        -2.970746406        -6.169636700       -0.2029775053    
   -0.1477495108        -7.413949603        -1.162243643        -7.577961652        -3.035379046        -6.199540617       -0.1485975335    
   -0.1457925636        -7.413949603        -1.162243643        -7.602939529        -3.099289365        -6.229842602       -0.9505685315E-01
   -0.1438356164        -7.413949603        -1.162243643        -7.626799514        -3.162437390        -6.260523950       -0.4239188971E-01
   -0.1418786693        -7.413949603        -1.162243643        -7.649519954        -3.224784332        -6.291566134        0.9362580970E-02
   -0.1399217221        -7.413949603        -1.162243643        -7.671081289        -3.286292616        -6.322950839        0.6017346084E-01
   -0.1379647750        -7.413949603        -1.162243643        -7.691466077        -3.346925889        -6.354659984        0.1100093542    
   -0.1360078278        -7.413949603        -1.162243643        -7.710659016        -3.406649041        -6.386675748        0.1588405894    
   -0.1340508806        -7.413949603        -1.162243643        -7.728646960        -3.465428212        -6.418980596        0.2066392371    
   -0.1320939335        -7.413949603        -1.162243643        -7.745418929        -3.523230804        -6.451557304        0.2533791255    
   -0.1301369863        -7.413949603        -1.162243643        -7.760966119        -3.580025484        -6.484388986        0.2990358518    
   -0.1281800391        -7.413949603        -1.162243643        -7.775281911        -3.635782196        -6.517459112        0.3435867916    
   -0.1262230920        -7.413949603        -1.162243643        -7.788361865        -3.690472150        -6.550751537        0.3870111032    
   -0.1242661448        -7.413949603        -1.162243643        -7.800203727        -3.744067836        -6.584250521        0.4292897310    
   -0.1223091977        -7.413949603        -1.162243643        -7.810807411        -3.796542987        -6.617940762        0.4704053895    
   -0.1203522505        -7.413949603        -1.162243643        -7.820174971        -3.847872498        -6.651807442        0.5103424950    
   -0.1183953033        -7.413949603        -1.162243643        -7.828310576        -3.898032362        -6.685836264        0.5490871270    
   -0.1164383562        -7.413949603        -1.162243643        -7.835220493        -3.946999663        -6.720013459        0.5866270097    
   -0.1144814090        -7.413949603        -1.162243643        -7.840913063        -3.994752553        -6.754325805        0.6229514915    
   -0.1125244618        -7.413949603        -1.162243643        -7.845398683        -4.041270231        -6.788760635        0.6580515230    
   -0.1105675147        -7.413949603        -1.162243643        -7.848689774        -4.086532923        -6.823305855        0.6919196317    
   -0.1086105675        -7.413949603        -1.162243643        -7.850800755        -4.130521864        -6.857949954        0.7245498947    
   -0.1066536204        -7.413949603        -1.162243643        -7.851748011        -4.173219266        -6.892682011        0.7559379086    
   -0.1046966732        -7.413949603        -1.162243643        -7.851549859        -4.214608307        -6.927491712        0.7860807570    
   -0.1027397260        -7.413949603        -1.162243643        -7.850226510        -4.254673093        -6.962369355        0.8149769762    
   -0.1007827789        -7.413949603        -1.162243643        -7.847800029        -4.293398644        -6.997305860        0.8426265170    
   -0.9882583170E-01    -7.413949603        -1.162243643        -7.844294298        -4.330770862        -7.032292778        0.8690307052    
   -0.9686888454E-01    -7.413949603        -1.162243643        -7.839734965        -4.366776508        -7.067322299        0.8941921988    
   -0.9491193738E-01    -7.413949603        -1.162243643        -7.834149404        -4.401403174        -7.102387258        0.9181149423    
   -0.9295499022E-01    -7.413949603        -1.162243643        -7.827566664        -4.434639258        -7.137481141        0.9408041184    
   -0.9099804305E-01    -7.413949603        -1.162243643        -7.820017419        -4.466473938        -7.172598089        0.9622660958    
   -0.8904109589E-01    -7.413949603        -1.162243643        -7.811533915        -4.496897146        -7.207732904        0.9825083746    
   -0.8708414873E-01    -7.413949603        -1.162243643        -7.802149915        -4.525899537        -7.242881052         1.001539526    
   -0.8512720157E-01    -7.413949603        -1.162243643        -7.791900647        -4.553472474        -7.278038662         1.019369131    
   -0.8317025440E-01    -7.413949603        -1.162243643        -7.780822738        -4.579607989        -7.313202529         1.036007706    
   -0.8121330724E-01    -7.413949603        -1.162243643        -7.768954163        -4.604298770        -7.348370108         1.051466637    
   -0.7925636008E-01    -7.413949603        -1.162243643        -7.756334179        -4.627538130        -7.383539517         1.065758090    
   -0.7729941292E-01    -7.413949603        -1.162243643        -7.743003260        -4.649319987        -7.418709523         1.078894927    
   -0.7534246575E-01    -7.413949603        -1.162243643        -7.729003039        -4.669638836        -7.453879540         1.090890602    
   -0.7338551859E-01    -7.413949603        -1.162243643        -7.714376234        -4.688489732        -7.489049610         1.101759054    
   -0.7142857143E-01    -7.413949603        -1.162243643        -7.699166571        -4.705868214        -7.524220386         1.111514539    
   -0.6947162427E-01    -7.413949603        -1.162243643        -7.683418686        -4.721770217        -7.559393103         1.120171438    
   -0.6751467710E-01    -7.413949603        -1.162243643        -7.667178056        -4.736192037        -7.594569543         1.127744083    
   -0.6555772994E-01    -7.413949603        -1.162243643        -7.650490928        -4.749130317        -7.629751989         1.134246583    
   -0.6360078278E-01    -7.413949603        -1.162243643        -7.633404253        -4.760582027        -7.664943172         1.139692614    
   -0.6164383562E-01    -7.413949603        -1.162243643        -7.615965612        -4.770544451        -7.700146198         1.144095191    
   -0.5968688845E-01    -7.413949603        -1.162243643        -7.598223145        -4.779015176        -7.735364469         1.147466415    
   -0.5772994129E-01    -7.413949603        -1.162243643        -7.580225481        -4.785992076        -7.770601579         1.149817188    
   -0.5577299413E-01    -7.413949603        -1.162243643        -7.562021668        -4.791473306        -7.805861197         1.151156922    
   -0.5381604697E-01    -7.413949603        -1.162243643        -7.543661093        -4.795457296        -7.841146932         1.151493250    
   -0.5185909980E-01    -7.413949603        -1.162243643        -7.525193416        -4.797942741        -7.876462186         1.150831752    
   -0.4990215264E-01    -7.413949603        -1.162243643        -7.506668494        -4.798928605        -7.911809996         1.149175742    
   -0.4794520548E-01    -7.413949603        -1.162243643        -7.488136307        -4.798414109        -7.947192885         1.146526127    
   -0.4598825832E-01    -7.413949603        -1.162243643        -7.469646882        -4.796398743        -7.982612720         1.142881372    
   -0.4403131115E-01    -7.413949603        -1.162243643        -7.451250223        -4.792882262        -8.018070597         1.138237562    
   -0.4207436399E-01    -7.413949603        -1.162243643        -7.432996231        -4.787864691        -8.053566742         1.132588569    
   -0.4011741683E-01    -7.413949603        -1.162243643        -7.414934635        -4.781346336        -8.089100452         1.125926289    
   -0.3816046967E-01    -7.413949603        -1.162243643        -7.397114913        -4.773327788        -8.124670052         1.118240928    
   -0.3620352250E-01    -7.413949603        -1.162243643        -7.379586218        -4.763809936        -8.160272871         1.109521297    
   -0.3424657534E-01    -7.413949603        -1.162243643        -7.362397307        -4.752793981        -8.195905238         1.099755121    
   -0.3228962818E-01    -7.413949603        -1.162243643        -7.345596461        -4.740281448        -8.231562482         1.088929316    
   -0.3033268102E-01    -7.413949603        -1.162243643        -7.329231415        -4.726274206        -8.267238942         1.077030247    
   -0.2837573386E-01    -7.413949603        -1.162243643        -7.313349283        -4.710774483        -8.302927976         1.064043963    
   -0.2641878669E-01    -7.413949603        -1.162243643        -7.297996482        -4.693784890        -8.338621976         1.049956402    
   -0.2446183953E-01    -7.413949603        -1.162243643        -7.283218662        -4.675308442        -8.374312377         1.034753568    
   -0.2250489237E-01    -7.413949603        -1.162243643        -7.269060626        -4.655348576        -8.409989674         1.018421699    
   -0.2054794521E-01    -7.413949603        -1.162243643        -7.255566243        -4.633909161        -8.445643426         1.000947403    
   -0.1859099804E-01    -7.413949603        -1.162243643        -7.242778363        -4.610994514        -8.481262274        0.9823177843    
   -0.1663405088E-01    -7.413949603        -1.162243643        -7.230738748        -4.586609432        -8.516833949        0.9625205624    
   -0.1467710372E-01    -7.413949603        -1.162243643        -7.219488004        -4.560759218        -8.552345281        0.9415441749    
   -0.1272015656E-01    -7.413949603        -1.162243643        -7.209065510        -4.533449720        -8.587782210        0.9193778735    
   -0.1076320939E-01    -7.413949603        -1.162243643        -7.199509352        -4.504687362        -8.623129797        0.8960118127    
   -0.8806262231E-02    -7.413949603        -1.162243643        -7.190856257        -4.474479177        -8.658372233        0.8714371314    
   -0.6849315068E-02    -7.413949603        -1.162243643        -7.183141528        -4.442832851        -8.693492849        0.8456460302    
   -0.4892367906E-02    -7.413949603        -1.162243643        -7.176398977        -4.409756750        -8.728474128        0.8186318427    
   -0.2935420744E-02    -7.413949603        -1.162243643        -7.170660866        -4.375259968        -8.763297712        0.7903891049    
   -0.9784735812E-03    -7.413949603        -1.162243643        -7.165957843        -4.339352359        -8.797944416        0.7609136186    
    0.9784735812E-03    -7.413949603        -1.162243643        -7.162318879        -4.302044582        -8.832394241        0.7302025142    
    0.2935420744E-02    -7.413949603        -1.162243643        -7.159771217        -4.263348134        -8.866626381        0.6982543086    
    0.4892367906E-02    -7.413949603        -1.162243643        -7.158340306        -4.223275401        -8.900619243        0.6650689617    
    0.6849315068E-02    -7.413949603        -1.162243643        -7.158049752        -4.181839687        -8.934350458        0.6306479300    
    0.8806262231E-02    -7.413949603        -1.162243643        -7.158921259        -4.139055265        -8.967796894        0.5949942179    
    0.1076320939E-01    -7.413949603        -1.162243643        -7.160974582        -4.094937410        -9.000934678        0.5581124264    
    0.1272015656E-01    -7.413949603        -1.162243643        -7.164227473        -4.049502443        -9.033739205        0.5200088000    
    0.1467710372E-01    -7.413949603        -1.162243643        -7.168695635        -4.002767773        -9.066185165        0.4806912708    
    0.1663405088E-01    -7.413949603        -1.162243643        -7.174392677        -3.954751932        -9.098246556        0.4401695008    
    0.1859099804E-01    -7.413949603        -1.162243643        -7.181330066        -3.905474618        -9.129896707        0.3984549213    
    0.2054794521E-01    -7.413949603        -1.162243643        -7.189517091        -3.854956731        -9.161108300        0.3555607705    
    0.2250489237E-01    -7.413949603        -1.162243643        -7.198960822        -3.803220410        -9.191853395        0.3115021283    
    0.2446183953E-01    -7.413949603        -1.162243643        -7.209666073        -3.750289071        -9.222103449        0.2662959485    
    0.2641878669E-01    -7.413949603        -1.162243643        -7.221635369        -3.696187440        -9.251829351        0.2199610890    
    0.2837573386E-01    -7.413949603        -1.162243643        -7.234868905        -3.640941596        -9.281001451        0.1725183470    
    0.3033268102E-01    -7.413949603        -1.162243643        -7.249364507        -3.584579016        -9.309589619        0.1239904974    
    0.3228962818E-01    -7.413949603        -1.162243643        -7.265117602        -3.527128607        -9.337563276        0.7440231445E-01
    0.3424657534E-01    -7.413949603        -1.162243643        -7.282121204        -3.468620729        -9.364891427        0.2378058720E-01
    0.3620352250E-01    -7.413949603        -1.162243643        -7.300365889        -3.409087223        -9.391542700       -0.2784586859E-01
    0.3816046967E-01    -7.413949603        -1.162243643        -7.319839791        -3.348561425        -9.417485378       -0.8044620166E-01
    0.4011741683E-01    -7.413949603        -1.162243643        -7.340528587        -3.287078195        -9.442687438       -0.1339875198    
    0.4207436399E-01    -7.413949603        -1.162243643        -7.362415492        -3.224673919        -9.467116592       -0.1884348880    
    0.4403131115E-01    -7.413949603        -1.162243643        -7.385481261        -3.161386536        -9.490740325       -0.2437513306    
    0.4598825832E-01    -7.413949603        -1.162243643        -7.409704184        -3.097255538        -9.513525938       -0.2998978363    
    0.4794520548E-01    -7.413949603        -1.162243643        -7.435060096        -3.032321980        -9.535440592       -0.3568333678    
    0.4990215264E-01    -7.413949603        -1.162243643        -7.461522387        -2.966628484        -9.556451350       -0.4145148749    
    0.5185909980E-01    -7.413949603        -1.162243643        -7.489062013        -2.900219240        -9.576525227       -0.4728973116    
    0.5381604697E-01    -7.413949603        -1.162243643        -7.517647516        -2.833140001        -9.595629235       -0.5319336574    
    0.5577299413E-01    -7.413949603        -1.162243643        -7.547245043        -2.765438075        -9.613730430       -0.5915749427    
    0.5772994129E-01    -7.413949603        -1.162243643        -7.577818376        -2.697162318        -9.630795968       -0.6517702781    
    0.5968688845E-01    -7.413949603        -1.162243643        -7.609328958        -2.628363117        -9.646793150       -0.7124668882    
    0.6164383562E-01    -7.413949603        -1.162243643        -7.641735932        -2.559092373        -9.661689476       -0.7736101497    
    0.6360078278E-01    -7.413949603        -1.162243643        -7.674996176        -2.489403477        -9.675452702       -0.8351436337    
    0.6555772994E-01    -7.413949603        -1.162243643        -7.709064352        -2.419351284        -9.688050891       -0.8970091526    
    0.6751467710E-01    -7.413949603        -1.162243643        -7.743892947        -2.348992085        -9.699452469       -0.9591468114    
    0.6947162427E-01    -7.413949603        -1.162243643        -7.779432331        -2.278383568        -9.709626286        -1.021495063    
    0.7142857143E-01    -7.413949603        -1.162243643        -7.815630812        -2.207584784        -9.718541668        -1.083990768    
    0.7338551859E-01    -7.413949603        -1.162243643        -7.852434696        -2.136656098        -9.726168479        -1.146569260    
    0.7534246575E-01    -7.413949603        -1.162243643        -7.889788356        -2.065659146        -9.732477182        -1.209164416    
    0.7729941292E-01    -7.413949603        -1.162243643        -7.927634302        -1.994656781        -9.737438903        -1.271708725    
    0.7925636008E-01    -7.413949603        -1.162243643        -7.965913260        -1.923713037        -9.741025558        -1.334133377    
    0.8121330724E-01    -7.413949603        -1.162243643        -8.004564264        -1.852893062        -9.743209949        -1.396368346    
    0.8317025440E-01    -7.413949603        -1.162243643        -8.043524741        -1.782263049        -9.743965834        -1.458342493    
    0.8512720157E-01    -7.413949603        -1.162243643        -8.082730612        -1.711890157        -9.743267986        -1.519983659    
    0.8708414873E-01    -7.413949603        -1.162243643        -8.122116387        -1.641842432        -9.741092252        -1.581218773    
    0.8904109589E-01    -7.413949603        -1.162243643        -8.161615268        -1.572188710        -9.737415623        -1.641973959    
    0.9099804305E-01    -7.413949603        -1.162243643        -8.201159256        -1.502998539        -9.732216287        -1.702174646    
    0.9295499022E-01    -7.413949603        -1.162243643        -8.240679265        -1.434342072        -9.725473694        -1.761745687    
    0.9491193738E-01    -7.413949603        -1.162243643        -8.280105235        -1.366289977        -9.717168614        -1.820611474    
    0.9686888454E-01    -7.413949603        -1.162243643        -8.319366250        -1.298913329        -9.707283198        -1.878696062    
    0.9882583170E-01    -7.413949603        -1.162243643        -8.358390659        -1.232283509        -9.695801036        -1.935923294    
    0.1007827789        -7.413949603        -1.162243643        -8.397106207        -1.166472090        -9.682707212        -1.992216931    
    0.1027397260        -7.413949603        -1.162243643        -8.435440154        -1.101550728        -9.667988367        -2.047500782    
    0.1046966732        -7.413949603        -1.162243643        -8.473319416        -1.037591041        -9.651632744        -2.101698835    
    0.1066536204        -7.413949603        -1.162243643        -8.510670691       -0.9746645008        -9.633630251        -2.154735400    
    0.1086105675        -7.413949603        -1.162243643        -8.547420603       -0.9128423000        -9.613972509        -2.206535241    
    0.1105675147        -7.413949603        -1.162243643        -8.583495832       -0.8521952380        -9.592652899        -2.257023719    
    0.1125244618        -7.413949603        -1.162243643        -8.618823262       -0.7927935896        -9.569666620        -2.306126935    
    0.1144814090        -7.413949603        -1.162243643        -8.653330120       -0.7347069815        -9.545010727        -2.353771868    
    0.1164383562        -7.413949603        -1.162243643        -8.686944119       -0.6780042597        -9.518684181        -2.399886526    
    0.1183953033        -7.413949603        -1.162243643        -8.719593604       -0.6227533623        -9.490687887        -2.444400086    
    0.1203522505        -7.413949603        -1.162243643        -8.751207701       -0.5690211846        -9.461024742        -2.487243042    
    0.1223091977        -7.413949603        -1.162243643        -8.781716456       -0.5168734499        -9.429699665        -2.528347350    
    0.1242661448        -7.413949603        -1.162243643        -8.811050989       -0.4663745725        -9.396719636        -2.567646574    
    0.1262230920        -7.413949603        -1.162243643        -8.839143637       -0.4175875280        -9.362093733        -2.605076031    
    0.1281800391        -7.413949603        -1.162243643        -8.865928126       -0.3705737036        -9.325833186        -2.640572958    
    0.1301369863        -7.413949603        -1.162243643        -8.891339761       -0.3253927352        -9.287951477        -2.674076716    
    0.1320939335        -7.413949603        -1.162243643        -8.915315594       -0.2821023576        -9.248464377        -2.705528943    
    0.1340508806        -7.413949603        -1.162243643        -8.937794569       -0.2407582697        -9.207389953        -2.734873708    
    0.1360078278        -7.413949603        -1.162243643        -8.958717668       -0.2014139943        -9.164748586        -2.762057647    
    0.1379647750        -7.413949603        -1.162243643        -8.978028053       -0.1641207486        -9.120562968        -2.787030105    
    0.1399217221        -7.413949603        -1.162243643        -8.995671210       -0.1289273090        -9.074858109        -2.809743270    
    0.1418786693        -7.413949603        -1.162243643        -9.011595079       -0.9587988728E-01    -9.027661332        -2.830152307    
    0.1438356164        -7.413949603        -1.162243643        -9.025750192       -0.6502200284E-01    -8.979002270        -2.848215482    
    0.1457925636        -7.413949603        -1.162243643        -9.038089800       -0.3639436615E-01    -8.928912847        -2.863894286    
    0.1477495108        -7.413949603        -1.162243643        -9.048569997       -0.1003475900E-01    -8.877427273        -2.877153550    
    0.1497064579        -7.413949603        -1.162243643        -9.057149840        0.1402207296E-01    -8.824582016        -2.887961557    
    0.1516634051        -7.413949603        -1.162243643        -9.063791465        0.3574453045E-01    -8.770415782        -2.896290148    
    0.1536203523        -7.413949603        -1.162243643        -9.068460191        0.5510425773E-01    -8.714969489        -2.902114822    
    0.1555772994        -7.413949603        -1.162243643        -9.071124627        0.7207624204E-01    -8.658286231        -2.905414824    
    0.1575342466        -7.413949603        -1.162243643        -9.071756769        0.8663889910E-01    -8.600411241        -2.906173239    
    0.1594911937        -7.413949603        -1.162243643        -9.070332089        0.9877416053E-01    -8.541391855        -2.904377062    
    0.1614481409        -7.413949603        -1.162243643        -9.066829618        0.1084675466        -8.481277461        -2.900017276    
    0.1634050881        -7.413949603        -1.162243643        -9.061232024        0.1157082405        -8.420119454        -2.893088913    
    0.1653620352        -7.413949603        -1.162243643        -9.053525682        0.1204891472        -8.357971180        -2.883591111    
    0.1673189824        -7.413949603        -1.162243643        -9.043700737        0.1228069533        -8.294887878        -2.871527159    
    0.1692759295        -7.413949603        -1.162243643        -9.031751153        0.1226621715        -8.230926622        -2.856904541    
    0.1712328767        -7.413949603        -1.162243643        -9.017674768        0.1200591852        -8.166146248        -2.839734965    
    0.1731898239        -7.413949603        -1.162243643        -9.001473324        0.1150062772        -8.100607294        -2.820034384    
    0.1751467710        -7.413949603        -1.162243643        -8.983152502        0.1075156580        -8.034371919        -2.797823012    
    0.1771037182        -7.413949603        -1.162243643        -8.962721952        0.9760348629E-01    -7.967503832        -2.773125335    
    0.1790606654        -7.413949603        -1.162243643        -8.940195380        0.8528994406E-01    -7.900068237        -2.745970193    
    0.1810176125        -7.413949603        -1.162243643        -8.915590611        0.7059928026E-01    -7.832131759        -2.716390815    
    0.1829745597        -7.413949603        -1.162243643        -8.888929581        0.5355980680E-01    -7.763762338        -2.684424805    
    0.1849315068        -7.413949603        -1.162243643        -8.860238316        0.3420386937E-01    -7.695029117        -2.650114090    
    0.1868884540        -7.413949603        -1.162243643        -8.829546902        0.1256781783E-01    -7.626002329        -2.613504873    
    0.1888454012        -7.413949603        -1.162243643        -8.796889438       -0.1130804285E-01    -7.556753179        -2.574647563    
    0.1908023483        -7.413949603        -1.162243643        -8.762303987       -0.3737950247E-01    -7.487353725        -2.533596704    
    0.1927592955        -7.413949603        -1.162243643        -8.725832510       -0.6559851464E-01    -7.417876754        -2.490410887    
    0.1947162427        -7.413949603        -1.162243643        -8.687520798       -0.9591326647E-01    -7.348395659        -2.445152658    
    0.1966731898        -7.413949603        -1.162243643        -8.647418384       -0.1282682671        -7.278984313        -2.397888408    
    0.1986301370        -7.413949603        -1.162243643        -8.605578457       -0.1626044367        -7.209716940        -2.348688261    
    0.2005870841        -7.413949603        -1.162243643        -8.562057757       -0.1988592134        -7.140667988        -2.297625946    
    0.2025440313        -7.413949603        -1.162243643        -8.516916467       -0.2369666606        -7.071911997        -2.244778667    
    0.2045009785        -7.413949603        -1.162243643        -8.470218091       -0.2768575924        -7.003523471        -2.190226954    
    0.2064579256        -7.413949603        -1.162243643        -8.422029331       -0.3184596969        -6.935576743        -2.134054519    
    0.2084148728        -7.413949603        -1.162243643        -8.372419946       -0.3616976788        -6.868145851        -2.076348088    
    0.2103718200        -7.413949603        -1.162243643        -8.321462615       -0.4064933985        -6.801304403        -2.017197241    
    0.2123287671        -7.413949603        -1.162243643        -8.269232780       -0.4527660293        -6.735125447        -1.956694232    
    0.2142857143        -7.413949603        -1.162243643        -8.215808492       -0.5004322115        -6.669681345        -1.894933809    
    0.2162426614        -7.413949603        -1.162243643        -8.161270244       -0.5494062225        -6.605043643        -1.832013029    
    0.2181996086        -7.413949603        -1.162243643        -8.105700802       -0.5996001432        -6.541282950        -1.768031060    
    0.2201565558        -7.413949603        -1.162243643        -8.049185030       -0.6509240405        -6.478468808        -1.703088983    
    0.2221135029        -7.413949603        -1.162243643        -7.991809707       -0.7032861435        -6.416669575        -1.637289592    
    0.2240704501        -7.413949603        -1.162243643        -7.933663339       -0.7565930362        -6.355952302        -1.570737180    
    0.2260273973        -7.413949603        -1.162243643        -7.874835973       -0.8107498418        -6.296382622        -1.503537334    
    0.2279843444        -7.413949603        -1.162243643        -7.815419013       -0.8656604152        -6.238024602        -1.435796722    
    0.2299412916        -7.413949603        -1.162243643        -7.755505046       -0.9212275159        -6.180940541        -1.367622896    
    0.2318982387        -7.413949603        -1.162243643        -7.695187631       -0.9773530244        -6.125190823        -1.299124056    
    0.2338551859        -7.413949603        -1.162243643        -7.634561083        -1.033938158        -6.070833790        -1.230408804    
    0.2358121331        -7.413949603        -1.162243643        -7.573720242        -1.090883701        -6.017925625        -1.161585896    
    0.2377690802        -7.413949603        -1.162243643        -7.512760250        -1.148090221        -5.966520245        -1.092763997    
    0.2397260274        -7.413949603        -1.162243643        -7.451776326        -1.205458303        -5.916669190        -1.024051434    
    0.2416829746        -7.413949603        -1.162243643        -7.390863540        -1.262888763        -5.868421531       -0.9555559523    
    0.2436399217        -7.413949603        -1.162243643        -7.330116591        -1.320282881        -5.821823770       -0.8873844730    
    0.2455968689        -7.413949603        -1.162243643        -7.269629583        -1.377542613        -5.776919762       -0.8196428536    
    0.2475538160        -7.413949603        -1.162243643        -7.209495809        -1.434570815        -5.733750629       -0.7524356536    
    0.2495107632        -7.413949603        -1.162243643        -7.149807534        -1.491271451        -5.692354698       -0.6858659037    
    0.2514677104        -7.413949603        -1.162243643        -7.090655784        -1.547549814        -5.652767426       -0.6200348807    
    0.2534246575        -7.413949603        -1.162243643        -7.032130138        -1.603312718        -5.615021354       -0.5550418883    
    0.2553816047        -7.413949603        -1.162243643        -6.974318531        -1.658468710        -5.579146052       -0.4909840442    
    0.2573385519        -7.413949603        -1.162243643        -6.917307053        -1.712928258        -5.545168079       -0.4279560752    
    0.2592954990        -7.413949603        -1.162243643        -6.861179766        -1.766603943        -5.513110953       -0.3660501196    
    0.2612524462        -7.413949603        -1.162243643        -6.806018516        -1.819410633        -5.482995120       -0.3053555378    
    0.2632093933        -7.413949603        -1.162243643        -6.751902767        -1.871265665        -5.454837943       -0.2459587329    
    0.2651663405        -7.413949603        -1.162243643        -6.698909427        -1.922089003        -5.428653687       -0.1879429797    
    0.2671232877        -7.413949603        -1.162243643        -6.647112696        -1.971803398        -5.404453520       -0.1313882643    
    0.2690802348        -7.413949603        -1.162243643        -6.596583915        -2.020334533        -5.382245520       -0.7637113391E-01
    0.2710371820        -7.413949603        -1.162243643        -6.547391430        -2.067611163        -5.362034683       -0.2296455715E-01
    0.2729941292        -7.413949603        -1.162243643        -6.499600460        -2.113565242        -5.343822952        0.2876220417E-01
    0.2749510763        -7.413949603        -1.162243643        -6.453272978        -2.158132043        -5.327609241        0.7874371124E-01
    0.2769080235        -7.413949603        -1.162243643        -6.408467597        -2.201250267        -5.313389456        0.1269184642    
    0.2788649706        -7.413949603        -1.162243643        -6.365239389        -2.242862237        -5.301156376        0.1732290961    
    0.2808219178        -7.413949603        -1.162243643        -6.323639699        -2.282914069        -5.290899526        0.2176225737    
    0.2827788650        -7.413949603        -1.162243643        -6.283716040        -2.321355792        -5.282605212        0.2600503023    
    0.2847358121        -7.413949603        -1.162243643        -6.245512007        -2.358141419        -5.276256582        0.3004681998    
    0.2866927593        -7.413949603        -1.162243643        -6.209067203        -2.393229026        -5.271833695        0.3388367602    
    0.2886497065        -7.413949603        -1.162243643        -6.174417188        -2.426580803        -5.269313601        0.3751211001    
    0.2906066536        -7.413949603        -1.162243643        -6.141593425        -2.458163099        -5.268670421        0.4092909913    
    0.2925636008        -7.413949603        -1.162243643        -6.110623258        -2.487946450        -5.269875450        0.4413208776    
    0.2945205479        -7.413949603        -1.162243643        -6.081529888        -2.515905597        -5.272897246        0.4711898785    
    0.2964774951        -7.413949603        -1.162243643        -6.054332370        -2.542019486        -5.277701744        0.4988817763    
    0.2984344423        -7.413949603        -1.162243643        -6.029045625        -2.566271264        -5.284252369        0.5243849913    
    0.3003913894        -7.413949603        -1.162243643        -6.005680456        -2.588648247        -5.292510148        0.5476925403    
    0.3023483366        -7.413949603        -1.162243643        -5.984243588        -2.609141892        -5.302433842        0.5688019842    
    0.3043052838        -7.413949603        -1.162243643        -5.964737712        -2.627747741        -5.313980069        0.5877153600    
    0.3062622309        -7.413949603        -1.162243643        -5.947161543        -2.644465374        -5.327103439        0.6044391017    
    0.3082191781        -7.413949603        -1.162243643        -5.931509893        -2.659298318        -5.341756691        0.6189839475    
    0.3101761252        -7.413949603        -1.162243643        -5.917773750        -2.672253986        -5.357890829        0.6313648365    
    0.3121330724        -7.413949603        -1.162243643        -5.905940371        -2.683343564        -5.375455271        0.6416007931    
    0.3140900196        -7.413949603        -1.162243643        -5.895993385        -2.692581923        -5.394397986        0.6497148015    
    0.3160469667        -7.413949603        -1.162243643        -5.887912904        -2.699987494        -5.414665646        0.6557336694    
    0.3180039139        -7.413949603        -1.162243643        -5.881675642        -2.705582156        -5.436203769        0.6596878832    
    0.3199608611        -7.413949603        -1.162243643        -5.877255049        -2.709391096        -5.458956869        0.6616114545    
    0.3219178082        -7.413949603        -1.162243643        -5.874621442        -2.711442681        -5.482868606        0.6615417574    
    0.3238747554        -7.413949603        -1.162243643        -5.873742156        -2.711768303        -5.507881929        0.6595193612    
    0.3258317025        -7.413949603        -1.162243643        -5.874581687        -2.710402237        -5.533939225        0.6555878540    
    0.3277886497        -7.413949603        -1.162243643        -5.877101795        -2.707381529        -5.560982395        0.6497937301    
    0.3297455969        -7.413949603        -1.162243643        -5.881261450        -2.702746068        -5.588952734        0.6421864636    
    0.3317025440        -7.413949603        -1.162243643        -5.887016921        -2.696538474        -5.617790992        0.6328184065    
    0.3336594912        -7.413949603        -1.162243643        -5.894321947        -2.688803944        -5.647437535        0.6217445903    
    0.3356164384        -7.413949603        -1.162243643        -5.903127920        -2.679590054        -5.677832496        0.6090225182    
    0.3375733855        -7.413949603        -1.162243643        -5.913384069        -2.668946586        -5.708915938        0.5947119541    
    0.3395303327        -7.413949603        -1.162243643        -5.925037650        -2.656925324        -5.740628004        0.5788747062    
    0.3414872798        -7.413949603        -1.162243643        -5.938034133        -2.643579878        -5.772909066        0.5615744100    
    0.3434442270        -7.413949603        -1.162243643        -5.952317405        -2.628965468        -5.805699872        0.5428763088    
    0.3454011742        -7.413949603        -1.162243643        -5.967829956        -2.613138750        -5.838941688        0.5228470334    
    0.3473581213        -7.413949603        -1.162243643        -5.984513079        -2.596157601        -5.872576433        0.5015543827    
    0.3493150685        -7.413949603        -1.162243643        -6.002307062        -2.578080936        -5.906546812        0.4790671053    
    0.3512720157        -7.413949603        -1.162243643        -6.021151387        -2.558968503        -5.940796440        0.4554546822    
    0.3532289628        -7.413949603        -1.162243643        -6.040984913        -2.538880703        -5.975269962        0.4307871143    
    0.3551859100        -7.413949603        -1.162243643        -6.061746074        -2.517878383        -6.009913169        0.4051347111    
    0.3571428571        -7.413949603        -1.162243643        -6.083373055        -2.496022669        -6.044673102        0.3785678860    
    0.3590998043        -7.413949603        -1.162243643        -6.105803982        -2.473374765        -6.079498152        0.3511569548    
    0.3610567515        -7.413949603        -1.162243643        -6.128977093        -2.449995793        -6.114338156        0.3229719414    
    0.3630136986        -7.413949603        -1.162243643        -6.152830913        -2.425946601        -6.149144482        0.2940823887    
    0.3649706458        -7.413949603        -1.162243643        -6.177304415        -2.401287619        -6.183870109        0.2645571777    
    0.3669275930        -7.413949603        -1.162243643        -6.202337183        -2.376078675        -6.218469695        0.2344643522    
    0.3688845401        -7.413949603        -1.162243643        -6.227869561        -2.350378865        -6.252899646        0.2038709537    
    0.3708414873        -7.413949603        -1.162243643        -6.253842805        -2.324246384        -6.287118172        0.1728428622    
    0.3727984344        -7.413949603        -1.162243643        -6.280199211        -2.297738410        -6.321085335        0.1414446484    
    0.3747553816        -7.413949603        -1.162243643        -6.306882253        -2.270910947        -6.354763092        0.1097394306    
    0.3767123288        -7.413949603        -1.162243643        -6.333836689        -2.243818742        -6.388115323        0.7778875950E-01
    0.3786692759        -7.413949603        -1.162243643        -6.361008552        -2.216515268        -6.421107737        0.4565263655E-01
    0.3806262231        -7.413949603        -1.162243643        -6.388345094        -2.189052801        -6.453707749        0.1338958657E-01
    0.3825831703        -7.413949603        -1.162243643        -6.415794884        -2.161482302        -6.485884497       -0.1894344543E-01
    0.3845401174        -7.413949603        -1.162243643        -6.443307918        -2.133853321        -6.517608882       -0.5129121906E-01
    0.3864970646        -7.413949603        -1.162243643        -6.470835730        -2.106213871        -6.548853598       -0.8360031095E-01
    0.3884540117        -7.413949603        -1.162243643        -6.498331480        -2.078610350        -6.579593151       -0.1158192165    
    0.3904109589        -7.413949603        -1.162243643        -6.525750050        -2.051087436        -6.609803878       -0.1478984429    
    0.3923679061        -7.413949603        -1.162243643        -6.553048110        -2.023688026        -6.639463950       -0.1797905898    
    0.3943248532        -7.413949603        -1.162243643        -6.580184193        -1.996453146        -6.668553379       -0.2114504215    
    0.3962818004        -7.413949603        -1.162243643        -6.607118751        -1.969421914        -6.697054004       -0.2428349272    
    0.3982387476        -7.413949603        -1.162243643        -6.633814207        -1.942631465        -6.724949488       -0.2739033724    
    0.4001956947        -7.413949603        -1.162243643        -6.660234986        -1.916116933        -6.752225293       -0.3046173387    
    0.4021526419        -7.413949603        -1.162243643        -6.686347562        -1.889911391        -6.778868660       -0.3349407555    
    0.4041095890        -7.413949603        -1.162243643        -6.712120462        -1.864045860        -6.804868578       -0.3648399199    
    0.4060665362        -7.413949603        -1.162243643        -6.737524293        -1.838549255        -6.830215750       -0.3942835098    
    0.4080234834        -7.413949603        -1.162243643        -6.762531741        -1.813448413        -6.854902552       -0.4232425844    
    0.4099804305        -7.413949603        -1.162243643        -6.787117571        -1.788768061        -6.878922993       -0.4516905808    
    0.4119373777        -7.413949603        -1.162243643        -6.811258613        -1.764530855        -6.902272665       -0.4796032969    
    0.4138943249        -7.413949603        -1.162243643        -6.834933749        -1.740757360        -6.924948690       -0.5069588714    
    0.4158512720        -7.413949603        -1.162243643        -6.858123881        -1.717466110        -6.946949668       -0.5337377520    
    0.4178082192        -7.413949603        -1.162243643        -6.880811910        -1.694673593        -6.968275619       -0.5599226611    
    0.4197651663        -7.413949603        -1.162243643        -6.902982684        -1.672394330        -6.988927920       -0.5854985496    
    0.4217221135        -7.413949603        -1.162243643        -6.924622970        -1.650640866        -7.008909247       -0.6104525514    
    0.4236790607        -7.413949603        -1.162243643        -6.945721390        -1.629423866        -7.028223504       -0.6347739246    
    0.4256360078        -7.413949603        -1.162243643        -6.966268381        -1.608752106        -7.046875765       -0.6584539969    
    0.4275929550        -7.413949603        -1.162243643        -6.986256093        -1.588632613        -7.064872177       -0.6814860641    
    0.4295499022        -7.413949603        -1.162243643        -7.005678206        -1.569070796        -7.082219786       -0.7038651751    
    0.4315068493        -7.413949603        -1.162243643        -7.024529810        -1.550070607        -7.098926436       -0.7255880155    
    0.4334637965        -7.413949603        -1.162243643        -7.042807379        -1.531634504        -7.115000727       -0.7466528667    
    0.4354207436        -7.413949603        -1.162243643        -7.060508705        -1.513763564        -7.130451967       -0.7670595572    
    0.4373776908        -7.413949603        -1.162243643        -7.077632870        -1.496457443        -7.145290128       -0.7868094179    
    0.4393346380        -7.413949603        -1.162243643        -7.094180169        -1.479714495        -7.159525789       -0.8059052244    
    0.4412915851        -7.413949603        -1.162243643        -7.110152076        -1.463531743        -7.173170099       -0.8243511453    
    0.4432485323        -7.413949603        -1.162243643        -7.125551157        -1.447905005        -7.186234712       -0.8421526780    
    0.4452054795        -7.413949603        -1.162243643        -7.140381029        -1.432828854        -7.198731745       -0.8593165928    
    0.4471624266        -7.413949603        -1.162243643        -7.154646264        -1.418296766        -7.210673718       -0.8758508634    
    0.4491193738        -7.413949603        -1.162243643        -7.168352352        -1.404301067        -7.222073508       -0.8917646090    
    0.4510763209        -7.413949603        -1.162243643        -7.181505588        -1.390833094        -7.232944287       -0.9070680219    
    0.4530332681        -7.413949603        -1.162243643        -7.194113036        -1.377883127        -7.243299480       -0.9217723091    
    0.4549902153        -7.413949603        -1.162243643        -7.206182413        -1.365440566        -7.253152700       -0.9358896197    
    0.4569471624        -7.413949603        -1.162243643        -7.217722049        -1.353493840        -7.262517709       -0.9494329873    
    0.4589041096        -7.413949603        -1.162243643        -7.228740762        -1.342030602        -7.271408354       -0.9624162591    
    0.4608610568        -7.413949603        -1.162243643        -7.239247822        -1.331037610        -7.279838529       -0.9748540420    
    0.4628180039        -7.413949603        -1.162243643        -7.249252819        -1.320500942        -7.287822110       -0.9867616336    
    0.4647749511        -7.413949603        -1.162243643        -7.258765630        -1.310405840        -7.295372924       -0.9981549751    
    0.4667318982        -7.413949603        -1.162243643        -7.267796270        -1.300736951        -7.302504683        -1.009050585    
    0.4686888454        -7.413949603        -1.162243643        -7.276354874        -1.291478115        -7.309230956        -1.019465522    
    0.4706457926        -7.413949603        -1.162243643        -7.284451527        -1.282612653        -7.315565101        -1.029417321    
    0.4726027397        -7.413949603        -1.162243643        -7.292096261        -1.274123078        -7.321520250        -1.038923968    
    0.4745596869        -7.413949603        -1.162243643        -7.299298857        -1.265991436        -7.327109228        -1.048003841    
    0.4765166341        -7.413949603        -1.162243643        -7.306068863        -1.258198923        -7.332344550        -1.056675701    
    0.4784735812        -7.413949603        -1.162243643        -7.312415357        -1.250726308        -7.337238337        -1.064958632    
    0.4804305284        -7.413949603        -1.162243643        -7.318347001        -1.243553403        -7.341802324        -1.072872055    
    0.4823874755        -7.413949603        -1.162243643        -7.323871739        -1.236659621        -7.346047756        -1.080435670    
    0.4843444227        -7.413949603        -1.162243643        -7.328996904        -1.230023222        -7.349985421        -1.087669492    
    0.4863013699        -7.413949603        -1.162243643        -7.333728823        -1.223622112        -7.353625523        -1.094593794    
    0.4882583170        -7.413949603        -1.162243643        -7.338073017        -1.217432692        -7.356977741        -1.101229175    
    0.4902152642        -7.413949603        -1.162243643        -7.342033631        -1.211431130        -7.360051063        -1.107596496    
    0.4921722114        -7.413949603        -1.162243643        -7.345613841        -1.205591448        -7.362853901        -1.113716993    
    0.4941291585        -7.413949603        -1.162243643        -7.348814910        -1.199887862        -7.365393823        -1.119612187    
    0.4960861057        -7.413949603        -1.162243643        -7.351637127        -1.194290972        -7.367677839        -1.125304098    
    0.4980430528        -7.413949603        -1.162243643        -7.354077792        -1.188773538        -7.369711806        -1.130815010    
    0.5000000000        -7.413949603        -1.162243643        -7.356134493        -1.183298402        -7.371501427        -1.136168092    
