   -0.5000000000        -2.107591892         3.228046575        -2.168188774         3.153588357        -2.038719083         3.078865018    
   -0.4980430528        -2.107591892         3.228046575        -2.175111781         3.147998033        -2.032227016         3.070546742    
   -0.4960861057        -2.107591892         3.228046575        -2.182286851         3.142018772        -2.025395565         3.061586660    
   -0.4941291585        -2.107591892         3.228046575        -2.189746784         3.135633856        -2.018202019         3.051964165    
   -0.4921722114        -2.107591892         3.228046575        -2.197513355         3.128833803        -2.010627346         3.041666159    
   -0.4902152642        -2.107591892         3.228046575        -2.205612133         3.121604881        -2.002650946         3.030675456    
   -0.4882583170        -2.107591892         3.228046575        -2.214065090         3.113935109        -1.994253356         3.018976891    
   -0.4863013699        -2.107591892         3.228046575        -2.222895194         3.105810754        -1.985414637         3.006553811    
   -0.4843444227        -2.107591892         3.228046575        -2.232123335         3.097218902        -1.976115538         2.993390719    
   -0.4823874755        -2.107591892         3.228046575        -2.241770577         3.088145773        -1.966336728         2.979471616    
   -0.4804305284        -2.107591892         3.228046575        -2.251856446         3.078578193        -1.956059474         2.964781536    
   -0.4784735812        -2.107591892         3.228046575        -2.262400258         3.068502624        -1.945265204         2.949305619    
   -0.4765166341        -2.107591892         3.228046575        -2.273420007         3.057906134        -1.933935974         2.933030139    
   -0.4745596869        -2.107591892         3.228046575        -2.284933223         3.046775791        -1.922054207         2.915941949    
   -0.4726027397        -2.107591892         3.228046575        -2.296956181         3.035099362        -1.909603044         2.898029243    
   -0.4706457926        -2.107591892         3.228046575        -2.309504486         3.022864912        -1.896566186         2.879281199    
   -0.4686888454        -2.107591892         3.228046575        -2.322592469         3.010061345        -1.882928181         2.859688590    
   -0.4667318982        -2.107591892         3.228046575        -2.336233598         2.996678128        -1.868674334         2.839243553    
   -0.4647749511        -2.107591892         3.228046575        -2.350439997         2.982705732        -1.853790948         2.817940092    
   -0.4628180039        -2.107591892         3.228046575        -2.365222739         2.968135440        -1.838265281         2.795773934    
   -0.4608610568        -2.107591892         3.228046575        -2.380591444         2.952959717        -1.822085762         2.772742957    
   -0.4589041096        -2.107591892         3.228046575        -2.396554497         2.937172073        -1.805241975         2.748847099    
   -0.4569471624        -2.107591892         3.228046575        -2.413118700         2.920767384        -1.787724856         2.724088727    
   -0.4549902153        -2.107591892         3.228046575        -2.430289435         2.903741797        -1.769526702         2.698472587    
   -0.4530332681        -2.107591892         3.228046575        -2.448070361         2.886093006        -1.750641343         2.672006124    
   -0.4510763209        -2.107591892         3.228046575        -2.466463538         2.867820190        -1.731064170         2.644699449    
   -0.4491193738        -2.107591892         3.228046575        -2.485469156         2.848924251        -1.710792297         2.616565620    
   -0.4471624266        -2.107591892         3.228046575        -2.505085636         2.829407771        -1.689824586         2.587620618    
   -0.4452054795        -2.107591892         3.228046575        -2.525309390         2.809275223        -1.668161802         2.557883590    
   -0.4432485323        -2.107591892         3.228046575        -2.546134902         2.788532937        -1.645806639         2.527376825    
   -0.4412915851        -2.107591892         3.228046575        -2.567554521         2.767189284        -1.622763856         2.496125956    
   -0.4393346380        -2.107591892         3.228046575        -2.589558526         2.745254646        -1.599040308         2.464159929    
   -0.4373776908        -2.107591892         3.228046575        -2.612134949         2.722741574        -1.574645060         2.431511168    
   -0.4354207436        -2.107591892         3.228046575        -2.635269642         2.699664756        -1.549589412         2.398215529    
   -0.4334637965        -2.107591892         3.228046575        -2.658946121         2.676041153        -1.523886997         2.364312422    
   -0.4315068493        -2.107591892         3.228046575        -2.683145633         2.651889956        -1.497553796         2.329844749    
   -0.4295499022        -2.107591892         3.228046575        -2.707847037         2.627232694        -1.470608215         2.294858983    
   -0.4275929550        -2.107591892         3.228046575        -2.733026869         2.602093190        -1.443071086         2.259405079    
   -0.4256360078        -2.107591892         3.228046575        -2.758659254         2.576497634        -1.414965721         2.223536514    
   -0.4236790607        -2.107591892         3.228046575        -2.784715979         2.550474533        -1.386317910         2.187310178    
   -0.4217221135        -2.107591892         3.228046575        -2.811166327         2.524054862        -1.357156049         2.150786518    
   -0.4197651663        -2.107591892         3.228046575        -2.837976933         2.497272224        -1.327511374         2.114029762    
   -0.4178082192        -2.107591892         3.228046575        -2.865111659         2.470162966        -1.297418054         2.077107992    
   -0.4158512720        -2.107591892         3.228046575        -2.892531664         2.442766127        -1.266913193         2.040093025    
   -0.4138943249        -2.107591892         3.228046575        -2.920195348         2.415123477        -1.236036857         2.003060378    
   -0.4119373777        -2.107591892         3.228046575        -2.948058433         2.387279453        -1.204832054         1.966089114    
   -0.4099804305        -2.107591892         3.228046575        -2.976073946         2.359281166        -1.173344741         1.929261764    
   -0.4080234834        -2.107591892         3.228046575        -3.004192315         2.331178316        -1.141623771         1.892664137    
   -0.4060665362        -2.107591892         3.228046575        -3.032361379         2.303023177        -1.109720884         1.856385194    
   -0.4041095890        -2.107591892         3.228046575        -3.060526509         2.274870482        -1.077690623         1.820516819    
   -0.4021526419        -2.107591892         3.228046575        -3.088630645         2.246777378        -1.045590297         1.785153654    
   -0.4001956947        -2.107591892         3.228046575        -3.116614443         2.218803293        -1.013479874         1.750392827    
   -0.3982387476        -2.107591892         3.228046575        -3.144416343         2.191009855       -0.9814219093         1.716333742    
   -0.3962818004        -2.107591892         3.228046575        -3.171972736         2.163460739       -0.9494814187         1.683077775    
   -0.3943248532        -2.107591892         3.228046575        -3.199218064         2.136221554       -0.9177257700         1.650728018    
   -0.3923679061        -2.107591892         3.228046575        -3.226085012         2.109359666       -0.8862245324         1.619388941    
   -0.3904109589        -2.107591892         3.228046575        -3.252504637         2.082944056       -0.8550493381         1.589166096    
   -0.3884540117        -2.107591892         3.228046575        -3.278406580         2.057045119       -0.8242737043         1.560165750    
   -0.3864970646        -2.107591892         3.228046575        -3.303719225         2.031734497       -0.7939728666         1.532494553    
   -0.3845401174        -2.107591892         3.228046575        -3.328369936         2.007084851       -0.7642235744         1.506259143    
   -0.3825831703        -2.107591892         3.228046575        -3.352285237         1.983169672       -0.7351038978         1.481565784    
   -0.3806262231        -2.107591892         3.228046575        -3.375391066         1.960063034       -0.7066929990         1.458519950    
   -0.3786692759        -2.107591892         3.228046575        -3.397612987         1.937839381       -0.6790709135         1.437225941    
   -0.3767123288        -2.107591892         3.228046575        -3.418876455         1.916573261       -0.6523183013         1.417786448    
   -0.3747553816        -2.107591892         3.228046575        -3.439107044         1.896339095       -0.6265162033         1.400302153    
   -0.3727984344        -2.107591892         3.228046575        -3.458230707         1.877210927       -0.6017458073         1.384871325    
   -0.3708414873        -2.107591892         3.228046575        -3.476173789         1.859262400       -0.5780884356         1.371589717    
   -0.3688845401        -2.107591892         3.228046575        -3.492863158         1.842566631       -0.5556254501         1.360550336    
   -0.3669275930        -2.107591892         3.228046575        -3.508226424         1.827195990       -0.5344380171         1.351843073    
   -0.3649706458        -2.107591892         3.228046575        -3.522192233         1.813221811       -0.5146068281         1.345554259    
   -0.3630136986        -2.107591892         3.228046575        -3.534690509         1.800714143       -0.4962118336         1.341766274    
   -0.3610567515        -2.107591892         3.228046575        -3.545652753         1.789741454       -0.4793319528         1.340557109    
   -0.3590998043        -2.107591892         3.228046575        -3.555012298         1.780370376       -0.4640447955         1.341999980    
   -0.3571428571        -2.107591892         3.228046575        -3.562704607         1.772665409       -0.4504263641         1.346162909    
   -0.3551859100        -2.107591892         3.228046575        -3.568667530         1.766688661       -0.4385507689         1.353108345    
   -0.3532289628        -2.107591892         3.228046575        -3.572841601         1.762499552       -0.4284899260         1.362892768    
   -0.3512720157        -2.107591892         3.228046575        -3.575170293         1.760154559       -0.4203132708         1.375566335    
   -0.3493150685        -2.107591892         3.228046575        -3.575600308         1.759706926       -0.4140874574         1.391172514    
   -0.3473581213        -2.107591892         3.228046575        -3.574081823         1.761206417       -0.4098760754         1.409747759    
   -0.3454011742        -2.107591892         3.228046575        -3.570568771         1.764699040       -0.4077393554         1.431321181    
   -0.3434442270        -2.107591892         3.228046575        -3.565019069         1.770226807       -0.4077338946         1.455914266    
   -0.3414872798        -2.107591892         3.228046575        -3.557394886         1.777827482       -0.4099123745         1.483540587    
   -0.3395303327        -2.107591892         3.228046575        -3.547662853         1.787534357       -0.4143233002         1.514205573    
   -0.3375733855        -2.107591892         3.228046575        -3.535794302         1.799376020       -0.4210107361         1.547906273    
   -0.3356164384        -2.107591892         3.228046575        -3.521765462         1.813376158       -0.4300140639         1.584631175    
   -0.3336594912        -2.107591892         3.228046575        -3.505557663         1.829553350       -0.4413677419         1.624360036    
   -0.3317025440        -2.107591892         3.228046575        -3.487157505         1.847920901       -0.4551010880         1.667063758    
   -0.3297455969        -2.107591892         3.228046575        -3.466557034         1.868486667       -0.4712380662         1.712704282    
   -0.3277886497        -2.107591892         3.228046575        -3.443753871         1.891252920       -0.4897971003         1.761234534    
   -0.3258317025        -2.107591892         3.228046575        -3.418751355         1.916216209       -0.5107908937         1.812598381    
   -0.3238747554        -2.107591892         3.228046575        -3.391558634         1.943367271       -0.5342262805         1.866730661    
   -0.3219178082        -2.107591892         3.228046575        -3.362190699         1.972690989       -0.5601041630         1.923557271    
   -0.3199608611        -2.107591892         3.228046575        -3.330668268         2.004166518       -0.5884196154         1.982995446    
   -0.3180039139        -2.107591892         3.228046575        -3.297017811         2.037767251       -0.6191618224         2.044953871    
   -0.3160469667        -2.107591892         3.228046575        -3.261271593         2.073460781       -0.6523139834         2.109332799    
   -0.3140900196        -2.107591892         3.228046575        -3.223467705         2.111208868       -0.6878532277         2.176024189    
   -0.3121330724        -2.107591892         3.228046575        -3.183650067         2.150967434       -0.7257505568         2.244911882    
   -0.3101761252        -2.107591892         3.228046575        -3.141868426         2.192686572       -0.7659707983         2.315871808    
   -0.3082191781        -2.107591892         3.228046575        -3.098178306         2.236310582       -0.8084725884         2.388772233    
   -0.3062622309        -2.107591892         3.228046575        -3.052640974         2.281778020       -0.8532083673         2.463474027    
   -0.3043052838        -2.107591892         3.228046575        -3.005323345         2.329021784       -0.9001244038         2.539830979    
   -0.3023483366        -2.107591892         3.228046575        -2.956297900         2.377969195       -0.9491608337         2.617690130    
   -0.3003913894        -2.107591892         3.228046575        -2.905642556         2.428542132        -1.000251728         2.696892147    
   -0.2984344423        -2.107591892         3.228046575        -2.853440538         2.480657157        -1.053325173         2.777271720    
   -0.2964774951        -2.107591892         3.228046575        -2.799780205         2.534225684        -1.108303387         2.858657995    
   -0.2945205479        -2.107591892         3.228046575        -2.744754883         2.589154157        -1.165102839         2.940875021    
   -0.2925636008        -2.107591892         3.228046575        -2.688462649         2.645344253        -1.223634411         3.023742243    
   -0.2906066536        -2.107591892         3.228046575        -2.631006123         2.702693097        -1.283803562         3.107074995    
   -0.2886497065        -2.107591892         3.228046575        -2.572492217         2.761093513        -1.345510528         3.190685041    
   -0.2866927593        -2.107591892         3.228046575        -2.513031881         2.820434273        -1.408650532         3.274381110    
   -0.2847358121        -2.107591892         3.228046575        -2.452739825         2.880600377        -1.473114022         3.357969475    
   -0.2827788650        -2.107591892         3.228046575        -2.391734226         2.941473348        -1.538786924         3.441254525    
   -0.2808219178        -2.107591892         3.228046575        -2.330136416         3.002931538        -1.605550911         3.524039373    
   -0.2788649706        -2.107591892         3.228046575        -2.268070562         3.064850453        -1.673283697         3.606126454    
   -0.2769080235        -2.107591892         3.228046575        -2.205663322         3.127103093        -1.741859342         3.687318153    
   -0.2749510763        -2.107591892         3.228046575        -2.143043502         3.189560296        -1.811148575         3.767417419    
   -0.2729941292        -2.107591892         3.228046575        -2.080341686         3.252091106        -1.881019134         3.846228402    
   -0.2710371820        -2.107591892         3.228046575        -2.017689877         3.314563134        -1.951336130         3.923557016    
   -0.2690802348        -2.107591892         3.228046575        -1.955221136         3.376842917        -2.021962409         3.999211508    
   -0.2671232877        -2.107591892         3.228046575        -1.893069230         3.438796269        -2.092758883         4.073003029    
   -0.2651663405        -2.107591892         3.228046575        -1.831368270         3.500288645        -2.163584885         4.144746226    
   -0.2632093933        -2.107591892         3.228046575        -1.770252354         3.561185496        -2.234298514         4.214259816    
   -0.2612524462        -2.107591892         3.228046575        -1.709855186         3.621352645        -2.304757004         4.281367155    
   -0.2592954990        -2.107591892         3.228046575        -1.650309723         3.680656650        -2.374817085         4.345896797    
   -0.2573385519        -2.107591892         3.228046575        -1.591747788         3.738965179        -2.444335357         4.407683041    
   -0.2553816047        -2.107591892         3.228046575        -1.534299711         3.796147376        -2.513168668         4.466566456    
   -0.2534246575        -2.107591892         3.228046575        -1.478093954         3.852074233        -2.581174488         4.522394408    
   -0.2514677104        -2.107591892         3.228046575        -1.423256746         3.906618950        -2.648211289         4.575021539    
   -0.2495107632        -2.107591892         3.228046575        -1.369911722         3.959657305        -2.714138923         4.624310256    
   -0.2475538160        -2.107591892         3.228046575        -1.318179569         4.011067999        -2.778818999         4.670131171    
   -0.2455968689        -2.107591892         3.228046575        -1.268177671         4.060733012        -2.842115256         4.712363539    
   -0.2436399217        -2.107591892         3.228046575        -1.220019776         4.108537939        -2.903893931         4.750895645    
   -0.2416829746        -2.107591892         3.228046575        -1.173815655         4.154372322        -2.964024127         4.785625191    
   -0.2397260274        -2.107591892         3.228046575        -1.129670793         4.198129971        -3.022378161         4.816459627    
   -0.2377690802        -2.107591892         3.228046575        -1.087686067         4.239709270        -3.078831923         4.843316468    
   -0.2358121331        -2.107591892         3.228046575        -1.047957464         4.279013474        -3.133265205         4.866123573    
   -0.2338551859        -2.107591892         3.228046575        -1.010575786         4.315950987        -3.185562039         4.884819393    
   -0.2318982387        -2.107591892         3.228046575       -0.9756263952         4.350435630        -3.235611003         4.899353177    
   -0.2299412916        -2.107591892         3.228046575       -0.9431889533         4.382386892        -3.283305534         4.909685154    
   -0.2279843444        -2.107591892         3.228046575       -0.9133371982         4.411730153        -3.328544212         4.915786668    
   -0.2260273973        -2.107591892         3.228046575       -0.8861387203         4.438396913        -3.371231037         4.917640287    
   -0.2240704501        -2.107591892         3.228046575       -0.8616547742         4.462324972        -3.411275684         4.915239862    
   -0.2221135029        -2.107591892         3.228046575       -0.8399401213         4.483458590        -3.448593720         4.908590523    
   -0.2201565558        -2.107591892         3.228046575       -0.8210429748         4.501748542        -3.483106719         4.897708543    
   -0.2181996086        -2.107591892         3.228046575       -0.8050048921         4.517152222        -3.514742427         4.882621252    
   -0.2162426614        -2.107591892         3.228046575       -0.7918606712         4.529633750        -3.543434935         4.863366961    
   -0.2142857143        -2.107591892         3.228046575       -0.7816382536         4.539164064        -3.569124842         4.839994857    
   -0.2123287671        -2.107591892         3.228046575       -0.7743586581         4.545720988        -3.591759390         4.812564851    
   -0.2103718200        -2.107591892         3.228046575       -0.7700359226         4.549289288        -3.611292588         4.781147413    
   -0.2084148728        -2.107591892         3.228046575       -0.7686770779         4.549860696        -3.627685319         4.745823356    
   -0.2064579256        -2.107591892         3.228046575       -0.7702821290         4.547433930        -3.640905422         4.706683603    
   -0.2045009785        -2.107591892         3.228046575       -0.7748440692         4.542014677        -3.650927757         4.663828913    
   -0.2025440313        -2.107591892         3.228046575       -0.7823489005         4.533615573        -3.657734256         4.617369589    
   -0.2005870841        -2.107591892         3.228046575       -0.7927756879         4.522256145        -3.661313943         4.567425141    
   -0.1986301370        -2.107591892         3.228046575       -0.8060966191         4.507962752        -3.661662950         4.514123941    
   -0.1966731898        -2.107591892         3.228046575       -0.8222770974         4.490768493        -3.658784498         4.457602835    
   -0.1947162427        -2.107591892         3.228046575       -0.8412758402         4.470713100        -3.652688871         4.398006742    
   -0.1927592955        -2.107591892         3.228046575       -0.8630450089         4.447842817        -3.643393361         4.335488223    
   -0.1908023483        -2.107591892         3.228046575       -0.8875303444         4.422210253        -3.630922205         4.270207033    
   -0.1888454012        -2.107591892         3.228046575       -0.9146713326         4.393874223        -3.615306493         4.202329647    
   -0.1868884540        -2.107591892         3.228046575       -0.9444013746         4.362899573        -3.596584062         4.132028775    
   -0.1849315068        -2.107591892         3.228046575       -0.9766479859         4.329356979        -3.574799373         4.059482852    
   -0.1829745597        -2.107591892         3.228046575        -1.011332998         4.293322744        -3.550003371         3.984875521    
   -0.1810176125        -2.107591892         3.228046575        -1.048372789         4.254878569        -3.522253326         3.908395097    
   -0.1790606654        -2.107591892         3.228046575        -1.087678514         4.214111317        -3.491612657         3.830234024    
   -0.1771037182        -2.107591892         3.228046575        -1.129156362         4.171112756        -3.458150742         3.750588316    
   -0.1751467710        -2.107591892         3.228046575        -1.172707816         4.125979300        -3.421942719         3.669657000    
   -0.1731898239        -2.107591892         3.228046575        -1.218229932         4.078811723        -3.383069250         3.587641543    
   -0.1712328767        -2.107591892         3.228046575        -1.265615657         4.029714845        -3.341616249         3.504745272    
   -0.1692759295        -2.107591892         3.228046575        -1.314754167         3.978797195        -3.297674575         3.421172793    
   -0.1673189824        -2.107591892         3.228046575        -1.365531151         3.926170722        -3.251339781         3.337129444    
   -0.1653620352        -2.107591892         3.228046575        -1.417829114         3.871950493        -3.202711861         3.252820747    
   -0.1634050881        -2.107591892         3.228046575        -1.471527672         3.816254397        -3.151894990         3.168451870    
   -0.1614481409        -2.107591892         3.228046575        -1.526503864         3.759202830        -3.098997252         3.084227088    
   -0.1594911937        -2.107591892         3.228046575        -1.582632452         3.700918394        -3.044130368         3.000349257    
   -0.1575342466        -2.107591892         3.228046575        -1.639786246         3.641525577        -2.987409408         2.917019293    
   -0.1555772994        -2.107591892         3.228046575        -1.697836403         3.581150441        -2.928952507         2.834435662    
   -0.1536203523        -2.107591892         3.228046575        -1.756652755         3.519920302        -2.868880570         2.752793882    
   -0.1516634051        -2.107591892         3.228046575        -1.816104116         3.457963417        -2.807316978         2.672286039    
   -0.1497064579        -2.107591892         3.228046575        -1.876058604         3.395408666        -2.744387289         2.593100314    
   -0.1477495108        -2.107591892         3.228046575        -1.936383945         3.332385239        -2.680218935         2.515420531    
   -0.1457925636        -2.107591892         3.228046575        -1.996947793         3.269022322        -2.614940921         2.439425715    
   -0.1438356164        -2.107591892         3.228046575        -2.057618029         3.205448791        -2.548683522         2.365289672    
   -0.1418786693        -2.107591892         3.228046575        -2.118263073         3.141792905        -2.481577983         2.293180589    
   -0.1399217221        -2.107591892         3.228046575        -2.178752173         3.078182009        -2.413756214         2.223260652    
   -0.1379647750        -2.107591892         3.228046575        -2.238955705         3.014742236        -2.345350498         2.155685683    
   -0.1360078278        -2.107591892         3.228046575        -2.298745456         2.951598226        -2.276493187         2.090604802    
   -0.1340508806        -2.107591892         3.228046575        -2.357994902         2.888872840        -2.207316416         2.028160109    
   -0.1320939335        -2.107591892         3.228046575        -2.416579482         2.826686890        -2.137951812         1.968486393    
   -0.1301369863        -2.107591892         3.228046575        -2.474376860         2.765158874        -2.068530210         1.911710858    
   -0.1281800391        -2.107591892         3.228046575        -2.531267175         2.704404724        -1.999181382         1.857952880    
   -0.1262230920        -2.107591892         3.228046575        -2.587133292         2.644537557        -1.930033756         1.807323783    
   -0.1242661448        -2.107591892         3.228046575        -2.641861027         2.585667444        -1.861214161         1.759926644    
   -0.1223091977        -2.107591892         3.228046575        -2.695339372         2.527901190        -1.792847570         1.715856133    
   -0.1203522505        -2.107591892         3.228046575        -2.747460680         2.471342147        -1.725056864         1.675198429    
   -0.1183953033        -2.107591892         3.228046575        -2.798120848         2.416090033        -1.657962608         1.638031119    
   -0.1164383562        -2.107591892         3.228046575        -2.847219498         2.362240753        -1.591682836         1.604423119    
   -0.1144814090        -2.107591892         3.228046575        -2.894660143         2.309886230        -1.526332838         1.574434601    
   -0.1125244618        -2.107591892         3.228046575        -2.940350341         2.259114252        -1.462024965         1.548116955    
   -0.1105675147        -2.107591892         3.228046575        -2.984201840         2.210008325        -1.398868437         1.525512770    
   -0.1086105675        -2.107591892         3.228046575        -3.026130709         2.162647546        -1.336969165         1.506655835    
   -0.1066536204        -2.107591892         3.228046575        -3.066057457         2.117106482        -1.276429584         1.491571169    
   -0.1046966732        -2.107591892         3.228046575        -3.103907134         2.073455065        -1.217348493         1.480275067    
   -0.1027397260        -2.107591892         3.228046575        -3.139609434         2.031758498        -1.159820910         1.472775175    
   -0.1007827789        -2.107591892         3.228046575        -3.173098766         1.992077177        -1.103937938         1.469070576    
   -0.9882583170E-01    -2.107591892         3.228046575        -3.204314330         1.954466617        -1.049786634         1.469151903    
   -0.9686888454E-01    -2.107591892         3.228046575        -3.233200169         1.918977404       -0.9974499046         1.473001476    
   -0.9491193738E-01    -2.107591892         3.228046575        -3.259705214         1.885655149       -0.9470063958         1.480593445    
   -0.9295499022E-01    -2.107591892         3.228046575        -3.283783315         1.854540456       -0.8985304086         1.491893965    
   -0.9099804305E-01    -2.107591892         3.228046575        -3.305393259         1.825668903       -0.8520918161         1.506861380    
   -0.8904109589E-01    -2.107591892         3.228046575        -3.324498780         1.799071043       -0.8077559974         1.525446425    
   -0.8708414873E-01    -2.107591892         3.228046575        -3.341068554         1.774772398       -0.7655837796         1.547592451    
   -0.8512720157E-01    -2.107591892         3.228046575        -3.355076181         1.752793487       -0.7256313940         1.573235651    
   -0.8317025440E-01    -2.107591892         3.228046575        -3.366500161         1.733149849       -0.6879504395         1.602305314    
   -0.8121330724E-01    -2.107591892         3.228046575        -3.375323853         1.715852084       -0.6525878612         1.634724088    
   -0.7925636008E-01    -2.107591892         3.228046575        -3.381535428         1.700905901       -0.6195859360         1.670408245    
   -0.7729941292E-01    -2.107591892         3.228046575        -3.385127813         1.688312184       -0.5889822716         1.709267977    
   -0.7534246575E-01    -2.107591892         3.228046575        -3.386098616         1.678067057       -0.5608098134         1.751207682    
   -0.7338551859E-01    -2.107591892         3.228046575        -3.384450051         1.670161972       -0.5350968663         1.796126276    
   -0.7142857143E-01    -2.107591892         3.228046575        -3.380188829         1.664583818       -0.5118671475         1.843917526    
   -0.6947162427E-01    -2.107591892         3.228046575        -3.373326024         1.661315064       -0.4911398678         1.894470403    
   -0.6751467710E-01    -2.107591892         3.228046575        -3.363876966         1.660333867       -0.4729297868         1.947669410    
   -0.6555772994E-01    -2.107591892         3.228046575        -3.351861132         1.661614191       -0.4572472708         2.003394901    
   -0.6360078278E-01    -2.107591892         3.228046575        -3.337302029         1.665125923       -0.4440983578         2.061523411    
   -0.6164383562E-01    -2.107591892         3.228046575        -3.320227068         1.670835006       -0.4334848318         2.121927981    
   -0.5968688845E-01    -2.107591892         3.228046575        -3.300667438         1.678703569       -0.4254043018         2.184478493    
   -0.5772994129E-01    -2.107591892         3.228046575        -3.278657970         1.688690067       -0.4198502903         2.249042001    
   -0.5577299413E-01    -2.107591892         3.228046575        -3.254237001         1.700749427       -0.4168123250         2.315483059    
   -0.5381604697E-01    -2.107591892         3.228046575        -3.227446223         1.714833194       -0.4162760404         2.383664060    
   -0.5185909980E-01    -2.107591892         3.228046575        -3.198330547         1.730889687       -0.4182232811         2.453445555    
   -0.4990215264E-01    -2.107591892         3.228046575        -3.166937942         1.748864154       -0.4226322138         2.524686591    
   -0.4794520548E-01    -2.107591892         3.228046575        -3.133319289         1.768698933       -0.4294774418         2.597245024    
   -0.4598825832E-01    -2.107591892         3.228046575        -3.097528216         1.790333616       -0.4387301256         2.670977848    
   -0.4403131115E-01    -2.107591892         3.228046575        -3.059620950         1.813705211       -0.4503581064         2.745741504    
   -0.4207436399E-01    -2.107591892         3.228046575        -3.019656148         1.838748315       -0.4643260353         2.821392196    
   -0.4011741683E-01    -2.107591892         3.228046575        -2.977694740         1.865395279       -0.4805955029         2.897786187    
   -0.3816046967E-01    -2.107591892         3.228046575        -2.933799764         1.893576379       -0.4991251757         2.974780106    
   -0.3620352250E-01    -2.107591892         3.228046575        -2.888036206         1.923219988       -0.5198709312         3.052231231    
   -0.3424657534E-01    -2.107591892         3.228046575        -2.840470835         1.954252749       -0.5427859992         3.129997776    
   -0.3228962818E-01    -2.107591892         3.228046575        -2.791172043         1.986599744       -0.5678211015         3.207939166    
   -0.3033268102E-01    -2.107591892         3.228046575        -2.740209676         2.020184666       -0.5949245963         3.285916299    
   -0.2837573386E-01    -2.107591892         3.228046575        -2.687654883         2.054929991       -0.6240426208         3.363791809    
   -0.2641878669E-01    -2.107591892         3.228046575        -2.633579949         2.090757146       -0.6551192381         3.441430311    
   -0.2446183953E-01    -2.107591892         3.228046575        -2.578058141         2.127586675       -0.6880965807         3.518698636    
   -0.2250489237E-01    -2.107591892         3.228046575        -2.521163550         2.165338413       -0.7229150014         3.595466063    
   -0.2054794521E-01    -2.107591892         3.228046575        -2.462970928         2.203931653       -0.7595132331         3.671604529    
   -0.1859099804E-01    -2.107591892         3.228046575        -2.403555536         2.243285312       -0.7978285423         3.746988831    
   -0.1663405088E-01    -2.107591892         3.228046575        -2.342993002         2.283318088       -0.8377968700         3.821496814    
   -0.1467710372E-01    -2.107591892         3.228046575        -2.281359174         2.323948613       -0.8793529747         3.895009557    
   -0.1272015656E-01    -2.107591892         3.228046575        -2.218729988         2.365095602       -0.9224305705         3.967411534    
   -0.1076320939E-01    -2.107591892         3.228046575        -2.155181331         2.406678003       -0.9669624659         4.038590781    
   -0.8806262231E-02    -2.107591892         3.228046575        -2.090788911         2.448615134        -1.012880699         4.108439034    
   -0.6849315068E-02    -2.107591892         3.228046575        -2.025628131         2.490826830        -1.060116674         4.176851870    
   -0.4892367906E-02    -2.107591892         3.228046575        -1.959773973         2.533233570        -1.108601286         4.243728829    
   -0.2935420744E-02    -2.107591892         3.228046575        -1.893300870         2.575756616        -1.158265060         4.308973523    
   -0.9784735812E-03    -2.107591892         3.228046575        -1.826282606         2.618318132        -1.209038266         4.372493742    
    0.9784735812E-03    -2.107591892         3.228046575        -1.758792200         2.660841311        -1.260851053         4.434201543    
    0.2935420744E-02    -2.107591892         3.228046575        -1.690901808         2.703250492        -1.313633558         4.494013324    
    0.4892367906E-02    -2.107591892         3.228046575        -1.622682622         2.745471273        -1.367316033         4.551849898    
    0.6849315068E-02    -2.107591892         3.228046575        -1.554204779         2.787430616        -1.421828952         4.607636545    
    0.8806262231E-02    -2.107591892         3.228046575        -1.485537276         2.829056955        -1.477103123         4.661303062    
    0.1076320939E-01    -2.107591892         3.228046575        -1.416747882         2.870280291        -1.533069793         4.712783793    
    0.1272015656E-01    -2.107591892         3.228046575        -1.347903066         2.911032289        -1.589660755         4.762017661    
    0.1467710372E-01    -2.107591892         3.228046575        -1.279067923         2.951246361        -1.646808440         4.808948177    
    0.1663405088E-01    -2.107591892         3.228046575        -1.210306108         2.990857758        -1.704446016         4.853523451    
    0.1859099804E-01    -2.107591892         3.228046575        -1.141679773         3.029803638        -1.762507478         4.895696180    
    0.2054794521E-01    -2.107591892         3.228046575        -1.073249512         3.068023149        -1.820927735         4.935423645    
    0.2250489237E-01    -2.107591892         3.228046575        -1.005074311         3.105457492        -1.879642692         4.972667677    
    0.2446183953E-01    -2.107591892         3.228046575       -0.9372115001         3.142049985        -1.938589329         5.007394634    
    0.2641878669E-01    -2.107591892         3.228046575       -0.8697167150         3.177746125        -1.997705775         5.039575356    
    0.2837573386E-01    -2.107591892         3.228046575       -0.8026438540         3.212493634        -2.056931378         5.069185121    
    0.3033268102E-01    -2.107591892         3.228046575       -0.7360450437         3.246242499        -2.116206771         5.096203585    
    0.3228962818E-01    -2.107591892         3.228046575       -0.6699706066         3.278945019        -2.175473935         5.120614725    
    0.3424657534E-01    -2.107591892         3.228046575       -0.6044690437         3.310555836        -2.234676255         5.142406762    
    0.3620352250E-01    -2.107591892         3.228046575       -0.5395870122         3.341031976        -2.293758573         5.161572091    
    0.3816046967E-01    -2.107591892         3.228046575       -0.4753693181         3.370332870        -2.352667240         5.178107191    
    0.4011741683E-01    -2.107591892         3.228046575       -0.4118589026         3.398420387        -2.411350159         5.192012542    
    0.4207436399E-01    -2.107591892         3.228046575       -0.3490968435         3.425258844        -2.469756823         5.203292524    
    0.4403131115E-01    -2.107591892         3.228046575       -0.2871223506         3.450815030        -2.527838361         5.211955324    
    0.4598825832E-01    -2.107591892         3.228046575       -0.2259727746         3.475058212        -2.585547561         5.218012825    
    0.4794520548E-01    -2.107591892         3.228046575       -0.1656836116         3.497960144        -2.642838906         5.221480500    
    0.4990215264E-01    -2.107591892         3.228046575       -0.1062885191         3.519495069        -2.699668593         5.222377296    
    0.5185909980E-01    -2.107591892         3.228046575       -0.4781932777E-01     3.539639720        -2.755994563         5.220725520    
    0.5381604697E-01    -2.107591892         3.228046575        0.9693934546E-02     3.558373313        -2.811776509         5.216550712    
    0.5577299413E-01    -2.107591892         3.228046575        0.6622302460E-01     3.575677540        -2.866975897         5.209881530    
    0.5772994129E-01    -2.107591892         3.228046575        0.1217414534         3.591536557        -2.921555973         5.200749615    
    0.5968688845E-01    -2.107591892         3.228046575        0.1762244613         3.605936969        -2.975481771         5.189189467    
    0.6164383562E-01    -2.107591892         3.228046575        0.2296489820         3.618867807        -3.028720116         5.175238313    
    0.6360078278E-01    -2.107591892         3.228046575        0.2819936118         3.630320517        -3.081239625         5.158935972    
    0.6555772994E-01    -2.107591892         3.228046575        0.3332385686         3.640288920        -3.133010700         5.140324724    
    0.6751467710E-01    -2.107591892         3.228046575        0.3833656559         3.648769199        -3.184005528         5.119449177    
    0.6947162427E-01    -2.107591892         3.228046575        0.4323582174         3.655759859        -3.234198067         5.096356123    
    0.7142857143E-01    -2.107591892         3.228046575        0.4802010967         3.661261697        -3.283564032         5.071094411    
    0.7338551859E-01    -2.107591892         3.228046575        0.5268805880         3.665277768        -3.332080886         5.043714808    
    0.7534246575E-01    -2.107591892         3.228046575        0.5723843918         3.667813343        -3.379727813         5.014269861    
    0.7729941292E-01    -2.107591892         3.228046575        0.6167015702         3.668875872        -3.426485709         4.982813767    
    0.7925636008E-01    -2.107591892         3.228046575        0.6598225540         3.668474935        -3.472337171         4.949402267    
    0.8121330724E-01    -2.107591892         3.228046575        0.7017391241         3.666622189        -3.517266491         4.914092527    
    0.8317025440E-01    -2.107591892         3.228046575        0.7424443706         3.663331326        -3.561259632         4.876943004    
    0.8512720157E-01    -2.107591892         3.228046575        0.7819326391         3.658618019        -3.604304198         4.838013314    
    0.8708414873E-01    -2.107591892         3.228046575        0.8201994848         3.652499871        -3.646389406         4.797364097    
    0.8904109589E-01    -2.107591892         3.228046575        0.8572416175         3.644996363        -3.687506049         4.755056891    
    0.9099804305E-01    -2.107591892         3.228046575        0.8930568545         3.636128799        -3.727646467         4.711154000    
    0.9295499022E-01    -2.107591892         3.228046575        0.9276440637         3.625920246        -3.766804504         4.665718367    
    0.9491193738E-01    -2.107591892         3.228046575        0.9610031159         3.614395483        -3.804975469         4.618813457    
    0.9686888454E-01    -2.107591892         3.228046575        0.9931348278         3.601580935        -3.842156095         4.570503131    
    0.9882583170E-01    -2.107591892         3.228046575         1.024040914         3.587504616        -3.878344489         4.520851530    
    0.1007827789        -2.107591892         3.228046575         1.053723928         3.572196066        -3.913540090         4.469922960    
    0.1027397260        -2.107591892         3.228046575         1.082187217         3.555686294        -3.947743616         4.417781786    
    0.1046966732        -2.107591892         3.228046575         1.109434865         3.538007708        -3.980957008         4.364492318    
    0.1066536204        -2.107591892         3.228046575         1.135471641         3.519194055        -4.013183381         4.310118716    
    0.1086105675        -2.107591892         3.228046575         1.160302951         3.499280358        -4.044426959         4.254724886    
    0.1105675147        -2.107591892         3.228046575         1.183934784         3.478302849        -4.074693018         4.198374388    
    0.1125244618        -2.107591892         3.228046575         1.206373663         3.456298906        -4.103987822         4.141130349    
    0.1144814090        -2.107591892         3.228046575         1.227626601         3.433306986        -4.132318553         4.083055378    
    0.1164383562        -2.107591892         3.228046575         1.247701043         3.409366560        -4.159693239         4.024211486    
    0.1183953033        -2.107591892         3.228046575         1.266604831         3.384518051        -4.186120687         3.964660018    
    0.1203522505        -2.107591892         3.228046575         1.284346147         3.358802763        -4.211610397         3.904461581    
    0.1223091977        -2.107591892         3.228046575         1.300933479         3.332262819        -4.236172486         3.843675990    
    0.1242661448        -2.107591892         3.228046575         1.316375568         3.304941097        -4.259817596         3.782362212    
    0.1262230920        -2.107591892         3.228046575         1.330681377         3.276881162        -4.282556813         3.720578321    
    0.1281800391        -2.107591892         3.228046575         1.343860091         3.248127199        -4.304401597         3.658381470    
    0.1301369863        -2.107591892         3.228046575         1.355921195         3.218723935        -4.325363762         3.595827871    
    0.1320939335        -2.107591892         3.228046575         1.366874464         3.188716568        -4.345455397         3.532972768    
    0.1340508806        -2.107591892         3.228046575         1.376729933         3.158150702        -4.364688765         3.469870424    
    0.1360078278        -2.107591892         3.228046575         1.385497859         3.127072272        -4.383076200         3.406574097    
    0.1379647750        -2.107591892         3.228046575         1.393188694         3.095527485        -4.400629996         3.343136046    
    0.1399217221        -2.107591892         3.228046575         1.399813056         3.063562747        -4.417362303         3.279607537    
    0.1418786693        -2.107591892         3.228046575         1.405381700         3.031224602        -4.433285016         3.216038858    
    0.1438356164        -2.107591892         3.228046575         1.409905486         2.998559661        -4.448409664         3.152479352    
    0.1457925636        -2.107591892         3.228046575         1.413395364         2.965614545        -4.462747310         3.088977448    
    0.1477495108        -2.107591892         3.228046575         1.415862341         2.932435817        -4.476308446         3.025580711    
    0.1497064579        -2.107591892         3.228046575         1.417317463         2.899069921        -4.489102905         2.962335899    
    0.1516634051        -2.107591892         3.228046575         1.417771794         2.865563121        -4.501139776         2.899289013    
    0.1536203523        -2.107591892         3.228046575         1.417236394         2.831961443        -4.512427335         2.836485376    
    0.1555772994        -2.107591892         3.228046575         1.415722304         2.798310613        -4.522972991         2.773969688    
    0.1575342466        -2.107591892         3.228046575         1.413240529         2.764656004        -4.532783247         2.711786101    
    0.1594911937        -2.107591892         3.228046575         1.409802021         2.731042576        -4.541863674         2.649978284    
    0.1614481409        -2.107591892         3.228046575         1.405417669         2.697514825        -4.550218913         2.588589483    
    0.1634050881        -2.107591892         3.228046575         1.400098283         2.664116728        -4.557852677         2.527662579    
    0.1653620352        -2.107591892         3.228046575         1.393854587         2.630891695        -4.564767788         2.467240139    
    0.1673189824        -2.107591892         3.228046575         1.386697207         2.597882511        -4.570966208         2.407364452    
    0.1692759295        -2.107591892         3.228046575         1.378636666         2.565131301        -4.576449097         2.348077566    
    0.1712328767        -2.107591892         3.228046575         1.369683373         2.532679470        -4.581216868         2.289421304    
    0.1731898239        -2.107591892         3.228046575         1.359847625         2.500567670        -4.585269258         2.231437283    
    0.1751467710        -2.107591892         3.228046575         1.349139593         2.468835746        -4.588605397         2.174166911    
    0.1771037182        -2.107591892         3.228046575         1.337569349         2.437522699        -4.591223896         2.117651383    
    0.1790606654        -2.107591892         3.228046575         1.325147014         2.406666592        -4.593123044         2.061931604    
    0.1810176125        -2.107591892         3.228046575         1.311882902         2.376304474        -4.594300980         2.007048121    
    0.1829745597        -2.107591892         3.228046575         1.297787516         2.346472327        -4.594755780         1.953041072    
    0.1849315068        -2.107591892         3.228046575         1.282871555         2.317205028        -4.594485519         1.899950144    
    0.1868884540        -2.107591892         3.228046575         1.267145907         2.288536309        -4.593488344         1.847814513    
    0.1888454012        -2.107591892         3.228046575         1.250621650         2.260498720        -4.591762531         1.796672801    
    0.1908023483        -2.107591892         3.228046575         1.233310048         2.233123594        -4.589306542         1.746563012    
    0.1927592955        -2.107591892         3.228046575         1.215222555         2.206441015        -4.586119080         1.697522478    
    0.1947162427        -2.107591892         3.228046575         1.196370807         2.180479790        -4.582199134         1.649587794    
    0.1966731898        -2.107591892         3.228046575         1.176766628         2.155267419        -4.577546027         1.602794768    
    0.1986301370        -2.107591892         3.228046575         1.156422027         2.130830074        -4.572159449         1.557178352    
    0.2005870841        -2.107591892         3.228046575         1.135349197         2.107192573        -4.566039500         1.512772587    
    0.2025440313        -2.107591892         3.228046575         1.113560515         2.084378365        -4.559186715         1.469610544    
    0.2045009785        -2.107591892         3.228046575         1.091068543         2.062409510        -4.551602097         1.427724264    
    0.2064579256        -2.107591892         3.228046575         1.067886027         2.041306665        -4.543287138         1.387144702    
    0.2084148728        -2.107591892         3.228046575         1.044025897         2.021089077        -4.534243843         1.347901677    
    0.2103718200        -2.107591892         3.228046575         1.019501261         2.001774565        -4.524474746         1.310023807    
    0.2123287671        -2.107591892         3.228046575        0.9943254160         1.983379524        -4.513982926         1.273538472    
    0.2142857143        -2.107591892         3.228046575        0.9685118333         1.965918914        -4.502772021         1.238471752    
    0.2162426614        -2.107591892         3.228046575        0.9420741682         1.949406261        -4.490846235         1.204848389    
    0.2181996086        -2.107591892         3.228046575        0.9150262503         1.933853657        -4.478210347         1.172691740    
    0.2201565558        -2.107591892         3.228046575        0.8873820883         1.919271767        -4.464869717         1.142023732    
    0.2221135029        -2.107591892         3.228046575        0.8591558607         1.905669832        -4.450830286         1.112864829    
    0.2240704501        -2.107591892         3.228046575        0.8303619204         1.893055679        -4.436098580         1.085233992    
    0.2260273973        -2.107591892         3.228046575        0.8010147859         1.881435728        -4.420681706         1.059148642    
    0.2279843444        -2.107591892         3.228046575        0.7711292116         1.870814975        -4.404587418         1.034624580    
    0.2299412916        -2.107591892         3.228046575        0.7407203797         1.861196900        -4.387824298         1.011675760    
    0.2318982387        -2.107591892         3.228046575        0.7098039548         1.852583451        -4.370401805        0.9903142141    
    0.2338551859        -2.107591892         3.228046575        0.6783960596         1.844975060        -4.352330253        0.9705500213    
    0.2358121331        -2.107591892         3.228046575        0.6465132674         1.838370669        -4.333620794        0.9523912866    
    0.2377690802        -2.107591892         3.228046575        0.6141725751         1.832767745        -4.314285397        0.9358441207    
    0.2397260274        -2.107591892         3.228046575        0.5813913930         1.828162316        -4.294336825        0.9209126328    
    0.2416829746        -2.107591892         3.228046575        0.5481875165         1.824548993        -4.273788609        0.9075989176    
    0.2436399217        -2.107591892         3.228046575        0.5145791134         1.821921004        -4.252655022        0.8959030582    
    0.2455968689        -2.107591892         3.228046575        0.4805846944         1.820270228        -4.230951050        0.8858231231    
    0.2475538160        -2.107591892         3.228046575        0.4462230988         1.819587231        -4.208692362        0.8773551790    
    0.2495107632        -2.107591892         3.228046575        0.4115134624         1.819861303        -4.185895281        0.8704932968    
    0.2514677104        -2.107591892         3.228046575        0.3764752026         1.821080502        -4.162576747        0.8652295747    
    0.2534246575        -2.107591892         3.228046575        0.3411279847         1.823231691        -4.138754289        0.8615541530    
    0.2553816047        -2.107591892         3.228046575        0.3054917047         1.826300590        -4.114445985        0.8594552464    
    0.2573385519        -2.107591892         3.228046575        0.2695864555         1.830271813        -4.089670429        0.8589191684    
    0.2592954990        -2.107591892         3.228046575        0.2334325078         1.835128926        -4.064446695        0.8599303718    
    0.2612524462        -2.107591892         3.228046575        0.1970502752         1.840854483        -4.038794296        0.8624714819    
    0.2632093933        -2.107591892         3.228046575        0.1604602946         1.847430092        -4.012733150        0.8665233453    
    0.2651663405        -2.107591892         3.228046575        0.1236831895         1.854836453        -3.986283537        0.8720650708    
    0.2671232877        -2.107591892         3.228046575        0.8673965079E-01     1.863053418        -3.959466065        0.8790740867    
    0.2690802348        -2.107591892         3.228046575        0.4965039854E-01     1.872060041        -3.932301623        0.8875261879    
    0.2710371820        -2.107591892         3.228046575        0.1243616232E-01     1.881834639        -3.904811349        0.8973956012    
    0.2729941292        -2.107591892         3.228046575       -0.2488235652E-01     1.892354835        -3.877016585        0.9086550382    
    0.2749510763        -2.107591892         3.228046575       -0.6228450696E-01     1.903597627        -3.848938837        0.9212757690    
    0.2769080235        -2.107591892         3.228046575       -0.9974970852E-01     1.915539422        -3.820599749        0.9352276621    
    0.2788649706        -2.107591892         3.228046575       -0.1372573132         1.928156001        -3.792021186        0.9504790940    
    0.2808219178        -2.107591892         3.228046575       -0.1747864863         1.941422461        -3.763225323        0.9669968384    
    0.2827788650        -2.107591892         3.228046575       -0.2123162247         1.955313276        -3.734234606        0.9847461340    
    0.2847358121        -2.107591892         3.228046575       -0.2498254186         1.969802351        -3.705071696         1.003690765    
    0.2866927593        -2.107591892         3.228046575       -0.2872928902         1.984863096        -3.675759418         1.023793158    
    0.2886497065        -2.107591892         3.228046575       -0.3246974521         2.000468478        -3.646320703         1.045014466    
    0.2906066536        -2.107591892         3.228046575       -0.3620179450         2.016591099        -3.616778545         1.067314668    
    0.2925636008        -2.107591892         3.228046575       -0.3992332951         2.033203246        -3.587155937         1.090652663    
    0.2945205479        -2.107591892         3.228046575       -0.4363225502         2.050276968        -3.557475832         1.114986371    
    0.2964774951        -2.107591892         3.228046575       -0.4732649350         2.067784126        -3.527761084         1.140272827    
    0.2984344423        -2.107591892         3.228046575       -0.5100398849         2.085696467        -3.498034406         1.166468289    
    0.3003913894        -2.107591892         3.228046575       -0.5466270999         2.103985675        -3.468318315         1.193528333    
    0.3023483366        -2.107591892         3.228046575       -0.5830065747         2.122623442        -3.438635095         1.221407960    
    0.3043052838        -2.107591892         3.228046575       -0.6191586513         2.141581516        -3.409006742         1.250061696    
    0.3062622309        -2.107591892         3.228046575       -0.6550640452         2.160831770        -3.379454931         1.279443693    
    0.3082191781        -2.107591892         3.228046575       -0.6907038954         2.180346246        -3.350000963         1.309507832    
    0.3101761252        -2.107591892         3.228046575       -0.7260597877         2.200097225        -3.320665738         1.340207824    
    0.3121330724        -2.107591892         3.228046575       -0.7611138010         2.220057264        -3.291469702         1.371497307    
    0.3140900196        -2.107591892         3.228046575       -0.7958485273         2.240199259        -3.262432825         1.403329949    
    0.3160469667        -2.107591892         3.228046575       -0.8302471144         2.260496486        -3.233574555         1.435659537    
    0.3180039139        -2.107591892         3.228046575       -0.8642932826         2.280922657        -3.204913794         1.468440079    
    0.3199608611        -2.107591892         3.228046575       -0.8979713632         2.301451953        -3.176468860         1.501625889    
    0.3219178082        -2.107591892         3.228046575       -0.9312663115         2.322059081        -3.148257466         1.535171686    
    0.3238747554        -2.107591892         3.228046575       -0.9641637418         2.342719297        -3.120296686         1.569032670    
    0.3258317025        -2.107591892         3.228046575       -0.9966499352         2.363408463        -3.092602938         1.603164617    
    0.3277886497        -2.107591892         3.228046575        -1.028711832         2.384103033        -3.065191994         1.637523887    
    0.3297455969        -2.107591892         3.228046575        -1.060336885         2.404779983        -3.038079101         1.672067283    
    0.3317025440        -2.107591892         3.228046575        -1.091513055         2.425416799        -3.011278992         1.706752054    
    0.3336594912        -2.107591892         3.228046575        -1.122228822         2.445991529        -2.984805861         1.741535997    
    0.3356164384        -2.107591892         3.228046575        -1.152473238         2.466482809        -2.958673323         1.776377535    
    0.3375733855        -2.107591892         3.228046575        -1.182235937         2.486869916        -2.932894393         1.811235822    
    0.3395303327        -2.107591892         3.228046575        -1.211507176         2.507132784        -2.907481450         1.846070814    
    0.3414872798        -2.107591892         3.228046575        -1.240277841         2.527252055        -2.882446223         1.880843357    
    0.3434442270        -2.107591892         3.228046575        -1.268539488         2.547209088        -2.857799759         1.915515256    
    0.3454011742        -2.107591892         3.228046575        -1.296284340         2.566986002        -2.833552416         1.950049354    
    0.3473581213        -2.107591892         3.228046575        -1.323505320         2.586565683        -2.809713837         1.984409585    
    0.3493150685        -2.107591892         3.228046575        -1.350196043         2.605931817        -2.786292948         2.018561052    
    0.3512720157        -2.107591892         3.228046575        -1.376350850         2.625068894        -2.763297934         2.052470064    
    0.3532289628        -2.107591892         3.228046575        -1.401964788         2.643962235        -2.740736246         2.086104202    
    0.3551859100        -2.107591892         3.228046575        -1.427033639         2.662597990        -2.718614582         2.119432351    
    0.3571428571        -2.107591892         3.228046575        -1.451553902         2.680963157        -2.696938897         2.152424754    
    0.3590998043        -2.107591892         3.228046575        -1.475522810         2.699045578        -2.675714391         2.185053032    
    0.3610567515        -2.107591892         3.228046575        -1.498938308         2.716833953        -2.654945521         2.217290228    
    0.3630136986        -2.107591892         3.228046575        -1.521799069         2.734317823        -2.634635995         2.249110816    
    0.3649706458        -2.107591892         3.228046575        -1.544104466         2.751487589        -2.614788789         2.280490738    
    0.3669275930        -2.107591892         3.228046575        -1.565854585         2.768334486        -2.595406146         2.311407398    
    0.3688845401        -2.107591892         3.228046575        -1.587050192         2.784850594        -2.576489592         2.341839692    
    0.3708414873        -2.107591892         3.228046575        -1.607692740         2.801028810        -2.558039944         2.371767994    
    0.3727984344        -2.107591892         3.228046575        -1.627784336         2.816862857        -2.540057328         2.401174171    
    0.3747553816        -2.107591892         3.228046575        -1.647327747         2.832347250        -2.522541186         2.430041563    
    0.3767123288        -2.107591892         3.228046575        -1.666326355         2.847477293        -2.505490308         2.458354985    
    0.3786692759        -2.107591892         3.228046575        -1.684784111         2.862249003        -2.488902883         2.486100604    
    0.3806262231        -2.107591892         3.228046575        -1.702705431         2.876659056        -2.472776586         2.513265832    
    0.3825831703        -2.107591892         3.228046575        -1.720095203         2.890704745        -2.457108578         2.539839292    
    0.3845401174        -2.107591892         3.228046575        -1.736958759         2.904383999        -2.441895528         2.565810840    
    0.3864970646        -2.107591892         3.228046575        -1.753301893         2.917695343        -2.427133611         2.591171532    
    0.3884540117        -2.107591892         3.228046575        -1.769130823         2.930637911        -2.412818527         2.615913641    
    0.3904109589        -2.107591892         3.228046575        -1.784452206         2.943211404        -2.398945501         2.640030614    
    0.3923679061        -2.107591892         3.228046575        -1.799273099         2.955416095        -2.385509315         2.663517078    
    0.3943248532        -2.107591892         3.228046575        -1.813600975         2.967252790        -2.372504302         2.686368793    
    0.3962818004        -2.107591892         3.228046575        -1.827443674         2.978722828        -2.359924381         2.708582649    
    0.3982387476        -2.107591892         3.228046575        -1.840809422         2.989828031        -2.347763054         2.730156604    
    0.4001956947        -2.107591892         3.228046575        -1.853706777         3.000570714        -2.336013446         2.751089685    
    0.4021526419        -2.107591892         3.228046575        -1.866144654         3.010953625        -2.324668299         2.771381916    
    0.4041095890        -2.107591892         3.228046575        -1.878132259         3.020979953        -2.313720012         2.791034308    
    0.4060665362        -2.107591892         3.228046575        -1.889679120         3.030653265        -2.303160641         2.810048785    
    0.4080234834        -2.107591892         3.228046575        -1.900795021         3.039977518        -2.292981936         2.828428173    
    0.4099804305        -2.107591892         3.228046575        -1.911490030         3.048956987        -2.283175342         2.846176110    
    0.4119373777        -2.107591892         3.228046575        -1.921774435         3.057596281        -2.273732035         2.863297043    
    0.4138943249        -2.107591892         3.228046575        -1.931658771         3.065900267        -2.264642922         2.879796129    
    0.4158512720        -2.107591892         3.228046575        -1.941153758         3.073874083        -2.255898678         2.895679223    
    0.4178082192        -2.107591892         3.228046575        -1.950270332         3.081523066        -2.247489747         2.910952784    
    0.4197651663        -2.107591892         3.228046575        -1.959019574         3.088852761        -2.239406374         2.925623860    
    0.4217221135        -2.107591892         3.228046575        -1.967412758         3.095868846        -2.231638603         2.939699984    
    0.4236790607        -2.107591892         3.228046575        -1.975461270         3.102577147        -2.224176313         2.953189165    
    0.4256360078        -2.107591892         3.228046575        -1.983176663         3.108983552        -2.217009209         2.966099776    
    0.4275929550        -2.107591892         3.228046575        -1.990570572         3.115094031        -2.210126867         2.978440534    
    0.4295499022        -2.107591892         3.228046575        -1.997654733         3.120914501        -2.203518749         2.990220298    
    0.4315068493        -2.107591892         3.228046575        -2.004440900         3.126450850        -2.197174249         3.001448053    
    0.4334637965        -2.107591892         3.228046575        -2.010940920         3.131708843        -2.191082661         3.012132792    
    0.4354207436        -2.107591892         3.228046575        -2.017166661         3.136694164        -2.185233212         3.022283542    
    0.4373776908        -2.107591892         3.228046575        -2.023130105         3.141412314        -2.179615018         3.031909238    
    0.4393346380        -2.107591892         3.228046575        -2.028843263         3.145868655        -2.174217123         3.041018750    
    0.4412915851        -2.107591892         3.228046575        -2.034318287         3.150068300        -2.169028449         3.049620742    
    0.4432485323        -2.107591892         3.228046575        -2.039567375         3.154016163        -2.164037831         3.057723705    
    0.4452054795        -2.107591892         3.228046575        -2.044602900         3.157716828        -2.159233963         3.065335800    
    0.4471624266        -2.107591892         3.228046575        -2.049437309         3.161174611        -2.154605431         3.072464898    
    0.4491193738        -2.107591892         3.228046575        -2.054083272         3.164393411        -2.150140653         3.079118404    
    0.4510763209        -2.107591892         3.228046575        -2.058553571         3.167376780        -2.145827910         3.085303301    
    0.4530332681        -2.107591892         3.228046575        -2.062861279         3.170127752        -2.141655269         3.091025957    
    0.4549902153        -2.107591892         3.228046575        -2.067019631         3.172648920        -2.137610624         3.096292176    
    0.4569471624        -2.107591892         3.228046575        -2.071042242         3.174942245        -2.133681596         3.101106979    
    0.4589041096        -2.107591892         3.228046575        -2.074942959         3.177009143        -2.129855579         3.105474667    
    0.4608610568        -2.107591892         3.228046575        -2.078736125         3.178850253        -2.126119619         3.109398564    
    0.4628180039        -2.107591892         3.228046575        -2.082436409         3.180465547        -2.122460460         3.112881104    
    0.4647749511        -2.107591892         3.228046575        -2.086059123         3.181854055        -2.118864407         3.115923522    
    0.4667318982        -2.107591892         3.228046575        -2.089620029         3.183013992        -2.115317365         3.118525966    
    0.4686888454        -2.107591892         3.228046575        -2.093135723         3.183942423        -2.111804675         3.120687131    
    0.4706457926        -2.107591892         3.228046575        -2.096623404         3.184635426        -2.108311162         3.122404401    
    0.4726027397        -2.107591892         3.228046575        -2.100101360         3.185087674        -2.104820924         3.123673401    
    0.4745596869        -2.107591892         3.228046575        -2.103588667         3.185292641        -2.101317401         3.124488190    
    0.4765166341        -2.107591892         3.228046575        -2.107105822         3.185242075        -2.097783098         3.124840700    
    0.4784735812        -2.107591892         3.228046575        -2.110674341         3.184926277        -2.094199682         3.124721002    
    0.4804305284        -2.107591892         3.228046575        -2.114317593         3.184333403        -2.090547621         3.124116582    
    0.4823874755        -2.107591892         3.228046575        -2.118060238         3.183449872        -2.086806329         3.123012734    
    0.4843444227        -2.107591892         3.228046575        -2.121929371         3.182259411        -2.082953683         3.121391581    
    0.4863013699        -2.107591892         3.228046575        -2.125953678         3.180743680        -2.078966249         3.119232695    
    0.4882583170        -2.107591892         3.228046575        -2.130165093         3.178880895        -2.074818598         3.116511695    
    0.4902152642        -2.107591892         3.228046575        -2.134597392         3.176646892        -2.070483731         3.113201318    
    0.4921722114        -2.107591892         3.228046575        -2.139288860         3.174012931        -2.065931991         3.109269195    
    0.4941291585        -2.107591892         3.228046575        -2.144279540         3.170947824        -2.061131976         3.104680010    
    0.4960861057        -2.107591892         3.228046575        -2.149616394         3.167413712        -2.056048499         3.099391232    
    0.4980430528        -2.107591892         3.228046575        -2.155346148         3.163371723        -2.050645118         3.093358875    
    0.5000000000        -2.107591892         3.228046575        -2.161531319         3.158768939        -2.044877997         3.086524298    
