   -0.5000000000         48.63654587         129.1815004    
   -0.4980430528         46.98674400         127.3970255    
   -0.4960861057         45.35723664         125.6322319    
   -0.4941291585         43.74802380         123.8871195    
   -0.4921722114         42.15910552         122.1616883    
   -0.4902152642         40.59048180         120.4559383    
   -0.4882583170         39.04215268         118.7698694    
   -0.4863013699         37.51411817         117.1034816    
   -0.4843444227         36.00637830         115.4567749    
   -0.4823874755         34.51893309         113.8297493    
   -0.4804305284         33.05178255         112.2224047    
   -0.4784735812         31.60492671         110.6347412    
   -0.4765166341         30.17836558         109.0667587    
   -0.4745596869         28.77209920         107.5184572    
   -0.4726027397         27.38612757         105.9898367    
   -0.4706457926         26.02045073         104.4808971    
   -0.4686888454         24.67506868         102.9916385    
   -0.4667318982         23.34998146         101.5220608    
   -0.4647749511         22.04518907         100.0721639    
   -0.4628180039         20.76069154         98.64194799    
   -0.4608610568         19.49648890         97.23141289    
   -0.4589041096         18.25258115         95.84055863    
   -0.4569471624         17.02896832         94.46938518    
   -0.4549902153         15.82565043         93.11789253    
   -0.4530332681         14.64262749         91.78608066    
   -0.4510763209         13.47989954         90.47394954    
   -0.4491193738         12.33746658         89.18149917    
   -0.4471624266         11.21532863         87.90872951    
   -0.4452054795         10.11348572         86.65564055    
   -0.4432485323         9.031937861         85.42223228    
   -0.4412915851         7.970685075         84.20850467    
   -0.4393346380         6.929727378         83.01445770    
   -0.4373776908         5.909064791         81.84009135    
   -0.4354207436         4.908697331         80.68540562    
   -0.4334637965         3.928625017         79.55040047    
   -0.4315068493         2.968847867         78.43507590    
   -0.4295499022         2.029365899         77.33943187    
   -0.4275929550         1.110179132         76.26346838    
   -0.4256360078        0.2112875828         75.20718541    
   -0.4236790607       -0.6688602040         74.16899373    
   -0.4217221135        -1.535163410         73.14387507    
   -0.4197651663        -2.387981753         72.13146105    
   -0.4178082192        -3.227315282         71.13175172    
   -0.4158512720        -4.053164048         70.14474714    
   -0.4138943249        -4.865528100         69.17044735    
   -0.4119373777        -5.664407492         68.20885241    
   -0.4099804305        -6.449802276         67.25996236    
   -0.4080234834        -7.221712505         66.32377727    
   -0.4060665362        -7.980138235         65.40029719    
   -0.4041095890        -8.725079520         64.48952217    
   -0.4021526419        -9.456536418         63.59145226    
   -0.4001956947        -10.17450898         62.70608754    
   -0.3982387476        -10.87899728         61.83342805    
   -0.3962818004        -11.57000136         60.97347385    
   -0.3943248532        -12.24752129         60.12622501    
   -0.3923679061        -12.91155712         59.29168158    
   -0.3904109589        -13.56210893         58.46984363    
   -0.3884540117        -14.19917677         57.66071122    
   -0.3864970646        -14.82276071         56.86428442    
   -0.3845401174        -15.43286081         56.08056329    
   -0.3825831703        -16.02947715         55.30954789    
   -0.3806262231        -16.61260978         54.55123830    
   -0.3786692759        -17.18225877         53.80563459    
   -0.3767123288        -17.73842421         53.07273681    
   -0.3747553816        -18.28113634         52.35251406    
   -0.3727984344        -18.81274966         51.64254866    
   -0.3708414873        -19.33474335         50.94132189    
   -0.3688845401        -19.84711752         50.24883386    
   -0.3669275930        -20.34987229         49.56508469    
   -0.3649706458        -20.84300777         48.89007449    
   -0.3630136986        -21.32652410         48.22380339    
   -0.3610567515        -21.80042139         47.56627152    
   -0.3590998043        -22.26469977         46.91747901    
   -0.3571428571        -22.71935937         46.27742597    
   -0.3551859100        -23.16440033         45.64611255    
   -0.3532289628        -23.59982279         45.02353889    
   -0.3512720157        -24.02562687         44.40970511    
   -0.3493150685        -24.44181272         43.80461136    
   -0.3473581213        -24.84838049         43.20825779    
   -0.3454011742        -25.24533032         42.62064454    
   -0.3434442270        -25.63266236         42.04177176    
   -0.3414872798        -26.01037676         41.47163961    
   -0.3395303327        -26.37847369         40.91024824    
   -0.3375733855        -26.73695330         40.35759781    
   -0.3356164384        -27.08581575         39.81368848    
   -0.3336594912        -27.42506121         39.27852043    
   -0.3317025440        -27.75468986         38.75209381    
   -0.3297455969        -28.07470185         38.23440881    
   -0.3277886497        -28.38509737         37.72546559    
   -0.3258317025        -28.68587660         37.22526435    
   -0.3238747554        -28.97752343         36.73334455    
   -0.3219178082        -29.26221598         36.24763183    
   -0.3199608611        -29.54021839         35.76787438    
   -0.3180039139        -29.81153055         35.29407209    
   -0.3160469667        -30.07615234         34.82622484    
   -0.3140900196        -30.33408365         34.36433252    
   -0.3121330724        -30.58532437         33.90839502    
   -0.3101761252        -30.82987438         33.45841222    
   -0.3082191781        -31.06773357         33.01438402    
   -0.3062622309        -31.29890184         32.57631029    
   -0.3043052838        -31.52337906         32.14419094    
   -0.3023483366        -31.74116514         31.71802585    
   -0.3003913894        -31.95225995         31.29781490    
   -0.2984344423        -32.15666339         30.88355800    
   -0.2964774951        -32.35437536         30.47525503    
   -0.2945205479        -32.54539574         30.07290588    
   -0.2925636008        -32.72972443         29.67651045    
   -0.2906066536        -32.90736132         29.28606863    
   -0.2886497065        -33.07830630         28.90158031    
   -0.2866927593        -33.24255927         28.52304540    
   -0.2847358121        -33.40012012         28.15046377    
   -0.2827788650        -33.55098876         27.78383534    
   -0.2808219178        -33.69516506         27.42315999    
   -0.2788649706        -33.83264894         27.06843763    
   -0.2769080235        -33.96344029         26.71966814    
   -0.2749510763        -34.08753970         26.37685066    
   -0.2729941292        -34.20610305         26.03869016    
   -0.2710371820        -34.32017831         25.70401298    
   -0.2690802348        -34.42976570         25.37281936    
   -0.2671232877        -34.53486547         25.04510955    
   -0.2651663405        -34.63547787         24.72088378    
   -0.2632093933        -34.73160315         24.40014232    
   -0.2612524462        -34.82324157         24.08288543    
   -0.2592954990        -34.91039340         23.76911337    
   -0.2573385519        -34.99305892         23.45882642    
   -0.2553816047        -35.07123840         23.15202486    
   -0.2534246575        -35.14493215         22.84870899    
   -0.2514677104        -35.21414046         22.54887911    
   -0.2495107632        -35.27886364         22.25253552    
   -0.2475538160        -35.33910201         21.95967854    
   -0.2455968689        -35.39485589         21.67030849    
   -0.2436399217        -35.44612561         21.38442571    
   -0.2416829746        -35.49291151         21.10203055    
   -0.2397260274        -35.53521396         20.82312335    
   -0.2377690802        -35.57303331         20.54770447    
   -0.2358121331        -35.60636994         20.27577429    
   -0.2338551859        -35.63522422         20.00733320    
   -0.2318982387        -35.65959655         19.74238157    
   -0.2299412916        -35.67948734         19.48091983    
   -0.2279843444        -35.69489699         19.22294838    
   -0.2260273973        -35.70582594         18.96846764    
   -0.2240704501        -35.71244864         18.71733263    
   -0.2221135029        -35.71592124         18.46857752    
   -0.2201565558        -35.71645612         18.22202444    
   -0.2181996086        -35.71405303         17.97767315    
   -0.2162426614        -35.70871175         17.73552341    
   -0.2142857143        -35.70043204         17.49557499    
   -0.2123287671        -35.68921365         17.25782766    
   -0.2103718200        -35.67505637         17.02228118    
   -0.2084148728        -35.65795995         16.78893532    
   -0.2064579256        -35.63792417         16.55778985    
   -0.2045009785        -35.61494880         16.32884454    
   -0.2025440313        -35.58903360         16.10209916    
   -0.2005870841        -35.56017835         15.87755347    
   -0.1986301370        -35.52838282         15.65520727    
   -0.1966731898        -35.49364679         15.43506031    
   -0.1947162427        -35.45597003         15.21711238    
   -0.1927592955        -35.41535232         15.00136325    
   -0.1908023483        -35.37179344         14.78781271    
   -0.1888454012        -35.32529317         14.57646052    
   -0.1868884540        -35.27585128         14.36730647    
   -0.1849315068        -35.22346756         14.16035034    
   -0.1829745597        -35.16814178         13.95559191    
   -0.1810176125        -35.10987374         13.75303097    
   -0.1790606654        -35.04866322         13.55266729    
   -0.1771037182        -34.98450999         13.35450067    
   -0.1751467710        -34.91741386         13.15853089    
   -0.1731898239        -34.84790543         12.96429653    
   -0.1712328767        -34.77669096         12.77118349    
   -0.1692759295        -34.70377366         12.57918847    
   -0.1673189824        -34.62915326         12.38831121    
   -0.1653620352        -34.55282948         12.19855144    
   -0.1634050881        -34.47480208         12.00990888    
   -0.1614481409        -34.39507077         11.82238328    
   -0.1594911937        -34.31363530         11.63597437    
   -0.1575342466        -34.23049541         11.45068190    
   -0.1555772994        -34.14565082         11.26650558    
   -0.1536203523        -34.05910130         11.08344518    
   -0.1516634051        -33.97084657         10.90150043    
   -0.1497064579        -33.88088638         10.72067108    
   -0.1477495108        -33.78922048         10.54095687    
   -0.1457925636        -33.69584862         10.36235756    
   -0.1438356164        -33.60077054         10.18487288    
   -0.1418786693        -33.50398600         10.00850259    
   -0.1399217221        -33.40549475         9.833246450    
   -0.1379647750        -33.30529654         9.659104206    
   -0.1360078278        -33.20339113         9.486075617    
   -0.1340508806        -33.09977828         9.314160440    
   -0.1320939335        -32.99445775         9.143358436    
   -0.1301369863        -32.88742930         8.973669366    
   -0.1281800391        -32.77869269         8.805092993    
   -0.1262230920        -32.66824768         8.637629084    
   -0.1242661448        -32.55614828         8.471235269    
   -0.1223091977        -32.44296048         8.305471183    
   -0.1203522505        -32.32883451         8.140219403    
   -0.1183953033        -32.21377000         7.975479545    
   -0.1164383562        -32.09776656         7.811251233    
   -0.1144814090        -31.98082384         7.647534101    
   -0.1125244618        -31.86294146         7.484327790    
   -0.1105675147        -31.74411909         7.321631951    
   -0.1086105675        -31.62435638         7.159446246    
   -0.1066536204        -31.50365301         6.997770343    
   -0.1046966732        -31.38200865         6.836603924    
   -0.1027397260        -31.25942299         6.675946679    
   -0.1007827789        -31.13589574         6.515798309    
   -0.9882583170E-01    -31.01142661         6.356158526    
   -0.9686888454E-01    -30.88601532         6.197027053    
   -0.9491193738E-01    -30.75966161         6.038403628    
   -0.9295499022E-01    -30.63236522         5.880287997    
   -0.9099804305E-01    -30.50412591         5.722679921    
   -0.8904109589E-01    -30.37494347         5.565579174    
   -0.8708414873E-01    -30.24481767         5.408985544    
   -0.8512720157E-01    -30.11374832         5.252898833    
   -0.8317025440E-01    -29.98173524         5.097318857    
   -0.8121330724E-01    -29.84877826         4.942245448    
   -0.7925636008E-01    -29.71487722         4.787678455    
   -0.7729941292E-01    -29.58003199         4.633617742    
   -0.7534246575E-01    -29.44424246         4.480063192    
   -0.7338551859E-01    -29.30771066         4.326900621    
   -0.7142857143E-01    -29.17081925         4.173913928    
   -0.6947162427E-01    -29.03357726         4.021097915    
   -0.6751467710E-01    -28.89598466         3.868452545    
   -0.6555772994E-01    -28.75804143         3.715977803    
   -0.6360078278E-01    -28.61974758         3.563673704    
   -0.6164383562E-01    -28.48110316         3.411540292    
   -0.5968688845E-01    -28.34210825         3.259577640    
   -0.5772994129E-01    -28.20276294         3.107785851    
   -0.5577299413E-01    -28.06306738         2.956165065    
   -0.5381604697E-01    -27.92302173         2.804715451    
   -0.5185909980E-01    -27.78262621         2.653437218    
   -0.4990215264E-01    -27.64188106         2.502330611    
   -0.4794520548E-01    -27.50078655         2.351395916    
   -0.4598825832E-01    -27.35934303         2.200633458    
   -0.4403131115E-01    -27.21755087         2.050043609    
   -0.4207436399E-01    -27.07541046         1.899626785    
   -0.4011741683E-01    -26.93292229         1.749383450    
   -0.3816046967E-01    -26.79008687         1.599314121    
   -0.3620352250E-01    -26.64690477         1.449419365    
   -0.3424657534E-01    -26.50337660         1.299699809    
   -0.3228962818E-01    -26.35950307         1.150156137    
   -0.3033268102E-01    -26.21528490         1.000789096    
   -0.2837573386E-01    -26.07072293        0.8515995010    
   -0.2641878669E-01    -25.92581803        0.7025882339    
   -0.2446183953E-01    -25.78058056        0.5537562402    
   -0.2250489237E-01    -25.63518561        0.4051043258    
   -0.2054794521E-01    -25.48969967        0.2566335057    
   -0.1859099804E-01    -25.34412394        0.1083449616    
   -0.1663405088E-01    -25.19845967       -0.3976003548E-01
   -0.1467710372E-01    -25.05270823       -0.1876801199    
   -0.1272015656E-01    -24.90687110       -0.3354138261    
   -0.1076320939E-01    -24.76094984       -0.4829595824    
   -0.8806262231E-02    -24.61494614       -0.6303157048    
   -0.6849315068E-02    -24.46886179       -0.7774803898    
   -0.4892367906E-02    -24.32269873       -0.9244517071    
   -0.2935420744E-02    -24.17645903        -1.071227592    
   -0.9784735812E-03    -24.03014489        -1.217805836    
    0.9784735812E-03    -23.88375868        -1.364184078    
    0.2935420744E-02    -23.73730291        -1.510359796    
    0.4892367906E-02    -23.59078028        -1.656330294    
    0.6849315068E-02    -23.44419368        -1.802092690    
    0.8806262231E-02    -23.29754618        -1.947643907    
    0.1076320939E-01    -23.15084107        -2.092980657    
    0.1272015656E-01    -23.00408186        -2.238099427    
    0.1467710372E-01    -22.85727230        -2.382996462    
    0.1663405088E-01    -22.71041642        -2.527667750    
    0.1859099804E-01    -22.56351849        -2.672109003    
    0.2054794521E-01    -22.41658311        -2.816315635    
    0.2250489237E-01    -22.26961517        -2.960282742    
    0.2446183953E-01    -22.12261992        -3.104005079    
    0.2641878669E-01    -21.97560268        -3.247412358    
    0.2837573386E-01    -21.82856852        -3.390326556    
    0.3033268102E-01    -21.68152365        -3.532732123    
    0.3228962818E-01    -21.53447475        -3.674622378    
    0.3424657534E-01    -21.38742898        -3.815990168    
    0.3620352250E-01    -21.24039399        -3.956827835    
    0.3816046967E-01    -21.09337799        -4.097127167    
    0.4011741683E-01    -20.94638979        -4.236879364    
    0.4207436399E-01    -20.79943883        -4.376074980    
    0.4403131115E-01    -20.65253525        -4.514703874    
    0.4598825832E-01    -20.50568995        -4.652755151    
    0.4794520548E-01    -20.35891463        -4.790217094    
    0.4990215264E-01    -20.21222192        -4.927077096    
    0.5185909980E-01    -20.06562539        -5.063321581    
    0.5381604697E-01    -19.91913967        -5.198935915    
    0.5577299413E-01    -19.77278054        -5.333904310    
    0.5772994129E-01    -19.62656506        -5.468209719    
    0.5968688845E-01    -19.48051165        -5.601833718    
    0.6164383562E-01    -19.33464024        -5.734756375    
    0.6360078278E-01    -19.18897242        -5.866956103    
    0.6555772994E-01    -19.04353159        -5.998409499    
    0.6751467710E-01    -18.89834315        -6.129091166    
    0.6947162427E-01    -18.75343469        -6.258973509    
    0.7142857143E-01    -18.60883623        -6.388026514    
    0.7338551859E-01    -18.46458045        -6.516217496    
    0.7534246575E-01    -18.32069753        -6.643501992    
    0.7729941292E-01    -18.17699578        -6.769470212    
    0.7925636008E-01    -18.03339426        -6.893885442    
    0.8121330724E-01    -17.88993706        -7.016703601    
    0.8317025440E-01    -17.74667237        -7.137876500    
    0.8512720157E-01    -17.60365293        -7.257351395    
    0.8708414873E-01    -17.46093653        -7.375070493    
    0.8904109589E-01    -17.31858657        -7.490970391    
    0.9099804305E-01    -17.17667270        -7.604981454    
    0.9295499022E-01    -17.03527146        -7.717027124    
    0.9491193738E-01    -16.89446712        -7.827023146    
    0.9686888454E-01    -16.75435250        -7.934876702    
    0.9882583170E-01    -16.61502991        -8.040485463    
    0.1007827789        -16.47661226        -8.143736531    
    0.1027397260        -16.33922417        -8.244505284    
    0.1046966732        -16.20300326        -8.342654109    
    0.1066536204        -16.06810148        -8.438031037    
    0.1086105675        -15.93468664        -8.530468284    
    0.1105675147        -15.80294386        -8.619780711    
    0.1125244618        -15.67307722        -8.705764245    
    0.1144814090        -15.54531131        -8.788194293    
    0.1164383562        -15.41989276        -8.866824236    
    0.1183953033        -15.29709154        -8.941384082    
    0.1203522505        -15.17720208        -9.011579418    
    0.1223091977        -15.06054379        -9.077090831    
    0.1242661448        -14.94746098        -9.137574010    
    0.1262230920        -14.83818013        -9.192535628    
    0.1281800391        -14.73255024        -9.241123319    
    0.1301369863        -14.63090937        -9.282902970    
    0.1320939335        -14.53365710        -9.317474991    
    0.1340508806        -14.44119671        -9.344436098    
    0.1360078278        -14.35392598        -9.363388530    
    0.1379647750        -14.27222607        -9.373951109    
    0.1399217221        -14.19644902        -9.375771794    
    0.1418786693        -14.12690436        -9.368541068    
    0.1438356164        -14.06384576        -9.352005257    
    0.1457925636        -14.00745895        -9.325978626    
    0.1477495108        -13.95785201        -9.290353101    
    0.1497064579        -13.91504908        -9.245104542    
    0.1516634051        -13.87898827        -9.190294829    
    0.1536203523        -13.84952404        -9.126069512    
    0.1555772994        -13.82643371        -9.052651265    
    0.1575342466        -13.80942748        -8.970329885    
    0.1594911937        -13.79816084        -8.879449898    
    0.1614481409        -13.79224812        -8.780396965    
    0.1634050881        -13.79127617        -8.673584226    
    0.1653620352        -13.79481715        -8.559439533    
    0.1673189824        -13.80243973        -8.438394220    
    0.1692759295        -13.81371840        -8.310873785    
    0.1712328767        -13.82824079        -8.177290604    
    0.1731898239        -13.84561299        -8.038038584    
    0.1751467710        -13.86545968        -7.893486512    
    0.1771037182        -13.88672978        -7.743363979    
    0.1790606654        -13.90856927        -7.587532050    
    0.1810176125        -13.93067742        -7.426291466    
    0.1829745597        -13.95277883        -7.259917611    
    0.1849315068        -13.97462228        -7.088661712    
    0.1868884540        -13.99597922        -6.912752318    
    0.1888454012        -14.01664217        -6.732396922    
    0.1908023483        -14.03642301        -6.547783626    
    0.1927592955        -14.05515137        -6.359082803    
    0.1947162427        -14.07267302        -6.166448690    
    0.1966731898        -14.08884835        -5.970020901    
    0.1986301370        -14.10355095        -5.769925835    
    0.2005870841        -14.11666634        -5.566277975    
    0.2025440313        -14.12809077        -5.359181069    
    0.2045009785        -14.13773015        -5.148729215    
    0.2064579256        -14.14549905        -4.935007830    
    0.2084148728        -14.15131987        -4.718094532    
    0.2103718200        -14.15512199        -4.498059922    
    0.2123287671        -14.15684113        -4.274968294    
    0.2142857143        -14.15641867        -4.048878267    
    0.2162426614        -14.15380109        -3.819843349    
    0.2181996086        -14.14893951        -3.587912440    
    0.2201565558        -14.14178916        -3.353130291    
    0.2221135029        -14.13230905        -3.115537896    
    0.2240704501        -14.12046158        -2.875172862    
    0.2260273973        -14.10597640        -2.631914960    
    0.2279843444        -14.08754194        -2.384952007    
    0.2299412916        -14.06494159        -2.134180886    
    0.2318982387        -14.03815390        -1.879623052    
    0.2338551859        -14.00715910        -1.621298267    
    0.2358121331        -13.97193898        -1.359224754    
    0.2377690802        -13.93247669        -1.093419343    
    0.2397260274        -13.88875669       -0.8238975953    
    0.2416829746        -13.84076456       -0.5506739197    
    0.2436399217        -13.78848695       -0.2737616745    
    0.2455968689        -13.73191145        0.6826741284E-02
    0.2475538160        -13.67102654        0.2910798049    
    0.2495107632        -13.60582150        0.5789867960    
    0.2514677104        -13.53628635        0.8705377289    
    0.2534246575        -13.46241178         1.165723293    
    0.2553816047        -13.38418908         1.464534797    
    0.2573385519        -13.30161016         1.766964119    
    0.2592954990        -13.21466740         2.073003665    
    0.2612524462        -13.12335369         2.382646321    
    0.2632093933        -13.02766238         2.695885423    
    0.2651663405        -12.92758720         3.012714720    
    0.2671232877        -12.82312229         3.333128343    
    0.2690802348        -12.71426214         3.657120775    
    0.2710371820        -12.60100156         3.984686831    
    0.2729941292        -12.48333566         4.315821629    
    0.2749510763        -12.36125985         4.650520571    
    0.2769080235        -12.23376857         4.989996669    
    0.2788649706        -12.09975171         5.335587393    
    0.2808219178        -11.95920261         5.687287536    
    0.2827788650        -11.81211558         6.045091414    
    0.2847358121        -11.65848525         6.408993645    
    0.2866927593        -11.49830651         6.778989132    
    0.2886497065        -11.33157453         7.155073042    
    0.2906066536        -11.15828472         7.537240792    
    0.2925636008        -10.97843275         7.925488035    
    0.2945205479        -10.79201449         8.319810644    
    0.2964774951        -10.59902601         8.720204701    
    0.2984344423        -10.39946359         9.126666485    
    0.3003913894        -10.19332370         9.539192456    
    0.3023483366        -9.980602976         9.957779252    
    0.3043052838        -9.761298214         10.38242367    
    0.3062622309        -9.535406372         10.81312268    
    0.3082191781        -9.302924554         11.24987337    
    0.3101761252        -9.063850001         11.69267298    
    0.3121330724        -8.818180087         12.14151890    
    0.3140900196        -8.565912310         12.59640862    
    0.3160469667        -8.307044285         13.05733975    
    0.3180039139        -8.041573738         13.52431002    
    0.3199608611        -7.769498504         13.99731726    
    0.3219178082        -7.490816514         14.47635941    
    0.3238747554        -7.205525798         14.96143449    
    0.3258317025        -6.913353834         15.45278654    
    0.3277886497        -6.612068463         15.95244089    
    0.3297455969        -6.301173440         16.46084680    
    0.3317025440        -5.980668004         16.97800352    
    0.3336594912        -5.650551426         17.50391032    
    0.3356164384        -5.310823004         18.03856649    
    0.3375733855        -4.961482067         18.58197137    
    0.3395303327        -4.602527971         19.13412431    
    0.3414872798        -4.233960096         19.69502469    
    0.3434442270        -3.855777850         20.26467192    
    0.3454011742        -3.467980660         20.84306542    
    0.3473581213        -3.070567978         21.43020466    
    0.3493150685        -2.663539278         22.02608909    
    0.3512720157        -2.246894051         22.63071822    
    0.3532289628        -1.820631809         23.24409155    
    0.3551859100        -1.384752084         23.86620862    
    0.3571428571       -0.9392544234         24.49706897    
    0.3590998043       -0.4841383912         25.13667218    
    0.3610567515       -0.1940356862E-01     25.78501781    
    0.3630136986        0.4549504485         26.44210546    
    0.3649706458        0.9389240494         27.10793476    
    0.3669275930         1.432517610         27.78250531    
    0.3688845401         1.935731491         28.46581676    
    0.3708414873         2.448566043         29.15786876    
    0.3727984344         2.971021603         29.85866097    
    0.3747553816         3.503098496         30.56819307    
    0.3767123288         4.046272327         31.28798527    
    0.3786692759         4.602891870         32.02045765    
    0.3806262231         5.172987595         32.76564088    
    0.3825831703         5.756559858         33.52353459    
    0.3845401174         6.353608998         34.29413846    
    0.3864970646         6.964135349         35.07745215    
    0.3884540117         7.588139231         35.87347533    
    0.3904109589         8.225620954         36.68220771    
    0.3923679061         8.876580821         37.50364897    
    0.3943248532         9.541019122         38.33779882    
    0.3962818004         10.21893614         39.18465699    
    0.3982387476         10.91033215         40.04422319    
    0.4001956947         11.61520743         40.91649716    
    0.4021526419         12.33356222         41.80147865    
    0.4041095890         13.06539677         42.69916739    
    0.4060665362         13.81071134         43.60956315    
    0.4080234834         14.56950616         44.53266569    
    0.4099804305         15.34178146         45.46847479    
    0.4119373777         16.12753746         46.41699021    
    0.4138943249         16.92677438         47.37821174    
    0.4158512720         17.73949242         48.35213918    
    0.4178082192         18.56569180         49.33877231    
    0.4197651663         19.40537271         50.33811094    
    0.4217221135         20.25853534         51.35015487    
    0.4236790607         21.12517989         52.37490392    
    0.4256360078         22.00566502         53.41272774    
    0.4275929550         22.90487401         54.46866364    
    0.4295499022         23.82435358         55.54430660    
    0.4315068493         24.76410406         56.63965628    
    0.4334637965         25.72412578         57.75471235    
    0.4354207436         26.70441905         58.88947449    
    0.4373776908         27.70498418         60.04394240    
    0.4393346380         28.72582148         61.21811578    
    0.4412915851         29.76693123         62.41199434    
    0.4432485323         30.82831371         63.62557780    
    0.4452054795         31.90996919         64.85886587    
    0.4471624266         33.01189795         66.11185831    
    0.4491193738         34.13410024         67.38455484    
    0.4510763209         35.27657631         68.67695522    
    0.4530332681         36.43932640         69.98905921    
    0.4549902153         37.62235075         71.32086656    
    0.4569471624         38.82564959         72.67237707    
    0.4589041096         40.04922313         74.04359049    
    0.4608610568         41.29307160         75.43450661    
    0.4628180039         42.55719520         76.84512523    
    0.4647749511         43.84159414         78.27544615    
    0.4667318982         45.14626861         79.72546916    
    0.4686888454         46.47121881         81.19519408    
    0.4706457926         47.81644491         82.68462072    
    0.4726027397         49.18194709         84.19374891    
    0.4745596869         50.56772554         85.72257846    
    0.4765166341         51.97378042         87.27110921    
    0.4784735812         53.40011189         88.83934100    
    0.4804305284         54.84672011         90.42727367    
    0.4823874755         56.31360523         92.03490706    
    0.4843444227         57.80076740         93.66224103    
    0.4863013699         59.30820678         95.30927543    
    0.4882583170         60.83592348         96.97601013    
    0.4902152642         62.38391766         98.66244499    
    0.4921722114         63.95218943         100.3685799    
    0.4941291585         65.54073894         102.0944147    
    0.4960861057         67.14956629         103.8399492    
    0.4980430528         68.77867161         105.6051835    
    0.5000000000         70.42805501         107.3901172    
