   -0.5000000000       -0.1181848369E-03   -0.2510804424E-02    0.8375999710E-04    0.4600846219E-02
   -0.4980430528       -0.3509997772E-03   -0.2529050232E-02    0.2517314028E-03    0.4623758063E-02
   -0.4960861057       -0.5804327470E-03   -0.2564886748E-02    0.4210541310E-03    0.4669144060E-02
   -0.4941291585       -0.8082575547E-03   -0.2617698315E-02    0.5925844926E-03    0.4736609047E-02
   -0.4921722114       -0.1035777182E-02   -0.2686999998E-02    0.7671470611E-03    0.4825863095E-02
   -0.4902152642       -0.1264363491E-02   -0.2772409519E-02    0.9455384517E-03    0.4936701615E-02
   -0.4882583170       -0.1495204145E-02   -0.2873640873E-02    0.1128531105E-02    0.5069000333E-02
   -0.4863013699       -0.1729473679E-02   -0.2990491226E-02    0.1316876244E-02    0.5222705370E-02
   -0.4843444227       -0.1968232473E-02   -0.3122832848E-02    0.1511306631E-02    0.5397826695E-02
   -0.4823874755       -0.2212513242E-02   -0.3270603642E-02    0.1712538745E-02    0.5594430430E-02
   -0.4804305284       -0.2463267060E-02   -0.3433799926E-02    0.1921274731E-02    0.5812632619E-02
   -0.4784735812       -0.2721415870E-02   -0.3612468905E-02    0.2138203903E-02    0.6052592657E-02
   -0.4765166341       -0.2987818799E-02   -0.3806702433E-02    0.2364004014E-02    0.6314507526E-02
   -0.4745596869       -0.3263307261E-02   -0.4016630770E-02    0.2599342175E-02    0.6598605950E-02
   -0.4726027397       -0.3548661650E-02   -0.4242417167E-02    0.2844875565E-02    0.6905143038E-02
   -0.4706457926       -0.3844636189E-02   -0.4484252528E-02    0.3101251837E-02    0.7234394931E-02
   -0.4686888454       -0.4151941537E-02   -0.4742350637E-02    0.3369109344E-02    0.7586653775E-02
   -0.4667318982       -0.4471263021E-02   -0.5016943485E-02    0.3649077115E-02    0.7962222722E-02
   -0.4647749511       -0.4803246888E-02   -0.5308276984E-02    0.3941774658E-02    0.8361411159E-02
   -0.4628180039       -0.5148513997E-02   -0.5616606778E-02    0.4247811562E-02    0.8784529969E-02
   -0.4608610568       -0.5507648449E-02   -0.5942194341E-02    0.4567786944E-02    0.9231886970E-02
   -0.4589041096       -0.5881208031E-02   -0.6285303152E-02    0.4902288729E-02    0.9703782390E-02
   -0.4569471624       -0.6269714492E-02   -0.6646195086E-02    0.5251892799E-02    0.1020050448E-01
   -0.4549902153       -0.6673661586E-02   -0.7025126883E-02    0.5617161995E-02    0.1072232517E-01
   -0.4530332681       -0.7093506541E-02   -0.7422346781E-02    0.5998645021E-02    0.1126949589E-01
   -0.4510763209       -0.7529676302E-02   -0.7838091222E-02    0.6396875220E-02    0.1184224337E-01
   -0.4491193738       -0.7982559914E-02   -0.8272581701E-02    0.6812369284E-02    0.1244076564E-01
   -0.4471624266       -0.8452513400E-02   -0.8726021693E-02    0.7245625855E-02    0.1306522811E-01
   -0.4452054795       -0.8939852885E-02   -0.9198593704E-02    0.7697124083E-02    0.1371575971E-01
   -0.4432485323       -0.9444858437E-02   -0.9690456411E-02    0.8167322110E-02    0.1439244922E-01
   -0.4412915851       -0.9967767835E-02   -0.1020174193E-01    0.8656655527E-02    0.1509534171E-01
   -0.4393346380       -0.1050877963E-01   -0.1073255316E-01    0.9165535789E-02    0.1582443510E-01
   -0.4373776908       -0.1106804751E-01   -0.1128296133E-01    0.9694348626E-02    0.1657967693E-01
   -0.4354207436       -0.1164568278E-01   -0.1185300354E-01    0.1024345245E-01    0.1736096129E-01
   -0.4334637965       -0.1224174927E-01   -0.1244268059E-01    0.1081317675E-01    0.1816812593E-01
   -0.4315068493       -0.1285626550E-01   -0.1305195483E-01    0.1140382058E-01    0.1900094956E-01
   -0.4295499022       -0.1348920005E-01   -0.1368074822E-01    0.1201565099E-01    0.1985914946E-01
   -0.4275929550       -0.1414047354E-01   -0.1432894057E-01    0.1264890159E-01    0.2074237921E-01
   -0.4256360078       -0.1480995458E-01   -0.1499636789E-01    0.1330377116E-01    0.2165022677E-01
   -0.4236790607       -0.1549746148E-01   -0.1568282089E-01    0.1398042219E-01    0.2258221263E-01
   -0.4217221135       -0.1620275646E-01   -0.1638804137E-01    0.1467897763E-01    0.2353778506E-01
   -0.4197651663       -0.1692554196E-01   -0.1711171556E-01    0.1539951468E-01    0.2451631097E-01
   -0.4178082192       -0.1766545551E-01   -0.1785347114E-01    0.1614206171E-01    0.2551707207E-01
   -0.4158512720       -0.1842207055E-01   -0.1861287539E-01    0.1690659619E-01    0.2653926280E-01
   -0.4138943249       -0.1919489274E-01   -0.1938943348E-01    0.1769304260E-01    0.2758198845E-01
   -0.4119373777       -0.1998336086E-01   -0.2018258706E-01    0.1850127050E-01    0.2864426358E-01
   -0.4099804305       -0.2078684363E-01   -0.2099171291E-01    0.1933109258E-01    0.2972501077E-01
   -0.4080234834       -0.2160464082E-01   -0.2181612190E-01    0.2018226297E-01    0.3082305969E-01
   -0.4060665362       -0.2243598065E-01   -0.2265505814E-01    0.2105447555E-01    0.3193714650E-01
   -0.4041095890       -0.2328002107E-01   -0.2350769836E-01    0.2194736248E-01    0.3306591363E-01
   -0.4021526419       -0.2413584788E-01   -0.2437315157E-01    0.2286049286E-01    0.3420790993E-01
   -0.4001956947       -0.2500247630E-01   -0.2525045899E-01    0.2379337154E-01    0.3536159117E-01
   -0.3982387476       -0.2587884969E-01   -0.2613859418E-01    0.2474543813E-01    0.3652532105E-01
   -0.3962818004       -0.2676384157E-01   -0.2703646354E-01    0.2571606619E-01    0.3769737249E-01
   -0.3943248532       -0.2765625498E-01   -0.2794290706E-01    0.2670456267E-01    0.3887592942E-01
   -0.3923679061       -0.2855482496E-01   -0.2885669935E-01    0.2771016748E-01    0.4005908899E-01
   -0.3904109589       -0.2945821860E-01   -0.2977655104E-01    0.2873205340E-01    0.4124486419E-01
   -0.3884540117       -0.3036503799E-01   -0.3070111036E-01    0.2976932611E-01    0.4243118694E-01
   -0.3864970646       -0.3127382097E-01   -0.3162896521E-01    0.3082102458E-01    0.4361591159E-01
   -0.3845401174       -0.3218304462E-01   -0.3255864536E-01    0.3188612162E-01    0.4479681886E-01
   -0.3825831703       -0.3309112668E-01   -0.3348862511E-01    0.3296352473E-01    0.4597162024E-01
   -0.3806262231       -0.3399642956E-01   -0.3441732616E-01    0.3405207727E-01    0.4713796274E-01
   -0.3786692759       -0.3489726251E-01   -0.3534312086E-01    0.3515055979E-01    0.4829343420E-01
   -0.3767123288       -0.3579188603E-01   -0.3626433567E-01    0.3625769172E-01    0.4943556880E-01
   -0.3747553816       -0.3667851483E-01   -0.3717925511E-01    0.3737213337E-01    0.5056185326E-01
   -0.3727984344       -0.3755532195E-01   -0.3808612496E-01    0.3849248728E-01    0.5166973199E-01
   -0.3708414873       -0.3842043600E-01   -0.3898315037E-01    0.3961729441E-01    0.5275660546E-01
   -0.3688845401       -0.3927194177E-01   -0.3986849559E-01    0.4074503175E-01    0.5381983057E-01
   -0.3669275930       -0.4010788302E-01   -0.4074028759E-01    0.4187411385E-01    0.5485672655E-01
   -0.3649706458       -0.4092626769E-01   -0.4159662048E-01    0.4300289518E-01    0.5586458178E-01
   -0.3630136986       -0.4172507162E-01   -0.4243556009E-01    0.4412967261E-01    0.5684066090E-01
   -0.3610567515       -0.4250224427E-01   -0.4325514891E-01    0.4525268818E-01    0.5778221224E-01
   -0.3590998043       -0.4325571296E-01   -0.4405341112E-01    0.4637013221E-01    0.5868647551E-01
   -0.3571428571       -0.4398338899E-01   -0.4482835802E-01    0.4748014656E-01    0.5955068982E-01
   -0.3551859100       -0.4468317235E-01   -0.4557799349E-01    0.4858082825E-01    0.6037210187E-01
   -0.3532289628       -0.4535295823E-01   -0.4630031978E-01    0.4967023321E-01    0.6114797441E-01
   -0.3512720157       -0.4599064215E-01   -0.4699334345E-01    0.5074638040E-01    0.6187559485E-01
   -0.3493150685       -0.4659412670E-01   -0.4765508139E-01    0.5180725606E-01    0.6255228404E-01
   -0.3473581213       -0.4716132707E-01   -0.4828356708E-01    0.5285081826E-01    0.6317540520E-01
   -0.3454011742       -0.4769017798E-01   -0.4887685691E-01    0.5387500158E-01    0.6374237284E-01
   -0.3434442270       -0.4817863945E-01   -0.4943303657E-01    0.5487772206E-01    0.6425066188E-01
   -0.3414872798       -0.4862470385E-01   -0.4995022759E-01    0.5585688232E-01    0.6469781664E-01
   -0.3395303327       -0.4902640180E-01   -0.5042659381E-01    0.5681037678E-01    0.6508145989E-01
   -0.3375733855       -0.4938180929E-01   -0.5086034799E-01    0.5773609713E-01    0.6539930183E-01
   -0.3356164384       -0.4968905355E-01   -0.5124975828E-01    0.5863193788E-01    0.6564914897E-01
   -0.3336594912       -0.4994632015E-01   -0.5159315475E-01    0.5949580202E-01    0.6582891280E-01
   -0.3317025440       -0.5015185878E-01   -0.5188893586E-01    0.6032560678E-01    0.6593661838E-01
   -0.3297455969       -0.5030399011E-01   -0.5213557470E-01    0.6111928950E-01    0.6597041267E-01
   -0.3277886497       -0.5040111144E-01   -0.5233162533E-01    0.6187481351E-01    0.6592857257E-01
   -0.3258317025       -0.5044170326E-01   -0.5247572872E-01    0.6259017403E-01    0.6580951265E-01
   -0.3238747554       -0.5042433441E-01   -0.5256661863E-01    0.6326340402E-01    0.6561179251E-01
   -0.3219178082       -0.5034766575E-01   -0.5260312457E-01    0.6389257674E-01    0.6533412036E-01
   -0.3199608611       -0.5021044790E-01   -0.5258416986E-01    0.6447580242E-01    0.6497535033E-01
   -0.3180039139       -0.5001152511E-01   -0.5250877485E-01    0.6501123122E-01    0.6453448641E-01
   -0.3160469667       -0.4974983986E-01   -0.5237606200E-01    0.6549705874E-01    0.6401068862E-01
   -0.3140900196       -0.4942443814E-01   -0.5218526067E-01    0.6593153130E-01    0.6340327861E-01
   -0.3121330724       -0.4903447360E-01   -0.5193571164E-01    0.6631295134E-01    0.6271174509E-01
   -0.3101761252       -0.4857921235E-01   -0.5162687148E-01    0.6663968264E-01    0.6193574859E-01
   -0.3082191781       -0.4805803658E-01   -0.5125831652E-01    0.6691015554E-01    0.6107512599E-01
   -0.3062622309       -0.4747044878E-01   -0.5082974661E-01    0.6712287199E-01    0.6012989435E-01
   -0.3043052838       -0.4681607473E-01   -0.5034098851E-01    0.6727641052E-01    0.5910025437E-01
   -0.3023483366       -0.4609466711E-01   -0.4979199895E-01    0.6736943107E-01    0.5798659327E-01
   -0.3003913894       -0.4530610777E-01   -0.4918286734E-01    0.6740067961E-01    0.5678948709E-01
   -0.2984344423       -0.4445041059E-01   -0.4851381811E-01    0.6736899265E-01    0.5550970247E-01
   -0.2964774951       -0.4352772306E-01   -0.4778521266E-01    0.6727330151E-01    0.5414819779E-01
   -0.2945205479       -0.4253832832E-01   -0.4699755092E-01    0.6711263634E-01    0.5270612376E-01
   -0.2925636008       -0.4148264591E-01   -0.4615147244E-01    0.6688613000E-01    0.5118482336E-01
   -0.2906066536       -0.4036123301E-01   -0.4524775717E-01    0.6659302160E-01    0.4958583116E-01
   -0.2886497065       -0.3917478436E-01   -0.4428732570E-01    0.6623265983E-01    0.4791087203E-01
   -0.2866927593       -0.3792413257E-01   -0.4327123914E-01    0.6580450595E-01    0.4616185921E-01
   -0.2847358121       -0.3661024721E-01   -0.4220069847E-01    0.6530813658E-01    0.4434089176E-01
   -0.2827788650       -0.3523423418E-01   -0.4107704356E-01    0.6474324606E-01    0.4245025133E-01
   -0.2808219178       -0.3379733396E-01   -0.3990175164E-01    0.6410964858E-01    0.4049239837E-01
   -0.2788649706       -0.3230092005E-01   -0.3867643536E-01    0.6340727995E-01    0.3846996768E-01
   -0.2769080235       -0.3074649630E-01   -0.3740284042E-01    0.6263619898E-01    0.3638576332E-01
   -0.2749510763       -0.2913569453E-01   -0.3608284276E-01    0.6179658865E-01    0.3424275304E-01
   -0.2729941292       -0.2747027065E-01   -0.3471844495E-01    0.6088875617E-01    0.3204406167E-01
   -0.2710371820       -0.2575209915E-01   -0.3331176959E-01    0.5991312845E-01    0.2979296180E-01
   -0.2690802348       -0.2398316720E-01   -0.3186505297E-01    0.5887024771E-01    0.2749286477E-01
   -0.2671232877       -0.2216557119E-01   -0.3038064101E-01    0.5776077119E-01    0.2514731370E-01
   -0.2651663405       -0.2030151262E-01   -0.2886098521E-01    0.5658547103E-01    0.2275997646E-01
   -0.2632093933       -0.1839329419E-01   -0.2730863826E-01    0.5534523389E-01    0.2033463810E-01
   -0.2612524462       -0.1644331507E-01   -0.2572624929E-01    0.5404106021E-01    0.1787519294E-01
   -0.2592954990       -0.1445406636E-01   -0.2411655878E-01    0.5267406320E-01    0.1538563629E-01
   -0.2573385519       -0.1242812571E-01   -0.2248239328E-01    0.5124546750E-01    0.1287005573E-01
   -0.2553816047       -0.1036815222E-01   -0.2082665969E-01    0.4975660764E-01    0.1033262213E-01
   -0.2534246575       -0.8276880489E-02   -0.1915233938E-01    0.4820892603E-01    0.7777580350E-02
   -0.2514677104       -0.6157115052E-02   -0.1746248198E-01    0.4660397085E-01    0.5209239596E-02
   -0.2495107632       -0.4011723906E-02   -0.1576019901E-01    0.4494339348E-01    0.2631963621E-02
   -0.2475538160       -0.1843632465E-02   -0.1404865721E-01    0.4322894579E-01    0.5016063965E-04
   -0.2455968689        0.3441832729E-03   -0.1233107172E-01    0.4146247705E-01   -0.2531726927E-02
   -0.2436399217        0.2548703176E-02   -0.1061069905E-01    0.3964593065E-01   -0.5109232859E-02
   -0.2416829746        0.4766870136E-02   -0.8890829909E-02    0.3778134046E-01   -0.7677877668E-02
   -0.2397260274        0.6995596814E-02   -0.7174781922E-02    0.3587082708E-01   -0.1023317922E-01
   -0.2377690802        0.9231773040E-02   -0.5465892167E-02    0.3391659370E-01   -0.1277066343E-01
   -0.2358121331        0.1147227278E-01   -0.3767509683E-02    0.3192092184E-01   -0.1528587491E-01
   -0.2338551859        0.1371396166E-01   -0.2082987882E-02    0.2988616684E-01   -0.1777438771E-01
   -0.2318982387        0.1595370408E-01   -0.4156769237E-03    0.2781475309E-01   -0.2023181590E-01
   -0.2299412916        0.1818837082E-01    0.1231083925E-02    0.2570916917E-01   -0.2265382414E-01
   -0.2279843444        0.2041484609E-01    0.2853973933E-02    0.2357196271E-01   -0.2503613811E-01
   -0.2260273973        0.2263003518E-01    0.4449698505E-02    0.2140573516E-01   -0.2737455476E-01
   -0.2240704501        0.2483087144E-01    0.6014996743E-02    0.1921313639E-01   -0.2966495239E-01
   -0.2221135029        0.2701432321E-01    0.7546648745E-02    0.1699685870E-01   -0.3190329984E-01
   -0.2201565558        0.2917739864E-01    0.9041482253E-02    0.1475963006E-01   -0.3408566344E-01
   -0.2181996086        0.3131715166E-01    0.1049637924E-01    0.1250420859E-01   -0.3620821488E-01
   -0.2162426614        0.3343068786E-01    0.1190828250E-01    0.1023337763E-01   -0.3826723947E-01
   -0.2142857143        0.3551517067E-01    0.1327420208E-01    0.7949940673E-02   -0.4025914402E-01
   -0.2123287671        0.3756782696E-01    0.1459122160E-01    0.5656716292E-02   -0.4218046456E-01
   -0.2103718200        0.3958595291E-01    0.1585650435E-01    0.3356533068E-02   -0.4402787362E-01
   -0.2084148728        0.4156691925E-01    0.1706729926E-01    0.1052224457E-02   -0.4579818722E-01
   -0.2064579256        0.4350817673E-01    0.1822094662E-01   -0.1253376326E-02   -0.4748837147E-01
   -0.2045009785        0.4540726093E-01    0.1931488362E-01   -0.3557441417E-02   -0.4909554878E-01
   -0.2025440313        0.4726179731E-01    0.2034664962E-01   -0.5857153390E-02   -0.5061700365E-01
   -0.2005870841        0.4906950554E-01    0.2131389118E-01   -0.8149710308E-02   -0.5205018812E-01
   -0.1986301370        0.5082820402E-01    0.2221436686E-01   -0.1043233073E-01   -0.5339272665E-01
   -0.1966731898        0.5253581371E-01    0.2304595173E-01   -0.1270225866E-01   -0.5464242068E-01
   -0.1947162427        0.5419036212E-01    0.2380664157E-01   -0.1495676842E-01   -0.5579725267E-01
   -0.1927592955        0.5578998654E-01    0.2449455681E-01   -0.1719316940E-01   -0.5685538966E-01
   -0.1908023483        0.5733293741E-01    0.2510794613E-01   -0.1940881082E-01   -0.5781518642E-01
   -0.1888454012        0.5881758105E-01    0.2564518982E-01   -0.2160108625E-01   -0.5867518803E-01
   -0.1868884540        0.6024240236E-01    0.2610480268E-01   -0.2376743811E-01   -0.5943413202E-01
   -0.1849315068        0.6160600686E-01    0.2648543676E-01   -0.2590536200E-01   -0.6009095006E-01
   -0.1829745597        0.6290712284E-01    0.2678588362E-01   -0.2801241088E-01   -0.6064476903E-01
   -0.1810176125        0.6414460272E-01    0.2700507635E-01   -0.3008619913E-01   -0.6109491172E-01
   -0.1790606654        0.6531742453E-01    0.2714209118E-01   -0.3212440643E-01   -0.6144089700E-01
   -0.1771037182        0.6642469261E-01    0.2719614876E-01   -0.3412478150E-01   -0.6168243943E-01
   -0.1751467710        0.6746563848E-01    0.2716661518E-01   -0.3608514562E-01   -0.6181944853E-01
   -0.1731898239        0.6843962056E-01    0.2705300236E-01   -0.3800339587E-01   -0.6185202714E-01
   -0.1712328767        0.6934612175E-01    0.2685496715E-01   -0.3987750670E-01   -0.6178046724E-01
   -0.1692759295        0.7018474540E-01    0.2657230982E-01   -0.4170553072E-01   -0.6160524457E-01
   -0.1673189824        0.7095521417E-01    0.2620497349E-01   -0.4348560073E-01   -0.6132701569E-01
   -0.1653620352        0.7165736874E-01    0.2575304351E-01   -0.4521593174E-01   -0.6094661501E-01
   -0.1634050881        0.7229116648E-01    0.2521674657E-01   -0.4689482291E-01   -0.6046505138E-01
   -0.1614481409        0.7285667962E-01    0.2459644944E-01   -0.4852065924E-01   -0.5988350442E-01
   -0.1594911937        0.7335409337E-01    0.2389265760E-01   -0.5009191308E-01   -0.5920332049E-01
   -0.1575342466        0.7378370363E-01    0.2310601343E-01   -0.5160714549E-01   -0.5842600826E-01
   -0.1555772994        0.7414591465E-01    0.2223729433E-01   -0.5306500740E-01   -0.5755323407E-01
   -0.1536203523        0.7444123624E-01    0.2128741038E-01   -0.5446424058E-01   -0.5658681696E-01
   -0.1516634051        0.7467028102E-01    0.2025740200E-01   -0.5580367843E-01   -0.5552872338E-01
   -0.1497064579        0.7483376114E-01    0.1914843714E-01   -0.5708224661E-01   -0.5438106169E-01
   -0.1477495108        0.7493248519E-01    0.1796180845E-01   -0.5829896345E-01   -0.5314607641E-01
   -0.1457925636        0.7496735453E-01    0.1669893009E-01   -0.5945294024E-01   -0.5182614217E-01
   -0.1438356164        0.7493935981E-01    0.1536133442E-01   -0.6054338125E-01   -0.5042375756E-01
   -0.1418786693        0.7484957695E-01    0.1395066844E-01   -0.6156958367E-01   -0.4894153870E-01
   -0.1399217221        0.7469916339E-01    0.1246869011E-01   -0.6253093731E-01   -0.4738221266E-01
   -0.1379647750        0.7448935372E-01    0.1091726444E-01   -0.6342692416E-01   -0.4574861071E-01
   -0.1360078278        0.7422145570E-01    0.9298359409E-02   -0.6425711779E-01   -0.4404366148E-01
   -0.1340508806        0.7389684566E-01    0.7614041817E-02   -0.6502118253E-01   -0.4227038394E-01
   -0.1320939335        0.7351696423E-01    0.5866472888E-02   -0.6571887258E-01   -0.4043188029E-01
   -0.1301369863        0.7308331163E-01    0.4057903814E-02   -0.6635003090E-01   -0.3853132882E-01
   -0.1281800391        0.7259744319E-01    0.2190671161E-02   -0.6691458793E-01   -0.3657197660E-01
   -0.1262230920        0.7206096447E-01    0.2671921636E-03   -0.6741256025E-01   -0.3455713223E-01
   -0.1242661448        0.7147552672E-01   -0.1710040068E-02   -0.6784404901E-01   -0.3249015854E-01
   -0.1223091977        0.7084282136E-01   -0.3738461461E-02   -0.6820923768E-01   -0.3037446491E-01
   -0.1203522505        0.7016457302E-01   -0.5815442013E-02   -0.6850838762E-01   -0.2821349892E-01
   -0.1183953033        0.6944253371E-01   -0.7938290557E-02   -0.6874183512E-01   -0.2601073891E-01
   -0.1164383562        0.6867847836E-01   -0.1010425946E-01   -0.6890998924E-01   -0.2376968708E-01
   -0.1144814090        0.6787419994E-01   -0.1231054930E-01   -0.6901332966E-01   -0.2149386280E-01
   -0.1125244618        0.6703150509E-01   -0.1455431363E-01   -0.6905240444E-01   -0.1918679593E-01
   -0.1105675147        0.6615220942E-01   -0.1683266365E-01   -0.6902782775E-01   -0.1685202022E-01
   -0.1086105675        0.6523813318E-01   -0.1914267292E-01   -0.6894027742E-01   -0.1449306692E-01
   -0.1066536204        0.6429109671E-01   -0.2148138208E-01   -0.6879049255E-01   -0.1211345844E-01
   -0.1046966732        0.6331291628E-01   -0.2384580350E-01   -0.6857927102E-01   -0.9716702147E-02
   -0.1027397260        0.6230539970E-01   -0.2623292592E-01   -0.6830746690E-01   -0.7306284368E-02
   -0.1007827789        0.6127034236E-01   -0.2863971909E-01   -0.6797598787E-01   -0.4885664495E-02
   -0.9882583170E-01    0.6020952302E-01   -0.3106313826E-01   -0.6758579262E-01   -0.2458269290E-02
   -0.9686888454E-01    0.5912470011E-01   -0.3350012876E-01   -0.6713788813E-01   -0.2748736195E-04
   -0.9491193738E-01    0.5801760773E-01   -0.3594763039E-01   -0.6663332701E-01    0.2403336175E-02
   -0.9295499022E-01    0.5688995223E-01   -0.3840258184E-01   -0.6607320479E-01    0.4830904842E-02
   -0.9099804305E-01    0.5574340851E-01   -0.4086192497E-01   -0.6545865713E-01    0.7251975730E-02
   -0.8904109589E-01    0.5457961680E-01   -0.4332260908E-01   -0.6479085711E-01    0.9663364239E-02
   -0.8708414873E-01    0.5340017931E-01   -0.4578159504E-01   -0.6407101249E-01    0.1206194858E-01
   -0.8512720157E-01    0.5220665734E-01   -0.4823585937E-01   -0.6330036288E-01    0.1444467409E-01
   -0.8317025440E-01    0.5100056824E-01   -0.5068239822E-01   -0.6248017707E-01    0.1680855727E-01
   -0.8121330724E-01    0.4978338281E-01   -0.5311823124E-01   -0.6161175020E-01    0.1915068964E-01
   -0.7925636008E-01    0.4855652265E-01   -0.5554040538E-01   -0.6069640106E-01    0.2146824134E-01
   -0.7729941292E-01    0.4732135787E-01   -0.5794599857E-01   -0.5973546937E-01    0.2375846449E-01
   -0.7534246575E-01    0.4607920484E-01   -0.6033212330E-01   -0.5873031304E-01    0.2601869631E-01
   -0.7338551859E-01    0.4483132421E-01   -0.6269593006E-01   -0.5768230545E-01    0.2824636200E-01
   -0.7142857143E-01    0.4357891865E-01   -0.6503460998E-01   -0.5659283185E-01    0.3043897682E-01
   -0.6947162427E-01    0.4232313088E-01   -0.6734539696E-01   -0.5546328527E-01    0.3259414764E-01
   -0.6751467710E-01    0.4106504220E-01   -0.6962557034E-01   -0.5429506392E-01    0.3470957466E-01
   -0.6555772994E-01    0.3980567161E-01   -0.7187245762E-01   -0.5308956879E-01    0.3678305301E-01
   -0.6360078278E-01    0.3854597476E-01   -0.7408343715E-01   -0.5184820136E-01    0.3881247415E-01
   -0.6164383562E-01    0.3728684346E-01   -0.7625594062E-01   -0.5057236136E-01    0.4079582698E-01
   -0.5968688845E-01    0.3602910504E-01   -0.7838745547E-01   -0.4926344450E-01    0.4273119878E-01
   -0.5772994129E-01    0.3477352216E-01   -0.8047552724E-01   -0.4792284042E-01    0.4461677591E-01
   -0.5577299413E-01    0.3352079263E-01   -0.8251776177E-01   -0.4655193055E-01    0.4645084424E-01
   -0.5381604697E-01    0.3227154953E-01   -0.8451182731E-01   -0.4515208609E-01    0.4823178941E-01
   -0.5185909980E-01    0.3102636136E-01   -0.8645545656E-01   -0.4372466611E-01    0.4995809685E-01
   -0.4990215264E-01    0.2978573260E-01   -0.8834644855E-01   -0.4227101563E-01    0.5162835158E-01
   -0.4794520548E-01    0.2855010418E-01   -0.9018267050E-01   -0.4079246379E-01    0.5324123777E-01
   -0.4598825832E-01    0.2731985435E-01   -0.9196205951E-01   -0.3929032212E-01    0.5479553810E-01
   -0.4403131115E-01    0.2609529950E-01   -0.9368262422E-01   -0.3776588286E-01    0.5629013290E-01
   -0.4207436399E-01    0.2487669540E-01   -0.9534244636E-01   -0.3622041733E-01    0.5772399904E-01
   -0.4011741683E-01    0.2366423831E-01   -0.9693968219E-01   -0.3465517442E-01    0.5909620865E-01
   -0.3816046967E-01    0.2245806653E-01   -0.9847256387E-01   -0.3307137910E-01    0.6040592749E-01
   -0.3620352250E-01    0.2125826184E-01   -0.9993940078E-01   -0.3147023104E-01    0.6165241322E-01
   -0.3424657534E-01    0.2006485132E-01   -0.1013385807       -0.2985290328E-01    0.6283501328E-01
   -0.3228962818E-01    0.1887780909E-01   -0.1026685709       -0.2822054104E-01    0.6395316261E-01
   -0.3033268102E-01    0.1769705838E-01   -0.1039279193       -0.2657426052E-01    0.6500638094E-01
   -0.2837573386E-01    0.1652247357E-01   -0.1051152553       -0.2491514787E-01    0.6599426992E-01
   -0.2641878669E-01    0.1535388249E-01   -0.1062292910       -0.2324425823E-01    0.6691650967E-01
   -0.2446183953E-01    0.1419106868E-01   -0.1072688215       -0.2156261484E-01    0.6777285512E-01
   -0.2250489237E-01    0.1303377406E-01   -0.1082327261       -0.1987120833E-01    0.6856313156E-01
   -0.2054794521E-01    0.1188170194E-01   -0.1091199681       -0.1817099588E-01    0.6928722911E-01
   -0.1859099804E-01    0.1073452009E-01   -0.1099295954       -0.1646290077E-01    0.6994509688E-01
   -0.1663405088E-01    0.9591863503E-02   -0.1106607407       -0.1474781231E-01    0.7053673665E-01
   -0.1467710372E-01    0.8453337337E-02   -0.1113126222       -0.1302658598E-01    0.7106219573E-01
   -0.1272015656E-01    0.7318519777E-02   -0.1118845440       -0.1130004392E-01    0.7152155874E-01
   -0.1076320939E-01    0.6186965175E-02   -0.1123758962       -0.9568975865E-02    0.7191493827E-01
   -0.8806262231E-02    0.5058206986E-02   -0.1127861556       -0.7834140679E-02    0.7224246437E-01
   -0.6849315068E-02    0.3931761029E-02   -0.1131148859       -0.6096268521E-02    0.7250427290E-01
   -0.4892367906E-02    0.2807128510E-02   -0.1133617376       -0.4356063956E-02    0.7270049336E-01
   -0.2935420744E-02    0.1683799357E-02   -0.1135264485       -0.2614210024E-02    0.7283123656E-01
   -0.9784735812E-03    0.5612553069E-03   -0.1136088438       -0.8713733806E-03    0.7289658363E-01
    0.9784735812E-03   -0.5610267154E-03   -0.1136088361        0.8717896107E-03    0.7289657745E-01
    0.2935420744E-02   -0.1683571483E-02   -0.1135264253        0.2614626098E-02    0.7283121801E-01
    0.4892367906E-02   -0.2806902068E-02   -0.1133616991        0.4356479714E-02    0.7270046237E-01
    0.6849315068E-02   -0.3931536732E-02   -0.1131148323        0.6096683798E-02    0.7250422937E-01
    0.8806262231E-02   -0.5057985537E-02   -0.1127860872        0.7834555300E-02    0.7224240816E-01
    0.1076320939E-01   -0.6186747271E-02   -0.1123758133        0.9569389650E-02    0.7191486925E-01
    0.1272015656E-01   -0.7318306104E-02   -0.1118844472        0.1130045667E-01    0.7152147675E-01
    0.1467710372E-01   -0.8453128570E-02   -0.1113125120        0.1302699751E-01    0.7106210062E-01
    0.1663405088E-01   -0.9591660301E-02   -0.1106606177        0.1474822241E-01    0.7053662832E-01
    0.1859099804E-01   -0.1073432310E-01   -0.1099294604        0.1646330922E-01    0.6994497523E-01
    0.2054794521E-01   -0.1188151178E-01   -0.1091198218        0.1817140248E-01    0.6928709410E-01
    0.2250489237E-01   -0.1303359135E-01   -0.1082325693        0.1987161287E-01    0.6856298317E-01
    0.2446183953E-01   -0.1419089400E-01   -0.1072686552        0.2156301710E-01    0.6777269341E-01
    0.2641878669E-01   -0.1535371641E-01   -0.1062291162        0.2324465801E-01    0.6691633472E-01
    0.2837573386E-01   -0.1652231664E-01   -0.1051150731        0.2491554499E-01    0.6599408189E-01
    0.3033268102E-01   -0.1769691113E-01   -0.1039277307        0.2657465479E-01    0.6500618005E-01
    0.3228962818E-01   -0.1887767201E-01   -0.1026683772        0.2822093230E-01    0.6395294911E-01
    0.3424657534E-01   -0.2006472490E-01   -0.1013383830        0.2985329138E-01    0.6283478750E-01
    0.3620352250E-01   -0.2125814654E-01   -0.9993920029E-01    0.3147061584E-01    0.6165217551E-01
    0.3816046967E-01   -0.2245796278E-01   -0.9847236180E-01    0.3307176050E-01    0.6040567828E-01
    0.4011741683E-01   -0.2366414652E-01   -0.9693947974E-01    0.3465555232E-01    0.5909594838E-01
    0.4207436399E-01   -0.2487661596E-01   -0.9534224473E-01    0.3622079165E-01    0.5772372820E-01
    0.4403131115E-01   -0.2609523278E-01   -0.9368242459E-01    0.3776625354E-01    0.5628985200E-01
    0.4598825832E-01   -0.2731980067E-01   -0.9196186302E-01    0.3929068913E-01    0.5479524770E-01
    0.4794520548E-01   -0.2855006386E-01   -0.9018247827E-01    0.4079282709E-01    0.5324093844E-01
    0.4990215264E-01   -0.2978570591E-01   -0.8834626164E-01    0.4227137522E-01    0.5162804391E-01
    0.5185909980E-01   -0.3102634853E-01   -0.8645527597E-01    0.4372502200E-01    0.4995778144E-01
    0.5381604697E-01   -0.3227155078E-01   -0.8451165400E-01    0.4515243827E-01    0.4823146688E-01
    0.5577299413E-01   -0.3352080815E-01   -0.8251759661E-01    0.4655227906E-01    0.4645051520E-01
    0.5772994129E-01   -0.3477355207E-01   -0.8047537104E-01    0.4792318529E-01    0.4461644099E-01
    0.5968688845E-01   -0.3602914944E-01   -0.7838730896E-01    0.4926378575E-01    0.4273085860E-01
    0.6164383562E-01   -0.3728690241E-01   -0.7625580444E-01    0.5057269903E-01    0.4079548215E-01
    0.6360078278E-01   -0.3854604826E-01   -0.7408331186E-01    0.5184853548E-01    0.3881212528E-01
    0.6555772994E-01   -0.3980575962E-01   -0.7187234367E-01    0.5308989937E-01    0.3678270069E-01
    0.6751467710E-01   -0.4106514463E-01   -0.6962546810E-01    0.5429539097E-01    0.3470921947E-01
    0.6947162427E-01   -0.4232324756E-01   -0.6734530671E-01    0.5546360879E-01    0.3259379016E-01
    0.7142857143E-01   -0.4357904938E-01   -0.6503453188E-01    0.5659315181E-01    0.3043861759E-01
    0.7338551859E-01   -0.4483146872E-01   -0.6269586419E-01    0.5768262179E-01    0.2824600156E-01
    0.7534246575E-01   -0.4607936278E-01   -0.6033206964E-01    0.5873062567E-01    0.2601833518E-01
    0.7729941292E-01   -0.4732152882E-01   -0.5794595698E-01    0.5973577818E-01    0.2375810316E-01
    0.7925636008E-01   -0.4855670611E-01   -0.5554037565E-01    0.6069670591E-01    0.2146788031E-01
    0.8121330724E-01   -0.4978357824E-01   -0.5311821307E-01    0.6161205088E-01    0.1915032938E-01
    0.8317025440E-01   -0.5100077501E-01   -0.5068239126E-01    0.6248047336E-01    0.1680819824E-01
    0.8512720157E-01   -0.5220687479E-01   -0.4823586321E-01    0.6330065453E-01    0.1444431675E-01
    0.8708414873E-01   -0.5340040670E-01   -0.4578160921E-01    0.6407129919E-01    0.1206159338E-01
    0.8904109589E-01   -0.5457985337E-01   -0.4332263309E-01    0.6479113856E-01    0.9663011631E-02
    0.9099804305E-01   -0.5574365346E-01   -0.4086195830E-01    0.6545893296E-01    0.7251626161E-02
    0.9295499022E-01   -0.5689020471E-01   -0.3840262396E-01    0.6607347463E-01    0.4830558762E-02
    0.9491193738E-01   -0.5801786687E-01   -0.3594768076E-01    0.6663359047E-01    0.2402994038E-02
    0.9686888454E-01   -0.5912496503E-01   -0.3350018685E-01    0.6713814477E-01   -0.2782510029E-04
    0.9882583170E-01   -0.6020979282E-01   -0.3106320354E-01    0.6758604200E-01   -0.2458602168E-02
    0.1007827789       -0.6127061612E-01   -0.2863979104E-01    0.6797622953E-01   -0.4885992045E-02
    0.1027397260       -0.6230567652E-01   -0.2623300406E-01    0.6830770037E-01   -0.7306606117E-02
    0.1046966732       -0.6331319524E-01   -0.2384588735E-01    0.6857949583E-01   -0.9717017617E-02
    0.1066536204       -0.6429137691E-01   -0.2148147122E-01    0.6879070820E-01   -0.1211376715E-01
    0.1086105675       -0.6523841375E-01   -0.1914276695E-01    0.6894048341E-01   -0.1449336837E-01
    0.1105675147       -0.6615248950E-01   -0.1683276221E-01    0.6902802361E-01   -0.1685231392E-01
    0.1125244618       -0.6703178386E-01   -0.1455441640E-01    0.6905258968E-01   -0.1918708139E-01
    0.1144814090       -0.6787447660E-01   -0.1231065601E-01    0.6901350379E-01   -0.2149413953E-01
    0.1164383562       -0.6867875216E-01   -0.1010436988E-01    0.6891015181E-01   -0.2376995456E-01
    0.1183953033       -0.6944280396E-01   -0.7938404516E-02    0.6874198568E-01   -0.2601099666E-01
    0.1203522505       -0.7016483908E-01   -0.5815559374E-02    0.6850852573E-01   -0.2821374646E-01
    0.1223091977       -0.7084308265E-01   -0.3738582139E-02    0.6820936294E-01   -0.3037470175E-01
    0.1242661448       -0.7147578273E-01   -0.1710164023E-02    0.6784416104E-01   -0.3249038421E-01
    0.1262230920       -0.7206121477E-01    0.2670649230E-03    0.6741265869E-01   -0.3455734629E-01
    0.1281800391       -0.7259768742E-01    0.2190540585E-02    0.6691467247E-01   -0.3657217860E-01
    0.1301369863       -0.7308354952E-01    0.4057769814E-02    0.6635010125E-01   -0.3853151835E-01
    0.1320939335       -0.7351719556E-01    0.5866335346E-02    0.6571892850E-01   -0.4043205695E-01
    0.1340508806       -0.7389707027E-01    0.7613900591E-02    0.6502122378E-01   -0.4227054736E-01
    0.1360078278       -0.7422167352E-01    0.9298214337E-02    0.6425714419E-01   -0.4404381131E-01
    0.1379647750       -0.7448956470E-01    0.1091711534E-01    0.6342693556E-01   -0.4574874663E-01
    0.1399217221       -0.7469936754E-01    0.1246853681E-01    0.6253093357E-01   -0.4738233438E-01
    0.1418786693       -0.7484977432E-01    0.1395051075E-01    0.6156956470E-01   -0.4894164595E-01
    0.1438356164       -0.7493955049E-01    0.1536117214E-01    0.6054334698E-01   -0.5042385010E-01
    0.1457925636       -0.7496753864E-01    0.1669876304E-01    0.5945289063E-01   -0.5182621979E-01
    0.1477495108       -0.7493266286E-01    0.1796163645E-01    0.5829889849E-01   -0.5314613892E-01
    0.1497064579       -0.7483393255E-01    0.1914826002E-01    0.5708216630E-01   -0.5438110896E-01
    0.1516634051       -0.7467044636E-01    0.2025721959E-01    0.5580358282E-01   -0.5552875527E-01
    0.1536203523       -0.7444139570E-01    0.2128722255E-01    0.5446412974E-01   -0.5658683338E-01
    0.1555772994       -0.7414606844E-01    0.2223710093E-01    0.5306488141E-01   -0.5755323497E-01
    0.1575342466       -0.7378385195E-01    0.2310581435E-01    0.5160700447E-01   -0.5842599360E-01
    0.1594911937       -0.7335423645E-01    0.2389245274E-01    0.5009175715E-01   -0.5920329027E-01
    0.1614481409       -0.7285681766E-01    0.2459623873E-01    0.4852048856E-01   -0.5988345868E-01
    0.1634050881       -0.7229129968E-01    0.2521652993E-01    0.4689463767E-01   -0.6046499016E-01
    0.1653620352       -0.7165749728E-01    0.2575282092E-01    0.4521573213E-01   -0.6094653840E-01
    0.1673189824       -0.7095533824E-01    0.2620474492E-01    0.4348538696E-01   -0.6132692381E-01
    0.1692759295       -0.7018486516E-01    0.2657207527E-01    0.4170530304E-01   -0.6160513755E-01
    0.1712328767       -0.6934623734E-01    0.2685472664E-01    0.3987726534E-01   -0.6178034524E-01
    0.1731898239       -0.6843973209E-01    0.2705275593E-01    0.3800314112E-01   -0.6185189037E-01
    0.1751467710       -0.6746574604E-01    0.2716636290E-01    0.3608487776E-01   -0.6181929719E-01
    0.1771037182       -0.6642479627E-01    0.2719589070E-01    0.3412450083E-01   -0.6168227376E-01
    0.1790606654       -0.6531752433E-01    0.2714182743E-01    0.3212411327E-01   -0.6144071726E-01
    0.1810176125       -0.6414469868E-01    0.2700480705E-01    0.3008589380E-01   -0.6109471819E-01
    0.1829745597       -0.6290721494E-01    0.2678560888E-01    0.2801209374E-01   -0.6064456200E-01
    0.1849315068       -0.6160609507E-01    0.2648515672E-01    0.2590503340E-01   -0.6009072986E-01
    0.1868884540       -0.6024248664E-01    0.2610451750E-01    0.2376709843E-01   -0.5943389899E-01
    0.1888454012       -0.5881766134E-01    0.2564489966E-01    0.2160073588E-01   -0.5867494251E-01
    0.1908023483       -0.5733301362E-01    0.2510765117E-01    0.1940845015E-01   -0.5781492879E-01
    0.1927592955       -0.5579005857E-01    0.2449425722E-01    0.1719279885E-01   -0.5685512030E-01
    0.1947162427       -0.5419042989E-01    0.2380633755E-01    0.1495638842E-01   -0.5579697196E-01
    0.1966731898       -0.5253587710E-01    0.2304564346E-01    0.1270186965E-01   -0.5464212905E-01
    0.1986301370       -0.5082826290E-01    0.2221405454E-01    0.1043193316E-01   -0.5339242452E-01
    0.2005870841       -0.4906955979E-01    0.2131357501E-01    0.8149304641E-02   -0.5204987591E-01
    0.2025440313       -0.4726184681E-01    0.2034632981E-01    0.5856740106E-02   -0.5061668181E-01
    0.2045009785       -0.4540730555E-01    0.1931456039E-01    0.3557021008E-02   -0.4909521775E-01
    0.2064579256       -0.4350821635E-01    0.1822062018E-01    0.1252949299E-02   -0.4748803173E-01
    0.2084148728       -0.4156695374E-01    0.1706696983E-01   -0.1052657583E-02   -0.4579783922E-01
    0.2103718200       -0.3958598215E-01    0.1585617217E-01   -0.3356971758E-02   -0.4402751784E-01
    0.2123287671       -0.3756785084E-01    0.1459088690E-01   -0.5657159995E-02   -0.4218010149E-01
    0.2142857143       -0.3551518909E-01    0.1327386510E-01   -0.7950388825E-02   -0.4025877414E-01
    0.2162426614       -0.3343070072E-01    0.1190794349E-01   -0.1023382965E-01   -0.3826686329E-01
    0.2181996086       -0.3131715889E-01    0.1049603845E-01   -0.1250466388E-01   -0.3620783290E-01
    0.2201565558       -0.2917740016E-01    0.9041139952E-02   -0.1476008800E-01   -0.3408527616E-01
    0.2221135029       -0.2701431899E-01    0.7546305208E-02   -0.1699731866E-01   -0.3190290780E-01
    0.2240704501       -0.2483086143E-01    0.6014652257E-02   -0.1921359771E-01   -0.2966455611E-01
    0.2260273973       -0.2263001938E-01    0.4449353367E-02   -0.2140619718E-01   -0.2737415477E-01
    0.2279843444       -0.2041482451E-01    0.2853628455E-02   -0.2357242473E-01   -0.2503573496E-01
    0.2299412916       -0.1818834349E-01    0.1230738433E-02   -0.2570963048E-01   -0.2265341838E-01
    0.2318982387       -0.1595367108E-01   -0.4160220902E-03   -0.2781521296E-01   -0.2023140810E-01
    0.2338551859       -0.1371392307E-01   -0.2083332366E-02   -0.2988662452E-01   -0.1777397846E-01
    0.2358121331       -0.1147222874E-01   -0.3767853112E-02   -0.3192137658E-01   -0.1528546480E-01
    0.2377690802       -0.9231723712E-02   -0.5466234154E-02   -0.3391704471E-01   -0.1277025307E-01
    0.2397260274       -0.6995542391E-02   -0.7175122064E-02   -0.3587127359E-01   -0.1023276925E-01
    0.2416829746       -0.4766810852E-02   -0.8891167789E-02   -0.3778178168E-01   -0.7677468721E-02
    0.2436399217       -0.2548639296E-02   -0.1061103423E-01   -0.3964636579E-01   -0.5108825598E-02
    0.2455968689       -0.3441150945E-03   -0.1233140378E-01   -0.4146290533E-01   -0.2531322025E-02
    0.2475538160        0.1843704612E-02   -0.1404898569E-01   -0.4322936641E-01    0.5056249958E-04
    0.2495107632        0.4011799662E-02   -0.1576052345E-01   -0.4494380568E-01    0.2632361745E-02
    0.2514677104        0.6157194032E-02   -0.1746280192E-01   -0.4660437386E-01    0.5209633283E-02
    0.2534246575        0.8276962284E-02   -0.1915265436E-01   -0.4820931913E-01    0.7777968896E-02
    0.2553816047        0.1036823640E-01   -0.2082696927E-01   -0.4975699010E-01    0.1033300484E-01
    0.2573385519        0.1242821184E-01   -0.2248269700E-01   -0.5124583864E-01    0.1287043188E-01
    0.2592954990        0.1445415399E-01   -0.2411685620E-01   -0.5267442236E-01    0.1538600521E-01
    0.2612524462        0.1644340373E-01   -0.2572653998E-01   -0.5404140679E-01    0.1787555394E-01
    0.2632093933        0.1839338342E-01   -0.2730892183E-01   -0.5534556733E-01    0.2033499052E-01
    0.2651663405        0.2030160197E-01   -0.2886126128E-01   -0.5658579080E-01    0.2276031966E-01
    0.2671232877        0.2216566023E-01   -0.3038090924E-01   -0.5776107683E-01    0.2514764708E-01
    0.2690802348        0.2398325549E-01   -0.3186531305E-01   -0.5887053884E-01    0.2749318774E-01
    0.2710371820        0.2575218629E-01   -0.3331202125E-01   -0.5991340473E-01    0.2979327383E-01
    0.2729941292        0.2747035627E-01   -0.3471868797E-01   -0.6088901735E-01    0.3204436228E-01
    0.2749510763        0.2913577831E-01   -0.3608307697E-01   -0.6179683454E-01    0.3424304180E-01
    0.2769080235        0.3074657794E-01   -0.3740306572E-01   -0.6263642949E-01    0.3638603986E-01
    0.2788649706        0.3230099930E-01   -0.3867665171E-01   -0.6340749507E-01    0.3847023167E-01
    0.2808219178        0.3379741064E-01   -0.3990195905E-01   -0.6410984837E-01    0.4049264959E-01
    0.2827788650        0.3523430814E-01   -0.4107724211E-01   -0.6474343067E-01    0.4245048959E-01
    0.2847358121        0.3661031837E-01   -0.4220088830E-01   -0.6530830622E-01    0.4434111696E-01
    0.2866927593        0.3792420089E-01   -0.4327142042E-01   -0.6580466090E-01    0.4616207131E-01
    0.2886497065        0.3917484984E-01   -0.4428749869E-01   -0.6623280044E-01    0.4791107106E-01
    0.2906066536        0.4036129571E-01   -0.4524792213E-01   -0.6659314828E-01    0.4958601720E-01
    0.2925636008        0.4148270592E-01   -0.4615162971E-01   -0.6688624320E-01    0.5118499657E-01
    0.2945205479        0.4253838578E-01   -0.4699770086E-01   -0.6711273657E-01    0.5270628435E-01
    0.2964774951        0.4352777816E-01   -0.4778535568E-01   -0.6727338931E-01    0.5414834601E-01
    0.2984344423        0.4445046352E-01   -0.4851395462E-01   -0.6736906861E-01    0.5550983864E-01
    0.3003913894        0.4530615877E-01   -0.4918299779E-01   -0.6740074432E-01    0.5678961158E-01
    0.3023483366        0.4609471644E-01   -0.4979212381E-01   -0.6736948517E-01    0.5798670647E-01
    0.3043052838        0.4681612266E-01   -0.5034110825E-01   -0.6727645467E-01    0.5910035673E-01
    0.3062622309        0.4747049559E-01   -0.5082986170E-01   -0.6712290683E-01    0.6012998632E-01
    0.3082191781        0.4805808257E-01   -0.5125842743E-01   -0.6691018175E-01    0.6107520808E-01
    0.3101761252        0.4857925781E-01   -0.5162697868E-01   -0.6663970087E-01    0.6193582130E-01
    0.3121330724        0.4903451880E-01   -0.5193581557E-01   -0.6631296223E-01    0.6271180893E-01
    0.3140900196        0.4942448334E-01   -0.5218536176E-01   -0.6593153550E-01    0.6340333413E-01
    0.3160469667        0.4974988531E-01   -0.5237616065E-01   -0.6549705687E-01    0.6401073632E-01
    0.3180039139        0.5001157103E-01   -0.5250887140E-01   -0.6501122387E-01    0.6453452682E-01
    0.3199608611        0.5021049448E-01   -0.5258426465E-01   -0.6447579015E-01    0.6497538394E-01
    0.3219178082        0.5034771314E-01   -0.5260321787E-01   -0.6389256009E-01    0.6533414765E-01
    0.3238747554        0.5042438270E-01   -0.5256671065E-01   -0.6326338345E-01    0.6561181394E-01
    0.3258317025        0.5044175251E-01   -0.5247581962E-01   -0.6259015001E-01    0.6580952864E-01
    0.3277886497        0.5040116166E-01   -0.5233171522E-01   -0.6187478642E-01    0.6592858349E-01
    0.3297455969        0.5030404123E-01   -0.5213566362E-01   -0.6111925969E-01    0.6597041887E-01
    0.3317025440        0.5015191070E-01   -0.5188902378E-01   -0.6032557456E-01    0.6593662016E-01
    0.3336594912        0.4994637274E-01   -0.5159324162E-01   -0.5949576766E-01    0.6582891042E-01
    0.3356164384        0.4968910663E-01   -0.5124984399E-01   -0.5863190161E-01    0.6564914268E-01
    0.3375733855        0.4938186263E-01   -0.5086043240E-01   -0.5773605915E-01    0.6539929183E-01
    0.3395303327        0.4902645518E-01   -0.5042667675E-01   -0.5681033725E-01    0.6508144635E-01
    0.3414872798        0.4862475699E-01   -0.4995030884E-01   -0.5585684138E-01    0.6469779972E-01
    0.3434442270        0.4817869208E-01   -0.4943311593E-01   -0.5487767984E-01    0.6425064172E-01
    0.3454011742        0.4769022980E-01   -0.4887693413E-01   -0.5387495816E-01    0.6374234954E-01
    0.3473581213        0.4716137779E-01   -0.4828364193E-01   -0.5285077374E-01    0.6317537886E-01
    0.3493150685        0.4659417601E-01   -0.4765515361E-01   -0.5180721050E-01    0.6255225475E-01
    0.3512720157        0.4599068976E-01   -0.4699341279E-01   -0.5074633384E-01    0.6187556266E-01
    0.3532289628        0.4535300386E-01   -0.4630038601E-01   -0.4967018571E-01    0.6114793940E-01
    0.3551859100        0.4468321571E-01   -0.4557805636E-01   -0.4858077984E-01    0.6037206410E-01
    0.3571428571        0.4398342981E-01   -0.4482841733E-01   -0.4748009728E-01    0.5955064934E-01
    0.3590998043        0.4325575101E-01   -0.4405346667E-01   -0.4637008207E-01    0.5868643237E-01
    0.3610567515        0.4250227932E-01   -0.4325520051E-01   -0.4525263723E-01    0.5778216649E-01
    0.3630136986        0.4172510348E-01   -0.4243560760E-01   -0.4412962087E-01    0.5684061262E-01
    0.3649706458        0.4092629621E-01   -0.4159666376E-01   -0.4300284269E-01    0.5586453102E-01
    0.3669275930        0.4010790807E-01   -0.4074032657E-01   -0.4187406064E-01    0.5485667339E-01
    0.3688845401        0.3927196324E-01   -0.3986853020E-01   -0.4074497786E-01    0.5381977510E-01
    0.3708414873        0.3842045384E-01   -0.3898318059E-01   -0.3961723991E-01    0.5275654778E-01
    0.3727984344        0.3755533614E-01   -0.3808615081E-01   -0.3849243221E-01    0.5166967220E-01
    0.3747553816        0.3667852540E-01   -0.3717927666E-01   -0.3737207780E-01    0.5056179147E-01
    0.3767123288        0.3579189304E-01   -0.3626435301E-01   -0.3625763573E-01    0.4943550517E-01
    0.3786692759        0.3489726606E-01   -0.3534313412E-01   -0.3515050348E-01    0.4829336888E-01
    0.3806262231        0.3399642981E-01   -0.3441733552E-01   -0.3405202072E-01    0.4713789590E-01
    0.3825831703        0.3309112377E-01   -0.3348863077E-01   -0.3296346805E-01    0.4597155205E-01
    0.3845401174        0.3218303876E-01   -0.3255864755E-01   -0.3188606490E-01    0.4479674952E-01
    0.3864970646        0.3127381238E-01   -0.3162896416E-01   -0.3082096795E-01    0.4361584128E-01
    0.3884540117        0.3036502690E-01   -0.3070110635E-01   -0.2976926966E-01    0.4243111586E-01
    0.3904109589        0.2945820525E-01   -0.2977654432E-01   -0.2873199725E-01    0.4124479253E-01
    0.3923679061        0.2855480960E-01   -0.2885669022E-01   -0.2771011173E-01    0.4005901695E-01
    0.3943248532        0.2765623785E-01   -0.2794289577E-01   -0.2670450743E-01    0.3887585721E-01
    0.3962818004        0.2676382294E-01   -0.2703645039E-01   -0.2571601157E-01    0.3769730029E-01
    0.3982387476        0.2587882981E-01   -0.2613857944E-01   -0.2474538422E-01    0.3652524905E-01
    0.4001956947        0.2500245542E-01   -0.2525044293E-01   -0.2379331844E-01    0.3536151955E-01
    0.4021526419        0.2413582624E-01   -0.2437313445E-01   -0.2286044066E-01    0.3420783886E-01
    0.4041095890        0.2327999889E-01   -0.2350768043E-01   -0.2194731125E-01    0.3306584329E-01
    0.4060665362        0.2243595816E-01   -0.2265503964E-01   -0.2105442537E-01    0.3193707704E-01
    0.4080234834        0.2160461823E-01   -0.2181610305E-01   -0.2018221391E-01    0.3082299126E-01
    0.4099804305        0.2078682112E-01   -0.2099169392E-01   -0.1933104472E-01    0.2972494351E-01
    0.4119373777        0.1998333859E-01   -0.2018256812E-01   -0.1850122388E-01    0.2864419762E-01
    0.4138943249        0.1919487089E-01   -0.1938941476E-01   -0.1769299727E-01    0.2758192390E-01
    0.4158512720        0.1842204925E-01   -0.1861285704E-01   -0.1690655218E-01    0.2653919977E-01
    0.4178082192        0.1766543488E-01   -0.1785345331E-01   -0.1614201907E-01    0.2551701064E-01
    0.4197651663        0.1692552211E-01   -0.1711169835E-01   -0.1539947343E-01    0.2451625124E-01
    0.4217221135        0.1620273747E-01   -0.1638802488E-01   -0.1467893779E-01    0.2353772709E-01
    0.4236790607        0.1549744342E-01   -0.1568280520E-01   -0.1398038377E-01    0.2258215648E-01
    0.4256360078        0.1480993749E-01   -0.1499635306E-01   -0.1330373416E-01    0.2165017248E-01
    0.4275929550        0.1414045745E-01   -0.1432892664E-01   -0.1264886602E-01    0.2074232682E-01
    0.4295499022        0.1348918497E-01   -0.1368073521E-01   -0.1201561684E-01    0.1985909900E-01
    0.4315068493        0.1285625143E-01   -0.1305194274E-01   -0.1140378783E-01    0.1900090104E-01
    0.4334637965        0.1224173621E-01   -0.1244266943E-01   -0.1081314539E-01    0.1816807935E-01
    0.4354207436        0.1164567069E-01   -0.1185299328E-01   -0.1024342244E-01    0.1736091666E-01
    0.4373776908        0.1106803636E-01   -0.1128295195E-01   -0.9694319955E-02    0.1657963423E-01
    0.4393346380        0.1050876939E-01   -0.1073254463E-01   -0.9165508423E-02    0.1582439432E-01
    0.4412915851        0.9967758455E-02   -0.1020173421E-01   -0.8656629433E-02    0.1509530283E-01
    0.4432485323        0.9444849871E-02   -0.9690449466E-02   -0.8167297254E-02    0.1439241222E-01
    0.4452054795        0.8939845083E-02   -0.9198587486E-02   -0.7697100426E-02    0.1371572454E-01
    0.4471624266        0.8452506310E-02   -0.8726016154E-02   -0.7245603358E-02    0.1306519475E-01
    0.4491193738        0.7982553484E-02   -0.8272576793E-02   -0.6812347906E-02    0.1244073405E-01
    0.4510763209        0.7529670478E-02   -0.7838086896E-02   -0.6396854920E-02    0.1184221350E-01
    0.4530332681        0.7093501272E-02   -0.7422342990E-02   -0.5998625754E-02    0.1126946771E-01
    0.4549902153        0.6673656821E-02   -0.7025123578E-02   -0.5617143719E-02    0.1072229863E-01
    0.4569471624        0.6269710182E-02   -0.6646192221E-02   -0.5251875469E-02    0.1020047953E-01
    0.4589041096        0.5881204128E-02   -0.6285300681E-02   -0.4902272301E-02    0.9703758985E-02
    0.4608610568        0.5507644909E-02   -0.5942192223E-02   -0.4567771373E-02    0.9231865063E-02
    0.4628180039        0.5148510778E-02   -0.5616604972E-02   -0.4247796804E-02    0.8784509511E-02
    0.4647749511        0.4803243952E-02   -0.5308275452E-02   -0.3941760670E-02    0.8361392103E-02
    0.4667318982        0.4471260331E-02   -0.5016942192E-02   -0.3649063851E-02    0.7962205020E-02
    0.4686888454        0.4151939061E-02   -0.4742349550E-02   -0.3369096761E-02    0.7586637381E-02
    0.4706457926        0.3844633897E-02   -0.4484251617E-02   -0.3101239891E-02    0.7234379798E-02
    0.4726027397        0.3548659516E-02   -0.4242416405E-02   -0.2844864215E-02    0.6905129123E-02
    0.4745596869        0.3263305261E-02   -0.4016630133E-02   -0.2599331378E-02    0.6598593209E-02
    0.4765166341        0.2987816912E-02   -0.3806701899E-02   -0.2363993728E-02    0.6314495918E-02
    0.4784735812        0.2721414079E-02   -0.3612468455E-02   -0.2138194088E-02    0.6052582141E-02
    0.4804305284        0.2463265349E-02   -0.3433799545E-02   -0.1921265346E-02    0.5812623160E-02
    0.4823874755        0.2212511598E-02   -0.3270603315E-02   -0.1712529749E-02    0.5594421991E-02
    0.4843444227        0.1968230887E-02   -0.3122832564E-02   -0.1511297985E-02    0.5397819243E-02
    0.4863013699        0.1729472141E-02   -0.2990490977E-02   -0.1316867910E-02    0.5222698875E-02
    0.4882583170        0.1495202648E-02   -0.2873640652E-02   -0.1128523043E-02    0.5068994767E-02
    0.4902152642        0.1264362030E-02   -0.2772409322E-02   -0.9455306236E-03    0.4936696953E-02
    0.4921722114        0.1035775750E-02   -0.2686999826E-02   -0.7671394282E-03    0.4825859315E-02
    0.4941291585        0.8082561491E-03   -0.2617698168E-02   -0.5925770164E-03    0.4736606130E-02
    0.4960861057        0.5804313624E-03   -0.2564886631E-02   -0.4210467729E-03    0.4669141989E-02
    0.4980430528        0.3509984082E-03   -0.2529050152E-02   -0.2517241239E-03    0.4623756827E-02
    0.5000000000        0.1181834767E-03   -0.2510804393E-02   -0.8375275815E-04    0.4600845809E-02
