   -0.5000000000         78.48455333         107.7782069    
   -0.4980430528         76.83421042         105.9942731    
   -0.4960861057         75.20412293         104.2300596    
   -0.4941291585         73.59429035         102.4855669    
   -0.4921722114         72.00471212         100.7607957    
   -0.4902152642         70.43538770         99.05574631    
   -0.4882583170         68.88631653         97.37041946    
   -0.4863013699         67.35749801         95.70481568    
   -0.4843444227         65.84893155         94.05893558    
   -0.4823874755         64.36061652         92.43277979    
   -0.4804305284         62.89255229         90.82634893    
   -0.4784735812         61.44473820         89.23964366    
   -0.4765166341         60.01717357         87.67266467    
   -0.4745596869         58.60985771         86.12541264    
   -0.4726027397         57.22278990         84.59788830    
   -0.4706457926         55.85596940         83.09009238    
   -0.4686888454         54.50939546         81.60202564    
   -0.4667318982         53.18306728         80.13368887    
   -0.4647749511         51.87698407         78.68508287    
   -0.4628180039         50.59114498         77.25620848    
   -0.4608610568         49.32554917         75.84706654    
   -0.4589041096         48.08019576         74.45765795    
   -0.4569471624         46.85508383         73.08798361    
   -0.4549902153         45.65021244         71.73804445    
   -0.4530332681         44.46558064         70.40784144    
   -0.4510763209         43.30118743         69.09737558    
   -0.4491193738         42.15703178         67.80664789    
   -0.4471624266         41.03311264         66.53565943    
   -0.4452054795         39.92942891         65.28441129    
   -0.4432485323         38.84597947         64.05290460    
   -0.4412915851         37.78276316         62.84114051    
   -0.4393346380         36.73977879         61.64912022    
   -0.4373776908         35.71702512         60.47684496    
   -0.4354207436         34.71450087         59.32431601    
   -0.4334637965         33.73220473         58.19153469    
   -0.4315068493         32.77013535         57.07850234    
   -0.4295499022         31.82829132         55.98522038    
   -0.4275929550         30.90667120         54.91169024    
   -0.4256360078         30.00527350         53.85791343    
   -0.4236790607         29.12255251         52.82229495    
   -0.4217221135         28.25363074         51.79979485    
   -0.4197651663         27.39814894         50.79004429    
   -0.4178082192         26.55610578         49.79304459    
   -0.4158512720         25.72749990         48.80879712    
   -0.4138943249         24.91232990         47.83730328    
   -0.4119373777         24.11059429         46.87856455    
   -0.4099804305         23.32229158         45.93258244    
   -0.4080234834         22.54742018         44.99935851    
   -0.4060665362         21.78597848         44.07889440    
   -0.4041095890         21.03796480         43.17119178    
   -0.4021526419         20.30337738         42.27625239    
   -0.4001956947         19.58221443         41.39407806    
   -0.3982387476         18.87447405         40.52467065    
   -0.3962818004         18.18015432         39.66803210    
   -0.3943248532         17.49925320         38.82416445    
   -0.3923679061         16.83176860         37.99306978    
   -0.3904109589         16.17769835         37.17475028    
   -0.3884540117         15.53704019         36.36920819    
   -0.3864970646         14.90979176         35.57644588    
   -0.3845401174         14.29595062         34.79646579    
   -0.3825831703         13.69551423         34.02927045    
   -0.3806262231         13.10847995         33.27486250    
   -0.3786692759         12.53484504         32.53324470    
   -0.3767123288         11.97460663         31.80441990    
   -0.3747553816         11.42773168         31.08835998    
   -0.3727984344         10.89187145         30.38264149    
   -0.3708414873         10.36554930         29.68574317    
   -0.3688845401         9.848762047         28.99766822    
   -0.3669275930         9.341506341         28.31841999    
   -0.3649706458         8.843778695         27.64800195    
   -0.3630136986         8.355575467         26.98641776    
   -0.3610567515         7.876892845         26.33367122    
   -0.3590998043         7.407726845         25.68976632    
   -0.3571428571         6.948073297         25.05470723    
   -0.3551859100         6.497927837         24.42849831    
   -0.3532289628         6.057285893         23.81114414    
   -0.3512720157         5.626142675         23.20264949    
   -0.3493150685         5.204493163         22.60301941    
   -0.3473581213         4.792332089         22.01225914    
   -0.3454011742         4.389653927         21.43037423    
   -0.3434442270         3.996452874         20.85737046    
   -0.3414872798         3.612722837         20.29325394    
   -0.3395303327         3.238457409         19.73803107    
   -0.3375733855         2.873649855         19.19170858    
   -0.3356164384         2.518293088         18.65429357    
   -0.3336594912         2.172379647         18.12579350    
   -0.3317025440         1.835901676         17.60621621    
   -0.3297455969         1.508850892         17.09557000    
   -0.3277886497         1.191218564         16.59386359    
   -0.3258317025        0.8829954775         16.10110620    
   -0.3238747554        0.5836685903         15.61686646    
   -0.3219178082        0.2909601004         15.13916968    
   -0.3199608611        0.4581321190E-02     14.66778860    
   -0.3180039139       -0.2754823216         14.20273779    
   -0.3160469667       -0.5492462227         13.74403265    
   -0.3140900196       -0.8167266506         13.29168945    
   -0.3121330724        -1.077940805         12.84572539    
   -0.3101761252        -1.332906880         12.40615865    
   -0.3082191781        -1.581644124         11.97300850    
   -0.3062622309        -1.824172920         11.54629531    
   -0.3043052838        -2.060514853         11.12604066    
   -0.3023483366        -2.290692794         10.71226743    
   -0.3003913894        -2.514730988         10.30499987    
   -0.2984344423        -2.732655145         9.904263678    
   -0.2964774951        -2.944492544         9.510086139    
   -0.2945205479        -3.150272132         9.122496200    
   -0.2925636008        -3.350024648         8.741524599    
   -0.2906066536        -3.543782737         8.367203980    
   -0.2886497065        -3.731581081         7.999569027    
   -0.2866927593        -3.913456544         7.638656603    
   -0.2847358121        -4.089448309         7.284505891    
   -0.2827788650        -4.259598044         6.937158560    
   -0.2808219178        -4.423950062         6.596658922    
   -0.2788649706        -4.582551498         6.263054112    
   -0.2769080235        -4.735452493         5.936394271    
   -0.2749510763        -4.882707023         5.616731915    
   -0.2729941292        -5.025439146         5.302740180    
   -0.2710371820        -5.164673561         4.993222161    
   -0.2690802348        -5.300469915         4.688237504    
   -0.2671232877        -5.432891964         4.387849967    
   -0.2651663405        -5.562007864         4.092127705    
   -0.2632093933        -5.687890461         3.801143564    
   -0.2612524462        -5.810617600         3.514975389    
   -0.2592954990        -5.930272440         3.233706338    
   -0.2573385519        -6.046943775         2.957425207    
   -0.2553816047        -6.160726357         2.686226747    
   -0.2534246575        -6.271721211         2.420211982    
   -0.2514677104        -6.380035943         2.159488520    
   -0.2495107632        -6.485785024         1.904170831    
   -0.2475538160        -6.589090050         1.654380511    
   -0.2455968689        -6.690079947         1.410246485    
   -0.2436399217        -6.788891130         1.171905170    
   -0.2416829746        -6.885667576        0.9395005414    
   -0.2397260274        -6.980560809        0.7131841244    
   -0.2377690802        -7.073729762        0.4931148501    
   -0.2358121331        -7.165340493        0.2794587792    
   -0.2338551859        -7.255565747        0.7238865432E-01
   -0.2318982387        -7.344584307       -0.1279167400    
   -0.2299412916        -7.432580143       -0.3212734348    
   -0.2279843444        -7.519741311       -0.5074933729    
   -0.2260273973        -7.606258606       -0.6863857608    
   -0.2240704501        -7.692527701       -0.8578743715    
   -0.2221135029        -7.780091103        -1.022538684    
   -0.2201565558        -7.869378682        -1.180339066    
   -0.2181996086        -7.960562598        -1.331103357    
   -0.2162426614        -8.053803687        -1.474670724    
   -0.2142857143        -8.149248703        -1.610894410    
   -0.2123287671        -8.247027664        -1.739644398    
   -0.2103718200        -8.347251384        -1.860809874    
   -0.2084148728        -8.450009323        -1.974301377    
   -0.2064579256        -8.555367847        -2.080052544    
   -0.2045009785        -8.663368984        -2.178021345    
   -0.2025440313        -8.774029750        -2.268190762    
   -0.2005870841        -8.887342073        -2.350568871    
   -0.1986301370        -9.003273306        -2.425188317    
   -0.1966731898        -9.121767314        -2.492105234    
   -0.1947162427        -9.242746063        -2.551397657    
   -0.1927592955        -9.366111631        -2.603163509    
   -0.1908023483        -9.491748528        -2.647518279    
   -0.1888454012        -9.619526235        -2.684592485    
   -0.1868884540        -9.749301843        -2.714529038    
   -0.1849315068        -9.880922689        -2.737480599    
   -0.1829745597        -10.01422892        -2.753607024    
   -0.1810176125        -10.14905589        -2.763072959    
   -0.1790606654        -10.28523636        -2.766045638    
   -0.1771037182        -10.42260246        -2.762692928    
   -0.1751467710        -10.56098741        -2.753181619    
   -0.1731898239        -10.70071095        -2.738184025    
   -0.1712328767        -10.84225259        -2.718540958    
   -0.1692759295        -10.98545342        -2.694417837    
   -0.1673189824        -11.13015737        -2.665970748    
   -0.1653620352        -11.27621484        -2.633349276    
   -0.1634050881        -11.42348308        -2.596696183    
   -0.1614481409        -11.57182633        -2.556147226    
   -0.1594911937        -11.72111589        -2.511831106    
   -0.1575342466        -11.87123007        -2.463869509    
   -0.1555772994        -12.02205407        -2.412377235    
   -0.1536203523        -12.17347980        -2.357462380    
   -0.1516634051        -12.32540564        -2.299226567    
   -0.1497064579        -12.47773616        -2.237765206    
   -0.1477495108        -12.63038190        -2.173167781    
   -0.1457925636        -12.78325899        -2.105518144    
   -0.1438356164        -12.93628891        -2.034894820    
   -0.1418786693        -13.08939818        -1.961371301    
   -0.1399217221        -13.24251802        -1.885016352    
   -0.1379647750        -13.39558411        -1.805894295    
   -0.1360078278        -13.54853629        -1.724065290    
   -0.1340508806        -13.70131831        -1.639585606    
   -0.1320939335        -13.85387751        -1.552507870    
   -0.1301369863        -14.00616469        -1.462881314    
   -0.1281800391        -14.15813376        -1.370752004    
   -0.1262230920        -14.30974162        -1.276163051    
   -0.1242661448        -14.46099389        -1.179205184    
   -0.1223091977        -14.61233181        -1.080443547    
   -0.1203522505        -14.76384405       -0.9800571263    
   -0.1183953033        -14.91549379       -0.8780827328    
   -0.1164383562        -15.06724658       -0.7745548151    
   -0.1144814090        -15.21907018       -0.6695056234    
   -0.1125244618        -15.37093438       -0.5629653644    
   -0.1105675147        -15.52281087       -0.4549623439    
   -0.1086105675        -15.67467311       -0.3455230991    
   -0.1066536204        -15.82649622       -0.2346725216    
   -0.1046966732        -15.97825682       -0.1224339708    
   -0.1027397260        -16.12993301       -0.8829379245E-02
   -0.1007827789        -16.28150415        0.1061206499    
   -0.9882583170E-01    -16.43295091        0.2223967525    
   -0.9686888454E-01    -16.58425506        0.3399807201    
   -0.9491193738E-01    -16.73539947        0.4588554225    
   -0.9295499022E-01    -16.88636802        0.5790047355    
   -0.9099804305E-01    -17.03714554        0.7004134753    
   -0.8904109589E-01    -17.18771770        0.8230673363    
   -0.8708414873E-01    -17.33807103        0.9469528339    
   -0.8512720157E-01    -17.48819281         1.072057252    
   -0.8317025440E-01    -17.63807105         1.198368594    
   -0.8121330724E-01    -17.78769441         1.325875535    
   -0.7925636008E-01    -17.93705222         1.454567384    
   -0.7729941292E-01    -18.08613436         1.584434039    
   -0.7534246575E-01    -18.23493129         1.715465954    
   -0.7338551859E-01    -18.38355210         1.847455994    
   -0.7142857143E-01    -18.53221153         1.980020140    
   -0.6947162427E-01    -18.68090619         2.113140779    
   -0.6751467710E-01    -18.82962788         2.246809698    
   -0.6555772994E-01    -18.97836883         2.381019137    
   -0.6360078278E-01    -19.12712171         2.515761761    
   -0.6164383562E-01    -19.27587958         2.651030641    
   -0.5968688845E-01    -19.42463590         2.786819222    
   -0.5772994129E-01    -19.57338447         2.923121306    
   -0.5577299413E-01    -19.72211942         3.059931030    
   -0.5381604697E-01    -19.87083520         3.197242845    
   -0.5185909980E-01    -20.01952656         3.335051499    
   -0.4990215264E-01    -20.16818854         3.473352022    
   -0.4794520548E-01    -20.31681641         3.612139705    
   -0.4598825832E-01    -20.46540574         3.751410093    
   -0.4403131115E-01    -20.61395229         3.891158962    
   -0.4207436399E-01    -20.76245206         4.031382315    
   -0.4011741683E-01    -20.91090128         4.172076363    
   -0.3816046967E-01    -21.05929634         4.313237517    
   -0.3620352250E-01    -21.20763385         4.454862377    
   -0.3424657534E-01    -21.35591059         4.596947722    
   -0.3228962818E-01    -21.50412350         4.739490499    
   -0.3033268102E-01    -21.65226969         4.882487817    
   -0.2837573386E-01    -21.80034644         5.025936937    
   -0.2641878669E-01    -21.94835112         5.169835263    
   -0.2446183953E-01    -22.09628134         5.314170953    
   -0.2250489237E-01    -22.24413543         5.458768079    
   -0.2054794521E-01    -22.39191139         5.603559153    
   -0.1859099804E-01    -22.53960708         5.748542039    
   -0.1663405088E-01    -22.68722049         5.893714715    
   -0.1467710372E-01    -22.83474970         6.039075272    
   -0.1272015656E-01    -22.98219290         6.184621906    
   -0.1076320939E-01    -23.12954841         6.330352916    
   -0.8806262231E-02    -23.27681460         6.476266693    
   -0.6849315068E-02    -23.42398997         6.622361723    
   -0.4892367906E-02    -23.57107309         6.768636577    
   -0.2935420744E-02    -23.71806260         6.915089908    
   -0.9784735812E-03    -23.86495725         7.061720449    
    0.9784735812E-03    -24.01175583         7.208527008    
    0.2935420744E-02    -24.15845724         7.355508463    
    0.4892367906E-02    -24.30506041         7.502663764    
    0.6849315068E-02    -24.45156436         7.649991924    
    0.8806262231E-02    -24.59796817         7.797492017    
    0.1076320939E-01    -24.74427097         7.945163179    
    0.1272015656E-01    -24.89047195         8.093004601    
    0.1467710372E-01    -25.03657037         8.241015532    
    0.1663405088E-01    -25.18256551         8.389195268    
    0.1859099804E-01    -25.32845672         8.537543158    
    0.2054794521E-01    -25.47424341         8.686058599    
    0.2250489237E-01    -25.61992501         8.834741032    
    0.2446183953E-01    -25.76550102         8.983589942    
    0.2641878669E-01    -25.91090579         9.132604685    
    0.2837573386E-01    -26.05596551         9.281784366    
    0.3033268102E-01    -26.20067040         9.431128563    
    0.3228962818E-01    -26.34502012         9.580636916    
    0.3424657534E-01    -26.48901432         9.730309102    
    0.3620352250E-01    -26.63265272         9.880144831    
    0.3816046967E-01    -26.77593508         10.03014385    
    0.4011741683E-01    -26.91886115         10.18030593    
    0.4207436399E-01    -27.06143076         10.33063088    
    0.4403131115E-01    -27.20364373         10.48111854    
    0.4598825832E-01    -27.34549993         10.63176877    
    0.4794520548E-01    -27.48699926         10.78258146    
    0.4990215264E-01    -27.62814163         10.93355654    
    0.5185909980E-01    -27.76892698         11.08469394    
    0.5381604697E-01    -27.90935528         11.23599363    
    0.5577299413E-01    -28.04942652         11.38745560    
    0.5772994129E-01    -28.18914072         11.53907987    
    0.5968688845E-01    -28.32849791         11.69086647    
    0.6164383562E-01    -28.46749814         11.84281545    
    0.6360078278E-01    -28.60614150         11.99492690    
    0.6555772994E-01    -28.74442807         12.14720091    
    0.6751467710E-01    -28.88235797         12.29963759    
    0.6947162427E-01    -29.01993134         12.45223707    
    0.7142857143E-01    -29.15714832         12.60499951    
    0.7338551859E-01    -29.29400908         12.75792506    
    0.7534246575E-01    -29.43050470         12.91101911    
    0.7729941292E-01    -29.56625206         13.06450000    
    0.7925636008E-01    -29.70104892         13.21848314    
    0.8121330724E-01    -29.83489548         13.37296875    
    0.8317025440E-01    -29.96779197         13.52795703    
    0.8512720157E-01    -30.09973860         13.68344821    
    0.8708414873E-01    -30.23073563         13.83944254    
    0.8904109589E-01    -30.36078328         13.99594025    
    0.9099804305E-01    -30.48988183         14.15294161    
    0.9295499022E-01    -30.61803154         14.31044688    
    0.9491193738E-01    -30.74523269         14.46845635    
    0.9686888454E-01    -30.87148557         14.62697030    
    0.9882583170E-01    -30.99679046         14.78598902    
    0.1007827789        -31.12114768         14.94551283    
    0.1027397260        -31.24455755         15.10554202    
    0.1046966732        -31.36702037         15.26607693    
    0.1066536204        -31.48853648         15.42711789    
    0.1086105675        -31.60910623         15.58866523    
    0.1105675147        -31.72872994         15.75071930    
    0.1125244618        -31.84740799         15.91328045    
    0.1144814090        -31.96514072         16.07634905    
    0.1164383562        -32.08192851         16.23992545    
    0.1183953033        -32.19777172         16.40401003    
    0.1203522505        -32.31267075         16.56860318    
    0.1223091977        -32.42662597         16.73370528    
    0.1242661448        -32.53963779         16.89931672    
    0.1262230920        -32.65155655         17.06555472    
    0.1281800391        -32.76181843         17.23285879    
    0.1301369863        -32.87036964         17.40127123    
    0.1320939335        -32.97721041         17.57079225    
    0.1340508806        -33.08234097         17.74142209    
    0.1360078278        -33.18576156         17.91316098    
    0.1379647750        -33.28747241         18.08600916    
    0.1399217221        -33.38747376         18.25996687    
    0.1418786693        -33.48576583         18.43503433    
    0.1438356164        -33.58234889         18.61121180    
    0.1457925636        -33.67722315         18.78849950    
    0.1477495108        -33.77038886         18.96689768    
    0.1497064579        -33.86184627         19.14640659    
    0.1516634051        -33.95159563         19.32702646    
    0.1536203523        -34.03963716         19.50875754    
    0.1555772994        -34.12597113         19.69160009    
    0.1575342466        -34.21059778         19.87555434    
    0.1594911937        -34.29351735         20.06062055    
    0.1614481409        -34.37473011         20.24679896    
    0.1634050881        -34.45423630         20.43408983    
    0.1653620352        -34.53203617         20.62249342    
    0.1673189824        -34.60812999         20.81200997    
    0.1692759295        -34.68251800         21.00263974    
    0.1712328767        -34.75520046         21.19438300    
    0.1731898239        -34.82617763         21.38723999    
    0.1751467710        -34.89544629         21.58121402    
    0.1771037182        -34.96230044         21.77692061    
    0.1790606654        -35.02620964         21.97482225    
    0.1810176125        -35.08717411         22.17491916    
    0.1829745597        -35.14519404         22.37721153    
    0.1849315068        -35.20026963         22.58169957    
    0.1868884540        -35.25240110         22.78838349    
    0.1888454012        -35.30158864         22.99726349    
    0.1908023483        -35.34783248         23.20833977    
    0.1927592955        -35.39113280         23.42161256    
    0.1947162427        -35.43148983         23.63708205    
    0.1966731898        -35.46890378         23.85474846    
    0.1986301370        -35.50337485         24.07461200    
    0.2005870841        -35.53490326         24.29667288    
    0.2025440313        -35.56348922         24.52093131    
    0.2045009785        -35.58913295         24.74738752    
    0.2064579256        -35.61183466         24.97604171    
    0.2084148728        -35.63159457         25.20689410    
    0.2103718200        -35.64841289         25.43994490    
    0.2123287671        -35.66228984         25.67519435    
    0.2142857143        -35.67322565         25.91264265    
    0.2162426614        -35.68122054         26.15229002    
    0.2181996086        -35.68627472         26.39413670    
    0.2201565558        -35.68838841         26.63818290    
    0.2221135029        -35.68756185         26.88442884    
    0.2240704501        -35.68379526         27.13287475    
    0.2260273973        -35.67687698         27.38369955    
    0.2279843444        -35.66565493         27.63787491    
    0.2299412916        -35.64995524         27.89554669    
    0.2318982387        -35.62977749         28.15671447    
    0.2338551859        -35.60512127         28.42137783    
    0.2358121331        -35.57598617         28.68953637    
    0.2377690802        -35.54237179         28.96118969    
    0.2397260274        -35.50427775         29.23633740    
    0.2416829746        -35.46170367         29.51497912    
    0.2436399217        -35.41464918         29.79711449    
    0.2455968689        -35.36311393         30.08274315    
    0.2475538160        -35.30709755         30.37186475    
    0.2495107632        -35.24659972         30.66447894    
    0.2514677104        -35.18162009         30.96058539    
    0.2534246575        -35.11215833         31.26018378    
    0.2553816047        -35.03821414         31.56327378    
    0.2573385519        -34.95978720         31.86985509    
    0.2592954990        -34.87687720         32.17992740    
    0.2612524462        -34.78948385         32.49349041    
    0.2632093933        -34.69760687         32.81054384    
    0.2651663405        -34.60124596         33.13108741    
    0.2671232877        -34.50040086         33.45512084    
    0.2690802348        -34.39507129         33.78264385    
    0.2710371820        -34.28525700         34.11365620    
    0.2729941292        -34.17095773         34.44815763    
    0.2749510763        -34.05217323         34.78614788    
    0.2769080235        -33.92785401         35.12879604    
    0.2788649706        -33.79684251         35.47739212    
    0.2808219178        -33.65913812         35.83193698    
    0.2827788650        -33.51474096         36.19243072    
    0.2847358121        -33.36365110         36.55887343    
    0.2866927593        -33.20586865         36.93126520    
    0.2886497065        -33.04139370         37.30960614    
    0.2906066536        -32.87022635         37.69389634    
    0.2925636008        -32.69236669         38.08413590    
    0.2945205479        -32.50781483         38.48032492    
    0.2964774951        -32.31657086         38.88246348    
    0.2984344423        -32.11863488         39.29055170    
    0.3003913894        -31.91400699         39.70458967    
    0.3023483366        -31.70268729         40.12457750    
    0.3043052838        -31.48467588         40.55051527    
    0.3062622309        -31.25997286         40.98240309    
    0.3082191781        -31.02857833         41.42024107    
    0.3101761252        -30.79049239         41.86402931    
    0.3121330724        -30.54571515         42.31376790    
    0.3140900196        -30.29424671         42.76945695    
    0.3160469667        -30.03608717         43.23109656    
    0.3180039139        -29.77123663         43.69868684    
    0.3199608611        -29.49969521         44.17222789    
    0.3219178082        -29.22146300         44.65171982    
    0.3238747554        -28.93654010         45.13716273    
    0.3258317025        -28.64466258         45.62880922    
    0.3277886497        -28.34365404         46.12874039    
    0.3297455969        -28.03303095         46.63741824    
    0.3317025440        -27.71279315         47.15484259    
    0.3336594912        -27.38294044         47.68101326    
    0.3356164384        -27.04347264         48.21593006    
    0.3375733855        -26.69438959         48.75959282    
    0.3395303327        -26.33569110         49.31200137    
    0.3414872798        -25.96737701         49.87315554    
    0.3434442270        -25.58944716         50.44305516    
    0.3454011742        -25.20190138         51.02170007    
    0.3473581213        -24.80473950         51.60909011    
    0.3493150685        -24.39796138         52.20522513    
    0.3512720157        -23.98156687         52.81010496    
    0.3532289628        -23.55555579         53.42372947    
    0.3551859100        -23.11992802         54.04609849    
    0.3571428571        -22.67468341         54.67721189    
    0.3590998043        -22.21982180         55.31706951    
    0.3610567515        -21.75534306         55.96567123    
    0.3630136986        -21.28124706         56.62301690    
    0.3649706458        -20.79753365         57.28910639    
    0.3669275930        -20.30420271         57.96393956    
    0.3688845401        -19.80125410         58.64751628    
    0.3708414873        -19.28868770         59.33983643    
    0.3727984344        -18.76650338         60.04089989    
    0.3747553816        -18.23470101         60.75070651    
    0.3767123288        -17.69180167         61.47077320    
    0.3786692759        -17.13545123         62.20351468    
    0.3806262231        -16.56561942         62.94896182    
    0.3825831703        -15.98230617         63.70711455    
    0.3845401174        -15.38551140         64.47797279    
    0.3864970646        -14.77523502         65.26153645    
    0.3884540117        -14.15147697         66.05780546    
    0.3904109589        -13.51423716         66.86677975    
    0.3923679061        -12.86351551         67.68845923    
    0.3943248532        -12.19931196         68.52284384    
    0.3962818004        -11.52162643         69.36993349    
    0.3982387476        -10.83045885         70.22972813    
    0.4001956947        -10.12580915         71.10222767    
    0.4021526419        -9.407677264         71.98743206    
    0.4041095890        -8.676063115         72.88534121    
    0.4060665362        -7.930966641         73.79595507    
    0.4080234834        -7.172387775         74.71927356    
    0.4099804305        -6.400326451         75.65529663    
    0.4119373777        -5.614782605         76.60402421    
    0.4138943249        -4.815756175         77.56545622    
    0.4158512720        -4.003247097         78.53959263    
    0.4178082192        -3.177255310         79.52643335    
    0.4197651663        -2.337780755         80.52597833    
    0.4217221135        -1.484823371         81.53822751    
    0.4236790607       -0.6183830996         82.56318084    
    0.4256360078        0.2618999225         83.60120676    
    0.4275929550         1.160926761         84.65732482    
    0.4295499022         2.080249469         85.73312464    
    0.4315068493         3.019868030         86.82860624    
    0.4334637965         3.979782427         87.94376963    
    0.4354207436         4.959992643         89.07861483    
    0.4373776908         5.960498660         90.23314186    
    0.4393346380         6.981300462         91.40735073    
    0.4412915851         8.022398032         92.60124147    
    0.4432485323         9.083791352         93.81481408    
    0.4452054795         10.16548040         95.04806859    
    0.4471624266         11.26746517         96.30100501    
    0.4491193738         12.38974564         97.57362337    
    0.4510763209         13.53232178         98.86592367    
    0.4530332681         14.69519359         100.1779059    
    0.4549902153         15.87836104         101.5095702    
    0.4569471624         17.08182412         102.8609165    
    0.4589041096         18.30558281         104.2319447    
    0.4608610568         19.54963709         105.6226551    
    0.4628180039         20.81398693         107.0330474    
    0.4647749511         22.09863234         108.4631219    
    0.4667318982         23.40357327         109.9128784    
    0.4686888454         24.72880972         111.3823171    
    0.4706457926         26.07434167         112.8714379    
    0.4726027397         27.44016910         114.3802408    
    0.4745596869         28.82629199         115.9087259    
    0.4765166341         30.23271032         117.4568932    
    0.4784735812         31.65942407         119.0247427    
    0.4804305284         33.10643322         120.6122745    
    0.4823874755         34.57373776         122.2194885    
    0.4843444227         36.06133766         123.8463847    
    0.4863013699         37.56923290         125.4929632    
    0.4882583170         39.09742347         127.1592241    
    0.4902152642         40.64590934         128.8451672    
    0.4921722114         42.21469049         130.5507927    
    0.4941291585         43.80376692         132.2761006    
    0.4960861057         45.41313858         134.0210909    
    0.4980430528         47.04280547         135.7857635    
    0.5000000000         48.69276757         137.5701186    
