   -0.5000000000        -3.679503159         3.366466389        -3.729346606         3.193404910        -3.740359333         2.951134375    
   -0.4980430528        -3.679503159         3.366466389        -3.744421966         3.189117590        -3.755053523         2.944770908    
   -0.4960861057        -3.679503159         3.366466389        -3.759442921         3.183868454        -3.770052636         2.936942904    
   -0.4941291585        -3.679503159         3.366466389        -3.774499044         3.177683366        -3.785406102         2.927674426    
   -0.4921722114        -3.679503159         3.366466389        -3.789649409         3.170588853        -3.801160131         2.916993066    
   -0.4902152642        -3.679503159         3.366466389        -3.804958885         3.162604862        -3.817359034         2.904920434    
   -0.4882583170        -3.679503159         3.366466389        -3.820480630         3.153749472        -3.834044672         2.891477913    
   -0.4863013699        -3.679503159         3.366466389        -3.836267461         3.144036888        -3.851256906         2.876683960    
   -0.4843444227        -3.679503159         3.366466389        -3.852364735         3.133479695        -3.869033353         2.860556809    
   -0.4823874755        -3.679503159         3.366466389        -3.868816022         3.122088041        -3.887409602         2.843113332    
   -0.4804305284        -3.679503159         3.366466389        -3.885659234         3.109871040        -3.906419044         2.824370712    
   -0.4784735812        -3.679503159         3.366466389        -3.902930032         3.096836399        -3.926092973         2.804345900    
   -0.4765166341        -3.679503159         3.366466389        -3.920659375         3.082991401        -3.946460443         2.783056805    
   -0.4745596869        -3.679503159         3.366466389        -3.938875780         3.068342742        -3.967548291         2.760522033    
   -0.4726027397        -3.679503159         3.366466389        -3.957603611         3.052897273        -3.989381004         2.736761792    
   -0.4706457926        -3.679503159         3.366466389        -3.976864674         3.036661938        -4.011980695         2.711797787    
   -0.4686888454        -3.679503159         3.366466389        -3.996676937         3.019644369        -4.035366963         2.685653943    
   -0.4667318982        -3.679503159         3.366466389        -4.017055709         3.001852874        -4.059556841         2.658356376    
   -0.4647749511        -3.679503159         3.366466389        -4.038012634         2.983296931        -4.084564658         2.629933990    
   -0.4628180039        -3.679503159         3.366466389        -4.059556583         2.963987199        -4.110401955         2.600418483    
   -0.4608610568        -3.679503159         3.366466389        -4.081692845         2.943935936        -4.137077355         2.569844850    
   -0.4589041096        -3.679503159         3.366466389        -4.104423818         2.923157026        -4.164596466         2.538251402    
   -0.4569471624        -3.679503159         3.366466389        -4.127748339         2.901666330        -4.192961748         2.505680176    
   -0.4549902153        -3.679503159         3.366466389        -4.151662241         2.879481717        -4.222172420         2.472176958    
   -0.4530332681        -3.679503159         3.366466389        -4.176157784         2.856623361        -4.252224329         2.437791617    
   -0.4510763209        -3.679503159         3.366466389        -4.201224115         2.833113767        -4.283109857         2.402578106    
   -0.4491193738        -3.679503159         3.366466389        -4.226846791         2.808978021        -4.314817808         2.366594725    
   -0.4471624266        -3.679503159         3.366466389        -4.253008167         2.784243806        -4.347333321         2.329904096    
   -0.4452054795        -3.679503159         3.366466389        -4.279686994         2.758941602        -4.380637771         2.292573356    
   -0.4432485323        -3.679503159         3.366466389        -4.306858762         2.733104689        -4.414708700         2.254674090    
   -0.4412915851        -3.679503159         3.366466389        -4.334495365         2.706769306        -4.449519740         2.216282459    
   -0.4393346380        -3.679503159         3.366466389        -4.362565416         2.679974628        -4.485040563         2.177479089    
   -0.4373776908        -3.679503159         3.366466389        -4.391033972         2.652762880        -4.521236826         2.138349123    
   -0.4354207436        -3.679503159         3.366466389        -4.419862838         2.625179300        -4.558070157         2.098982068    
   -0.4334637965        -3.679503159         3.366466389        -4.449010350         2.597272198        -4.595498122         2.059471774    
   -0.4315068493        -3.679503159         3.366466389        -4.478431670         2.569092894        -4.633474242         2.019916224    
   -0.4295499022        -3.679503159         3.366466389        -4.508078630         2.540695739        -4.671947997         1.980417446    
   -0.4275929550        -3.679503159         3.366466389        -4.537900032         2.512138014        -4.710864877         1.941081250    
   -0.4256360078        -3.679503159         3.366466389        -4.567841546         2.483479914        -4.750166422         1.902017066    
   -0.4236790607        -3.679503159         3.366466389        -4.597846012         2.454784420        -4.789790301         1.863337639    
   -0.4217221135        -3.679503159         3.366466389        -4.627853253         2.426117372        -4.829670232         1.825159022    
   -0.4197651663        -3.679503159         3.366466389        -4.657800081         2.397547623        -4.869735710         1.787600724    
   -0.4178082192        -3.679503159         3.366466389        -4.687620188         2.369147042        -4.909912004         1.750785570    
   -0.4158512720        -3.679503159         3.366466389        -4.717244443         2.340990355        -4.950120249         1.714839342    
   -0.4138943249        -3.679503159         3.366466389        -4.746600894         2.313155050        -4.990277557         1.679890477    
   -0.4119373777        -3.679503159         3.366466389        -4.775615083         2.285721186        -5.030297148         1.646069650    
   -0.4099804305        -3.679503159         3.366466389        -4.804210099         2.258771253        -5.070088503         1.613509412    
   -0.4080234834        -3.679503159         3.366466389        -4.832306918         2.232389943        -5.109557548         1.582343719    
   -0.4060665362        -3.679503159         3.366466389        -4.859824504         2.206663973        -5.148606844         1.552707514    
   -0.4041095890        -3.679503159         3.366466389        -4.886680170         2.181681821        -5.187135819         1.524736204    
   -0.4021526419        -3.679503159         3.366466389        -4.912789728         2.157533504        -5.225041002         1.498565191    
   -0.4001956947        -3.679503159         3.366466389        -4.938067875         2.134310284        -5.262216300         1.474329310    
   -0.3982387476        -3.679503159         3.366466389        -4.962428378         2.112104411        -5.298553276         1.452162313    
   -0.3962818004        -3.679503159         3.366466389        -4.985784492         2.091008798        -5.333941468         1.432196272    
   -0.3943248532        -3.679503159         3.366466389        -5.008049176         2.071116728        -5.368268714         1.414561026    
   -0.3923679061        -3.679503159         3.366466389        -5.029135534         2.052521502        -5.401421502         1.399383566    
   -0.3904109589        -3.679503159         3.366466389        -5.048957065         2.035316119        -5.433285341         1.386787453    
   -0.3884540117        -3.679503159         3.366466389        -5.067428114         2.019592905        -5.463745144         1.376892187    
   -0.3864970646        -3.679503159         3.366466389        -5.084464155         2.005443167        -5.492685633         1.369812615    
   -0.3845401174        -3.679503159         3.366466389        -5.099982247         1.992956802        -5.519991755         1.365658300    
   -0.3825831703        -3.679503159         3.366466389        -5.113901345         1.982221942        -5.545549111         1.364532929    
   -0.3806262231        -3.679503159         3.366466389        -5.126142752         1.973324548        -5.569244399         1.366533691    
   -0.3786692759        -3.679503159         3.366466389        -5.136630446         1.966348048        -5.590965868         1.371750703    
   -0.3767123288        -3.679503159         3.366466389        -5.145291532         1.961372931        -5.610603770         1.380266409    
   -0.3747553816        -3.679503159         3.366466389        -5.152056571         1.958476376        -5.628050833         1.392155038    
   -0.3727984344        -3.679503159         3.366466389        -5.156859993         1.957731889        -5.643202683         1.407482084    
   -0.3708414873        -3.679503159         3.366466389        -5.159640175         1.959209168        -5.655957996         1.426304124    
   -0.3688845401        -3.679503159         3.366466389        -5.160339702         1.962973881        -5.666218725         1.448668526    
   -0.3669275930        -3.679503159         3.366466389        -5.158905653         1.969087333        -5.673890544         1.474613002    
   -0.3649706458        -3.679503159         3.366466389        -5.155290021         1.977606088        -5.678883302         1.504165137    
   -0.3630136986        -3.679503159         3.366466389        -5.149449998         1.988581639        -5.681111475         1.537341981    
   -0.3610567515        -3.679503159         3.366466389        -5.141348369         2.002060050        -5.680494622         1.574149637    
   -0.3590998043        -3.679503159         3.366466389        -5.130953783         2.018081647        -5.676957824         1.614582926    
   -0.3571428571        -3.679503159         3.366466389        -5.118241113         2.036680688        -5.670432118         1.658625049    
   -0.3551859100        -3.679503159         3.366466389        -5.103191692         2.057885082        -5.660854920         1.706247332    
   -0.3532289628        -3.679503159         3.366466389        -5.085793644         2.081716103        -5.648170435         1.757408978    
   -0.3512720157        -3.679503159         3.366466389        -5.066042078         2.108188136        -5.632330050         1.812056901    
   -0.3493150685        -3.679503159         3.366466389        -5.043939371         2.137308438        -5.613292707         1.870125572    
   -0.3473581213        -3.679503159         3.366466389        -5.019495324         2.169076935        -5.591025256         1.931536955    
   -0.3454011742        -3.679503159         3.366466389        -4.992727389         2.203486025        -5.565502792         1.996200461    
   -0.3434442270        -3.679503159         3.366466389        -4.963660774         2.240520429        -5.536708954         2.064012984    
   -0.3414872798        -3.679503159         3.366466389        -4.932328611         2.280157051        -5.504636212         2.134858972    
   -0.3395303327        -3.679503159         3.366466389        -4.898772007         2.322364889        -5.469286111         2.208610574    
   -0.3375733855        -3.679503159         3.366466389        -4.863040146         2.367104953        -5.430669497         2.285127820    
   -0.3356164384        -3.679503159         3.366466389        -4.825190280         2.414330240        -5.388806699         2.364258891    
   -0.3336594912        -3.679503159         3.366466389        -4.785287759         2.463985717        -5.343727686         2.445840413    
   -0.3317025440        -3.679503159         3.366466389        -4.743405963         2.516008365        -5.295472184         2.529697840    
   -0.3297455969        -3.679503159         3.366466389        -4.699626258         2.570327229        -5.244089753         2.615645865    
   -0.3277886497        -3.679503159         3.366466389        -4.654037858         2.626863530        -5.189639835         2.703488913    
   -0.3258317025        -3.679503159         3.366466389        -4.606737714         2.685530789        -5.132191750         2.793021670    
   -0.3238747554        -3.679503159         3.366466389        -4.557830302         2.746235008        -5.071824664         2.884029684    
   -0.3219178082        -3.679503159         3.366466389        -4.507427397         2.808874896        -5.008627435         2.976290015    
   -0.3199608611        -3.679503159         3.366466389        -4.455647686         2.873342185        -4.942698316         3.069571982    
   -0.3180039139        -3.679503159         3.366466389        -4.402616519         2.939521881        -4.874144788         3.163637848    
   -0.3160469667        -3.679503159         3.366466389        -4.348465600         3.007292530        -4.803083408         3.258243541    
   -0.3140900196        -3.679503159         3.366466389        -4.293332708         3.076526501        -4.729639625         3.353139404    
   -0.3121330724        -3.679503159         3.366466389        -4.237361330         3.147090314        -4.653947553         3.448070994    
   -0.3101761252        -3.679503159         3.366466389        -4.180700323         3.218844986        -4.576149716         3.542779902    
   -0.3082191781        -3.679503159         3.366466389        -4.123503485         3.291646409        -4.496396743         3.637004622    
   -0.3062622309        -3.679503159         3.366466389        -4.065929169         3.365345755        -4.414847042         3.730481428    
   -0.3043052838        -3.679503159         3.366466389        -4.008139795         3.439789909        -4.331666429         3.822945295    
   -0.3023483366        -3.679503159         3.366466389        -3.950301412         3.514821914        -4.247027727         3.914130827    
   -0.3003913894        -3.679503159         3.366466389        -3.892583175         3.590281461        -4.161110330         4.003773212    
   -0.2984344423        -3.679503159         3.366466389        -3.835156851         3.666005375        -4.074099734         4.091609180    
   -0.2964774951        -3.679503159         3.366466389        -3.778196260         3.741828139        -3.986187045         4.177377981    
   -0.2945205479        -3.679503159         3.366466389        -3.721876748         3.817582421        -3.897568448         4.260822356    
   -0.2925636008        -3.679503159         3.366466389        -3.666374595         3.893099630        -3.808444653         4.341689520    
   -0.2906066536        -3.679503159         3.366466389        -3.611866462         3.968210469        -3.719020325         4.419732127    
   -0.2886497065        -3.679503159         3.366466389        -3.558528774         4.042745514        -3.629503471         4.494709242    
   -0.2866927593        -3.679503159         3.366466389        -3.506537148         4.116535783        -3.540104830         4.566387280    
   -0.2847358121        -3.679503159         3.366466389        -3.456065769         4.189413333        -3.451037225         4.634540951    
   -0.2827788650        -3.679503159         3.366466389        -3.407286809         4.261211838        -3.362514910         4.698954154    
   -0.2808219178        -3.679503159         3.366466389        -3.360369794         4.331767183        -3.274752900         4.759420875    
   -0.2788649706        -3.679503159         3.366466389        -3.315481035         4.400918046        -3.187966295         4.815746023    
   -0.2769080235        -3.679503159         3.366466389        -3.272782997         4.468506485        -3.102369585         4.867746258    
   -0.2749510763        -3.679503159         3.366466389        -3.232433744         4.534378506        -3.018175964         4.915250758    
   -0.2729941292        -3.679503159         3.366466389        -3.194586337         4.598384620        -2.935596637         4.958101944    
   -0.2710371820        -3.679503159         3.366466389        -3.159388334         4.660380284        -2.854840191         4.996156023    
   -0.2690802348        -3.679503159         3.366466389        -3.126981266         4.720226321        -2.776111992         5.029283500    
   -0.2671232877        -3.679503159         3.366466389        -3.097500150         4.777789389        -2.699613541         5.057369715    
   -0.2651663405        -3.679503159         3.366466389        -3.071072968         4.832942465        -2.625541838         5.080315372    
   -0.2632093933        -3.679503159         3.366466389        -3.047820213         4.885565283        -2.554088758         5.098036987    
   -0.2612524462        -3.679503159         3.366466389        -3.027854411         4.935544776        -2.485440429         5.110467300    
   -0.2592954990        -3.679503159         3.366466389        -3.011279708         4.982775475        -2.419776633         5.117555611    
   -0.2573385519        -3.679503159         3.366466389        -2.998191445         5.027159900        -2.357270219         5.119268075    
   -0.2553816047        -3.679503159         3.366466389        -2.988675796         5.068608909        -2.298086536         5.115587916    
   -0.2534246575        -3.679503159         3.366466389        -2.982809397         5.107042033        -2.242382886         5.106515592    
   -0.2514677104        -3.679503159         3.366466389        -2.980659046         5.142387769        -2.190308003         5.092068888    
   -0.2495107632        -3.679503159         3.366466389        -2.982281395         5.174583852        -2.142001554         5.072282945    
   -0.2475538160        -3.679503159         3.366466389        -2.987722711         5.203577489        -2.097593669         5.047210227    
   -0.2455968689        -3.679503159         3.366466389        -2.997018638         5.229325561        -2.057204498         5.016920416    
   -0.2436399217        -3.679503159         3.366466389        -3.010194032         5.251794791        -2.020943807         4.981500246    
   -0.2416829746        -3.679503159         3.366466389        -3.027262789         5.270961877        -1.988910598         4.941053268    
   -0.2397260274        -3.679503159         3.366466389        -3.048227758         5.286813585        -1.961192766         4.895699553    
   -0.2377690802        -3.679503159         3.366466389        -3.073080642         5.299346817        -1.937866795         4.845575330    
   -0.2358121331        -3.679503159         3.366466389        -3.101801987         5.308568622        -1.918997488         4.790832556    
   -0.2338551859        -3.679503159         3.366466389        -3.134361165         5.314496193        -1.904637738         4.731638438    
   -0.2318982387        -3.679503159         3.366466389        -3.170716433         5.317156809        -1.894828336         4.668174878    
   -0.2299412916        -3.679503159         3.366466389        -3.210814998         5.316587749        -1.889597820         4.600637879    
   -0.2279843444        -3.679503159         3.366466389        -3.254593156         5.312836165        -1.888962367         4.529236880    
   -0.2260273973        -3.679503159         3.366466389        -3.301976429         5.305958922        -1.892925722         4.454194051    
   -0.2240704501        -3.679503159         3.366466389        -3.352879779         5.296022398        -1.901479176         4.375743530    
   -0.2221135029        -3.679503159         3.366466389        -3.407207836         5.283102212        -1.914601616         4.294130597    
   -0.2201565558        -3.679503159         3.366466389        -3.464855200         5.267282826        -1.932259722         4.209610762    
   -0.2181996086        -3.679503159         3.366466389        -3.525706725         5.248657206        -1.954408097         4.122448878    
   -0.2162426614        -3.679503159         3.366466389        -3.589637850         5.227326495        -1.980989401         4.032918253    
   -0.2142857143        -3.679503159         3.366466389        -3.656514928         5.203399667        -2.011934519         3.941299732    
   -0.2123287671        -3.679503159         3.366466389        -3.726195614         5.176993143        -2.047162758         3.847880746    
   -0.2103718200        -3.679503159         3.366466389        -3.798529257         5.148230395        -2.086582091         3.752954348    
   -0.2084148728        -3.679503159         3.366466389        -3.873357341         5.117241505        -2.130089425         3.656818223    
   -0.2064579256        -3.679503159         3.366466389        -3.950513923         5.084162726        -2.177570913         3.559773684    
   -0.2045009785        -3.679503159         3.366466389        -4.029826129         5.049136004        -2.228902290         3.462124657    
   -0.2025440313        -3.679503159         3.366466389        -4.111114630         5.012308488        -2.283949246         3.364176662    
   -0.2005870841        -3.679503159         3.366466389        -4.194194183         4.973832021        -2.342567826         3.266235781    
   -0.1986301370        -3.679503159         3.366466389        -4.278874146         4.933862620        -2.404604864         3.168607636    
   -0.1966731898        -3.679503159         3.366466389        -4.364959048         4.892559932        -2.469898437         3.071596365    
   -0.1947162427        -3.679503159         3.366466389        -4.452249135         4.850086692        -2.538278350         2.975503612    
   -0.1927592955        -3.679503159         3.366466389        -4.540540968         4.806608163        -2.609566644         2.880627519    
   -0.1908023483        -3.679503159         3.366466389        -4.629627995         4.762291569        -2.683578123         2.787261747    
   -0.1888454012        -3.679503159         3.366466389        -4.719301153         4.717305527        -2.760120906         2.695694503    
   -0.1868884540        -3.679503159         3.366466389        -4.809349466         4.671819476        -2.838996994         2.606207601    
   -0.1849315068        -3.679503159         3.366466389        -4.899560652         4.626003096        -2.920002854         2.519075541    
   -0.1829745597        -3.679503159         3.366466389        -4.989721723         4.580025745        -3.002930018         2.434564626    
   -0.1810176125        -3.679503159         3.366466389        -5.079619600         4.534055882        -3.087565692         2.352932104    
   -0.1790606654        -3.679503159         3.366466389        -5.169041700         4.488260509        -3.173693378         2.274425353    
   -0.1771037182        -3.679503159         3.366466389        -5.257776551         4.442804609        -3.261093504         2.199281102    
   -0.1751467710        -3.679503159         3.366466389        -5.345614365         4.397850607        -3.349544053         2.127724693    
   -0.1731898239        -3.679503159         3.366466389        -5.432347628         4.353557826        -3.438821206         2.059969394    
   -0.1712328767        -3.679503159         3.366466389        -5.517771594         4.310081939        -3.528699986         1.996215807    
   -0.1692759295        -3.679503159         3.366466389        -5.601684759         4.267574427        -3.618954894         1.936651348    
   -0.1673189824        -3.679503159         3.366466389        -5.683889364         4.226182101        -3.709360518         1.881449728    
   -0.1653620352        -3.679503159         3.366466389        -5.764191907         4.186046642        -3.799692137         1.830770467    
   -0.1634050881        -3.679503159         3.366466389        -5.842403623         4.147304169        -3.889726314         1.784758470    
   -0.1614481409        -3.679503159         3.366466389        -5.918340962         4.110084815        -3.979241486         1.743543649    
   -0.1594911937        -3.679503159         3.366466389        -5.991826032         4.074512337        -4.068018540         1.707240597    
   -0.1575342466        -3.679503159         3.366466389        -6.062687036         4.040703743        -4.155841376         1.675948322    
   -0.1555772994        -3.679503159         3.366466389        -6.130758674         4.008768948        -4.242497461         1.649750026    
   -0.1536203523        -3.679503159         3.366466389        -6.195882534         3.978810448        -4.327778361         1.628712945    
   -0.1516634051        -3.679503159         3.366466389        -6.257907453         3.950923029        -4.411480263         1.612888239    
   -0.1497064579        -3.679503159         3.366466389        -6.316689856         3.925193500        -4.493404477         1.602310939    
   -0.1477495108        -3.679503159         3.366466389        -6.372094066         3.901700449        -4.573357914         1.596999951    
   -0.1457925636        -3.679503159         3.366466389        -6.423992598         3.880514036        -4.651153549         1.596958098    
   -0.1438356164        -3.679503159         3.366466389        -6.472266410         3.861695811        -4.726610859         1.602172241    
   -0.1418786693        -3.679503159         3.366466389        -6.516805150         3.845298558        -4.799556244         1.612613421    
   -0.1399217221        -3.679503159         3.366466389        -6.557507351         3.831366178        -4.869823411         1.628237079    
   -0.1379647750        -3.679503159         3.366466389        -6.594280619         3.819933590        -4.937253749         1.648983309    
   -0.1360078278        -3.679503159         3.366466389        -6.627041780         3.811026675        -5.001696666         1.674777161    
   -0.1340508806        -3.679503159         3.366466389        -6.655717009         3.804662237        -5.063009908         1.705528995    
   -0.1320939335        -3.679503159         3.366466389        -6.680241920         3.800848005        -5.121059844         1.741134880    
   -0.1301369863        -3.679503159         3.366466389        -6.700561645         3.799582658        -5.175721731         1.781477028    
   -0.1281800391        -3.679503159         3.366466389        -6.716630865         3.800855882        -5.226879943         1.826424276    
   -0.1262230920        -3.679503159         3.366466389        -6.728413836         3.804648452        -5.274428180         1.875832606    
   -0.1242661448        -3.679503159         3.366466389        -6.735884366         3.810932353        -5.318269638         1.929545698    
   -0.1223091977        -3.679503159         3.366466389        -6.739025764         3.819670911        -5.358317150         1.987395529    
   -0.1203522505        -3.679503159         3.366466389        -6.737830667         3.830818965        -5.394493235         2.049203049    
   -0.1183953033        -3.679503159         3.366466389        -6.732300926         3.844323053        -5.426730159         2.114778836    
   -0.1164383562        -3.679503159         3.366466389        -6.722447475         3.860121631        -5.454969990         2.183923762    
   -0.1144814090        -3.679503159         3.366466389        -6.708290218         3.878145313        -5.479164631         2.256429679    
   -0.1125244618        -3.679503159         3.366466389        -6.689857860         3.898317135        -5.499275820         2.332080121    
   -0.1105675147        -3.679503159         3.366466389        -6.667187748         3.920552835        -5.515275112         2.410651026    
   -0.1086105675        -3.679503159         3.366466389        -6.640325663         3.944761163        -5.527143827         2.491911473    
   -0.1066536204        -3.679503159         3.366466389        -6.609325626         3.970844201        -5.534872983         2.575624431    
   -0.1046966732        -3.679503159         3.366466389        -6.574249659         3.998697706        -5.538463194         2.661547515    
   -0.1027397260        -3.679503159         3.366466389        -6.535167547         4.028211466        -5.537924558         2.749433753    
   -0.1007827789        -3.679503159         3.366466389        -6.492156575         4.059269679        -5.533276507         2.839032353    
   -0.9882583170E-01    -3.679503159         3.366466389        -6.445301259         4.091751336        -5.524547647         2.930089473    
   -0.9686888454E-01    -3.679503159         3.366466389        -6.394693057         4.125530625        -5.511775568         3.022348994    
   -0.9491193738E-01    -3.679503159         3.366466389        -6.340430078         4.160477341        -5.495006645         3.115553283    
   -0.9295499022E-01    -3.679503159         3.366466389        -6.282616761         4.196457311        -5.474295806         3.209443958    
   -0.9099804305E-01    -3.679503159         3.366466389        -6.221363574         4.233332827        -5.449706291         3.303762638    
   -0.8904109589E-01    -3.679503159         3.366466389        -6.156786673         4.270963080        -5.421309393         3.398251688    
   -0.8708414873E-01    -3.679503159         3.366466389        -6.089007578         4.309204610        -5.389184175         3.492654949    
   -0.8512720157E-01    -3.679503159         3.366466389        -6.018152829         4.347911754        -5.353417184         3.586718455    
   -0.8317025440E-01    -3.679503159         3.366466389        -5.944353646         4.386937096        -5.314102139         3.680191129    
   -0.8121330724E-01    -3.679503159         3.366466389        -5.867745573         4.426131929        -5.271339612         3.772825472    
   -0.7925636008E-01    -3.679503159         3.366466389        -5.788468138         4.465346702        -5.225236697         3.864378212    
   -0.7729941292E-01    -3.679503159         3.366466389        -5.706664487         4.504431480        -5.175906666         3.954610955    
   -0.7534246575E-01    -3.679503159         3.366466389        -5.622481046         4.543236395        -5.123468619         4.043290790    
   -0.7338551859E-01    -3.679503159         3.366466389        -5.536067149         4.581612095        -5.068047116         4.130190883    
   -0.7142857143E-01    -3.679503159         3.366466389        -5.447574686         4.619410175        -5.009771789         4.215091026    
   -0.6947162427E-01    -3.679503159         3.366466389        -5.357157709         4.656483600        -4.948776936         4.297778144    
   -0.6751467710E-01    -3.679503159         3.366466389        -5.264972112         4.692687128        -4.885201142         4.378046785    
   -0.6555772994E-01    -3.679503159         3.366466389        -5.171175282         4.727877721        -4.819186905         4.455699590    
   -0.6360078278E-01    -3.679503159         3.366466389        -5.075925791         4.761914956        -4.750880261         4.530547723    
   -0.6164383562E-01    -3.679503159         3.366466389        -4.979383063         4.794661420        -4.680430406         4.602411276    
   -0.5968688845E-01    -3.679503159         3.366466389        -4.881707074         4.825983090        -4.607989316         4.671119640    
   -0.5772994129E-01    -3.679503159         3.366466389        -4.783058035         4.855749714        -4.533711374         4.736511846    
   -0.5577299413E-01    -3.679503159         3.366466389        -4.683596107         4.883835161        -4.457752991         4.798436870    
   -0.5381604697E-01    -3.679503159         3.366466389        -4.583481100         4.910117771        -4.380272235         4.856753910    
   -0.5185909980E-01    -3.679503159         3.366466389        -4.482872206         4.934480687        -4.301428464         4.911332627    
   -0.4990215264E-01    -3.679503159         3.366466389        -4.381927715         4.956812165        -4.221381955         4.962053351    
   -0.4794520548E-01    -3.679503159         3.366466389        -4.280804767         4.977005876        -4.140293553         5.008807260    
   -0.4598825832E-01    -3.679503159         3.366466389        -4.179659091         4.994961189        -4.058324312         5.051496520    
   -0.4403131115E-01    -3.679503159         3.366466389        -4.078644773         5.010583430        -3.975635149         5.090034398    
   -0.4207436399E-01    -3.679503159         3.366466389        -3.977914016         5.023784137        -3.892386507         5.124345337    
   -0.4011741683E-01    -3.679503159         3.366466389        -3.877616934         5.034481281        -3.808738023         5.154365001    
   -0.3816046967E-01    -3.679503159         3.366466389        -3.777901331         5.042599478        -3.724848203         5.180040296    
   -0.3620352250E-01    -3.679503159         3.366466389        -3.678912514         5.048070181        -3.640874116         5.201329345    
   -0.3424657534E-01    -3.679503159         3.366466389        -3.580793099         5.050831847        -3.556971084         5.218201450    
   -0.3228962818E-01    -3.679503159         3.366466389        -3.483682846         5.050830094        -3.473292395         5.230637008    
   -0.3033268102E-01    -3.679503159         3.366466389        -3.387718484         5.048017823        -3.389989018         5.238627417    
   -0.2837573386E-01    -3.679503159         3.366466389        -3.293033568         5.042355339        -3.307209336         5.242174933    
   -0.2641878669E-01    -3.679503159         3.366466389        -3.199758331         5.033810435        -3.225098888         5.241292522    
   -0.2446183953E-01    -3.679503159         3.366466389        -3.108019561         5.022358462        -3.143800121         5.236003666    
   -0.2250489237E-01    -3.679503159         3.366466389        -3.017940472         5.007982385        -3.063452161         5.226342161    
   -0.2054794521E-01    -3.679503159         3.366466389        -2.929640622         4.990672786        -2.984190599         5.212351851    
   -0.1859099804E-01    -3.679503159         3.366466389        -2.843235809         4.970427880        -2.906147290         5.194086376    
   -0.1663405088E-01    -3.679503159         3.366466389        -2.758837996         4.947253492        -2.829450167         5.171608886    
   -0.1467710372E-01    -3.679503159         3.366466389        -2.676555223         4.921163028        -2.754223063         5.144991756    
   -0.1272015656E-01    -3.679503159         3.366466389        -2.596491545         4.892177428        -2.680585549         5.114316268    
   -0.1076320939E-01    -3.679503159         3.366466389        -2.518746966         4.860325094        -2.608652785         5.079672287    
   -0.8806262231E-02    -3.679503159         3.366466389        -2.443417398         4.825641799        -2.538535386         5.041157913    
   -0.6849315068E-02    -3.679503159         3.366466389        -2.370594600         4.788170587        -2.470339302         4.998879125    
   -0.4892367906E-02    -3.679503159         3.366466389        -2.300366161         4.747961642        -2.404165707         4.952949411    
   -0.2935420744E-02    -3.679503159         3.366466389        -2.232815455         4.705072150        -2.340110905         4.903489382    
   -0.9784735812E-03    -3.679503159         3.366466389        -2.168021630         4.659566141        -2.278266257         4.850626383    
    0.9784735812E-03    -3.679503159         3.366466389        -2.106059583         4.611514312        -2.218718105         4.794494088    
    0.2935420744E-02    -3.679503159         3.366466389        -2.046999961         4.560993836        -2.161547728         4.735232093    
    0.4892367906E-02    -3.679503159         3.366466389        -1.990909145         4.508088158        -2.106831300         4.672985503    
    0.6849315068E-02    -3.679503159         3.366466389        -1.937849261         4.452886769        -2.054639863         4.607904505    
    0.8806262231E-02    -3.679503159         3.366466389        -1.887878176         4.395484979        -2.005039323         4.540143954    
    0.1076320939E-01    -3.679503159         3.366466389        -1.841049518         4.335983659        -1.958090447         4.469862941    
    0.1272015656E-01    -3.679503159         3.366466389        -1.797412679         4.274488986        -1.913848885         4.397224375    
    0.1467710372E-01    -3.679503159         3.366466389        -1.757012843         4.211112169        -1.872365198         4.322394549    
    0.1663405088E-01    -3.679503159         3.366466389        -1.719890995         4.145969159        -1.833684910         4.245542730    
    0.1859099804E-01    -3.679503159         3.366466389        -1.686083954         4.079180358        -1.797848567         4.166840731    
    0.2054794521E-01    -3.679503159         3.366466389        -1.655624391         4.010870312        -1.764891818         4.086462510    
    0.2250489237E-01    -3.679503159         3.366466389        -1.628540860         3.941167395        -1.734845505         4.004583755    
    0.2446183953E-01    -3.679503159         3.366466389        -1.604857824         3.870203489        -1.707735782         3.921381502    
    0.2641878669E-01    -3.679503159         3.366466389        -1.584595689         3.798113645        -1.683584247         3.837033746    
    0.2837573386E-01    -3.679503159         3.366466389        -1.567770823         3.725035751        -1.662408090         3.751719078    
    0.3033268102E-01    -3.679503159         3.366466389        -1.554395588         3.651110167        -1.644220267         3.665616335    
    0.3228962818E-01    -3.679503159         3.366466389        -1.544478355         3.576479379        -1.629029704         3.578904274    
    0.3424657534E-01    -3.679503159         3.366466389        -1.538023545         3.501287638        -1.616841512         3.491761272    
    0.3620352250E-01    -3.679503159         3.366466389        -1.535031651         3.425680604        -1.607657247         3.404365052    
    0.3816046967E-01    -3.679503159         3.366466389        -1.535499277         3.349804982        -1.601475181         3.316892447    
    0.4011741683E-01    -3.679503159         3.366466389        -1.539419160         3.273808162        -1.598290602         3.229519209    
    0.4207436399E-01    -3.679503159         3.366466389        -1.546780207         3.197837849        -1.598096127         3.142419852    
    0.4403131115E-01    -3.679503159         3.366466389        -1.557567518         3.122041704        -1.600882016         3.055767552    
    0.4598825832E-01    -3.679503159         3.366466389        -1.571762425         3.046566977        -1.606636457         2.969734083    
    0.4794520548E-01    -3.679503159         3.366466389        -1.589342508         2.971560148        -1.615345815         2.884489797    
    0.4990215264E-01    -3.679503159         3.366466389        -1.610281638         2.897166564        -1.626994793         2.800203610    
    0.5185909980E-01    -3.679503159         3.366466389        -1.634549991         2.823530087        -1.641566501         2.717043012    
    0.5381604697E-01    -3.679503159         3.366466389        -1.662114090         2.750792741        -1.659042416         2.635174030    
    0.5577299413E-01    -3.679503159         3.366466389        -1.692936819         2.679094363        -1.679402240         2.554761172    
    0.5772994129E-01    -3.679503159         3.366466389        -1.726977459         2.608572264        -1.702623676         2.475967307    
    0.5968688845E-01    -3.679503159         3.366466389        -1.764191711         2.539360896        -1.728682151         2.398953502    
    0.6164383562E-01    -3.679503159         3.366466389        -1.804531726         2.471591519        -1.757550517         2.323878791    
    0.6360078278E-01    -3.679503159         3.366466389        -1.847946125         2.405391891        -1.789198756         2.250899916    
    0.6555772994E-01    -3.679503159         3.366466389        -1.894380037         2.340885946        -1.823593696         2.180171021    
    0.6751467710E-01    -3.679503159         3.366466389        -1.943775115         2.278193505        -1.860698761         2.111843328    
    0.6947162427E-01    -3.679503159         3.366466389        -1.996069573         2.217429975        -1.900473752         2.046064785    
    0.7142857143E-01    -3.679503159         3.366466389        -2.051198208         2.158706077        -1.942874657         1.982979713    
    0.7338551859E-01    -3.679503159         3.366466389        -2.109092438         2.102127573        -1.987853498         1.922728434    
    0.7534246575E-01    -3.679503159         3.366466389        -2.169680323         2.047795010        -2.035358207         1.865446908    
    0.7729941292E-01    -3.679503159         3.366466389        -2.232886606         1.995803473        -2.085332516         1.811266347    
    0.7925636008E-01    -3.679503159         3.366466389        -2.298632696         1.946242319        -2.137715846         1.760312813    
    0.8121330724E-01    -3.679503159         3.366466389        -2.366836699         1.899194933        -2.192443230         1.712706818    
    0.8317025440E-01    -3.679503159         3.366466389        -2.437413452         1.854738523        -2.249445288         1.668562957    
    0.8512720157E-01    -3.679503159         3.366466389        -2.510274582         1.812943929        -2.308648221         1.627989547    
    0.8708414873E-01    -3.679503159         3.366466389        -2.585328548         1.773875455        -2.369973826         1.591088283    
    0.8904109589E-01    -3.679503159         3.366466389        -2.662480710         1.737590706        -2.433339524         1.557953895    
    0.9099804305E-01    -3.679503159         3.366466389        -2.741633381         1.704140455        -2.498658405         1.528673825    
    0.9295499022E-01    -3.679503159         3.366466389        -2.822685901         1.673568516        -2.565839293         1.503327910    
    0.9491193738E-01    -3.679503159         3.366466389        -2.905534699         1.645911644        -2.634786819         1.481988093    
    0.9686888454E-01    -3.679503159         3.366466389        -2.990073381         1.621199448        -2.705401513         1.464718126    
    0.9882583170E-01    -3.679503159         3.366466389        -3.076192797         1.599454322        -2.777579906         1.451573318    
    0.1007827789        -3.679503159         3.366466389        -3.163781143         1.580691396        -2.851214648         1.442600275    
    0.1027397260        -3.679503159         3.366466389        -3.252724040         1.564918506        -2.926194638         1.437836678    
    0.1046966732        -3.679503159         3.366466389        -3.342904644         1.552136182        -3.002405168         1.437311066    
    0.1066536204        -3.679503159         3.366466389        -3.434203737         1.542337655        -3.079728072         1.441042650    
    0.1086105675        -3.679503159         3.366466389        -3.526499855         1.535508881        -3.158041898         1.449041143    
    0.1105675147        -3.679503159         3.366466389        -3.619669390         1.531628588        -3.237222086         1.461306614    
    0.1125244618        -3.679503159         3.366466389        -3.713586723         1.530668337        -3.317141152         1.477829363    
    0.1144814090        -3.679503159         3.366466389        -3.808124348         1.532592605        -3.397668891         1.498589825    
    0.1164383562        -3.679503159         3.366466389        -3.903153017         1.537358883        -3.478672588         1.523558489    
    0.1183953033        -3.679503159         3.366466389        -3.998541872         1.544917797        -3.560017237         1.552695856    
    0.1203522505        -3.679503159         3.366466389        -4.094158609         1.555213241        -3.641565767         1.585952404    
    0.1223091977        -3.679503159         3.366466389        -4.189869623         1.568182536        -3.723179290         1.623268601    
    0.1242661448        -3.679503159         3.366466389        -4.285540182         1.583756594        -3.804717338         1.664574924    
    0.1262230920        -3.679503159         3.366466389        -4.381034586         1.601860111        -3.886038126         1.709791919    
    0.1281800391        -3.679503159         3.366466389        -4.476216365         1.622411744        -3.966998817         1.758830251    
    0.1301369863        -3.679503159         3.366466389        -4.570948475         1.645324284        -4.047455804         1.811590764    
    0.1320939335        -3.679503159         3.366466389        -4.665093513         1.670504877        -4.127265010         1.867964602    
    0.1340508806        -3.679503159         3.366466389        -4.758513922         1.697855288        -4.206282179         1.927833395    
    0.1360078278        -3.679503159         3.366466389        -4.851072216         1.727272168        -4.284363186         1.991069458    
    0.1379647750        -3.679503159         3.366466389        -4.942631193         1.758647342        -4.361364337         2.057536032    
    0.1399217221        -3.679503159         3.366466389        -5.033054170         1.791868109        -4.437142683         2.127087538    
    0.1418786693        -3.679503159         3.366466389        -5.122205207         1.826817555        -4.511556336         2.199569877    
    0.1438356164        -3.679503159         3.366466389        -5.209949348         1.863374875        -4.584464779         2.274820743    
    0.1457925636        -3.679503159         3.366466389        -5.296152855         1.901415713        -4.655729183         2.352669967    
    0.1477495108        -3.679503159         3.366466389        -5.380683452         1.940812501        -4.725212729         2.432939893    
    0.1497064579        -3.679503159         3.366466389        -5.463410566         1.981434816        -4.792780915         2.515445771    
    0.1516634051        -3.679503159         3.366466389        -5.544205579         2.023149743        -4.858301878         2.599996175    
    0.1536203523        -3.679503159         3.366466389        -5.622942063         2.065822244        -4.921646700         2.686393457    
    0.1555772994        -3.679503159         3.366466389        -5.699496043         2.109315532        -4.982689720         2.774434199    
    0.1575342466        -3.679503159         3.366466389        -5.773746228         2.153491451        -5.041308838         2.863909716    
    0.1594911937        -3.679503159         3.366466389        -5.845574273         2.198210859        -5.097385816         2.954606550    
    0.1614481409        -3.679503159         3.366466389        -5.914865011         2.243334019        -5.150806567         3.046307006    
    0.1634050881        -3.679503159         3.366466389        -5.981506710         2.288720982        -5.201461450         3.138789689    
    0.1653620352        -3.679503159         3.366466389        -6.045391298         2.334231977        -5.249245542         3.231830066    
    0.1673189824        -3.679503159         3.366466389        -6.106414618         2.379727802        -5.294058917         3.325201036    
    0.1692759295        -3.679503159         3.366466389        -6.164476644         2.425070206        -5.335806902         3.418673519    
    0.1712328767        -3.679503159         3.366466389        -6.219481726         2.470122277        -5.374400336         3.512017049    
    0.1731898239        -3.679503159         3.366466389        -6.271338798         2.514748816        -5.409755806         3.605000381    
    0.1751467710        -3.679503159         3.366466389        -6.319961609         2.558816720        -5.441795881         3.697392103    
    0.1771037182        -3.679503159         3.366466389        -6.365268932         2.602195338        -5.470449341         3.788961257    
    0.1790606654        -3.679503159         3.366466389        -6.407184906         2.644756813        -5.495651471         3.879477983    
    0.1810176125        -3.679503159         3.366466389        -6.445639320         2.686376418        -5.517344331         3.968714179    
    0.1829745597        -3.679503159         3.366466389        -6.480567836         2.726932910        -5.535476946         4.056444150    
    0.1849315068        -3.679503159         3.366466389        -6.511912157         2.766308876        -5.550005472         4.142445256    
    0.1868884540        -3.679503159         3.366466389        -6.539620209         2.804391064        -5.560893345         4.226498553    
    0.1888454012        -3.679503159         3.366466389        -6.563646287         2.841070703        -5.568111409         4.308389426    
    0.1908023483        -3.679503159         3.366466389        -6.583951213         2.876243807        -5.571638031         4.387908213    
    0.1927592955        -3.679503159         3.366466389        -6.600502450         2.909811465        -5.571459186         4.464850818    
    0.1947162427        -3.679503159         3.366466389        -6.613274228         2.941680114        -5.567568534         4.539019306    
    0.1966731898        -3.679503159         3.366466389        -6.622247633         2.971761798        -5.559967473         4.610222490    
    0.1986301370        -3.679503159         3.366466389        -6.627410696         2.999974401        -5.548665163         4.678276485    
    0.2005870841        -3.679503159         3.366466389        -6.628758447         3.026241871        -5.533678545         4.743005262    
    0.2025440313        -3.679503159         3.366466389        -6.626292982         3.050494417        -5.515032327         4.804241162    
    0.2045009785        -3.679503159         3.366466389        -6.620023470         3.072668695        -5.492758954         4.861825396    
    0.2064579256        -3.679503159         3.366466389        -6.609966190         3.092707960        -5.466898560         4.915608512    
    0.2084148728        -3.679503159         3.366466389        -6.596144505         3.110562213        -5.437498889         4.965450846    
    0.2103718200        -3.679503159         3.366466389        -6.578588859         3.126188313        -5.404615213         5.011222930    
    0.2123287671        -3.679503159         3.366466389        -6.557336719         3.139550077        -5.368310211         5.052805883    
    0.2142857143        -3.679503159         3.366466389        -6.532432535         3.150618352        -5.328653842         5.090091755    
    0.2162426614        -3.679503159         3.366466389        -6.503927644         3.159371071        -5.285723189         5.122983857    
    0.2181996086        -3.679503159         3.366466389        -6.471880193         3.165793278        -5.239602293         5.151397034    
    0.2201565558        -3.679503159         3.366466389        -6.436355015         3.169877143        -5.190381960         5.175257928    
    0.2221135029        -3.679503159         3.366466389        -6.397423510         3.171621944        -5.138159553         5.194505180    
    0.2240704501        -3.679503159         3.366466389        -6.355163486         3.171034032        -5.083038770         5.209089617    
    0.2260273973        -3.679503159         3.366466389        -6.309659012         3.168126775        -5.025129399         5.218974386    
    0.2279843444        -3.679503159         3.366466389        -6.261000281         3.162920482        -4.964547095         5.224135105    
    0.2299412916        -3.679503159         3.366466389        -6.209283606         3.155442293        -4.901413204         5.224560072    
    0.2318982387        -3.679503159         3.366466389        -6.154611227         3.145726059        -4.835854480         5.220250332    
    0.2338551859        -3.679503159         3.366466389        -6.097091084         3.133812197        -4.768002759         5.211219658    
    0.2358121331        -3.679503159         3.366466389        -6.036836535         3.119747523        -4.697994613         5.197494492    
    0.2377690802        -3.679503159         3.366466389        -5.973966095         3.103585063        -4.625971001         5.179113836    
    0.2397260274        -3.679503159         3.366466389        -5.908603127         3.085383856        -4.552076890         5.156129117    
    0.2416829746        -3.679503159         3.366466389        -5.840875548         3.065208717        -4.476460884         5.128603988    
    0.2436399217        -3.679503159         3.366466389        -5.770915493         3.043130005        -4.399274829         5.096614112    
    0.2455968689        -3.679503159         3.366466389        -5.698859004         3.019223357        -4.320673418         5.060246888    
    0.2475538160        -3.679503159         3.366466389        -5.624845665         2.993569419        -4.240813788         5.019601151    
    0.2495107632        -3.679503159         3.366466389        -5.549018271         2.966253554        -4.159855108         4.974786829    
    0.2514677104        -3.679503159         3.366466389        -5.471522450         2.937365539        -4.077958163         4.925924566    
    0.2534246575        -3.679503159         3.366466389        -5.392506314         2.906999251        -3.995284943         4.873145309    
    0.2553816047        -3.679503159         3.366466389        -5.312120067         2.875252347        -3.911998222         4.816589870    
    0.2573385519        -3.679503159         3.366466389        -5.230515650         2.842225920        -3.828261140         4.756408448    
    0.2592954990        -3.679503159         3.366466389        -5.147846336         2.808024166        -3.744236788         4.692760127    
    0.2612524462        -3.679503159         3.366466389        -5.064266376         2.772754026        -3.660087797         4.625812351    
    0.2632093933        -3.679503159         3.366466389        -4.979930587         2.736524842        -3.575975926         4.555740370    
    0.2651663405        -3.679503159         3.366466389        -4.894993999         2.699447984        -3.492061664         4.482726663    
    0.2671232877        -3.679503159         3.366466389        -4.809611447         2.661636504        -3.408503828         4.406960348    
    0.2690802348        -3.679503159         3.366466389        -4.723937222         2.623204758        -3.325459184         4.328636569    
    0.2710371820        -3.679503159         3.366466389        -4.638124671         2.584268058        -3.243082064         4.247955870    
    0.2729941292        -3.679503159         3.366466389        -4.552325859         2.544942299        -3.161523999         4.165123555    
    0.2749510763        -3.679503159         3.366466389        -4.466691180         2.505343607        -3.080933369         4.080349046    
    0.2769080235        -3.679503159         3.366466389        -4.381369038         2.465587975        -3.001455051         3.993845221    
    0.2788649706        -3.679503159         3.366466389        -4.296505539         2.425790837        -2.923230041         3.905827812    
    0.2808219178        -3.679503159         3.366466389        -4.212244215         2.386066633        -2.846395060         3.816514753    
    0.2827788650        -3.679503159         3.366466389        -4.128725645         2.346528440        -2.771082213         3.726125486    
    0.2847358121        -3.679503159         3.366466389        -4.046087121         2.307287630        -2.697418672         3.634880248    
    0.2866927593        -3.679503159         3.366466389        -3.964462287         2.268453538        -2.625526378         3.542999372    
    0.2886497065        -3.679503159         3.366466389        -3.883980838         2.230133127        -2.555521767         3.450702585    
    0.2906066536        -3.679503159         3.366466389        -3.804768188         2.192430688        -2.487515508         3.358208331    
    0.2925636008        -3.679503159         3.366466389        -3.726945206         2.155447535        -2.421612278         3.265733087    
    0.2945205479        -3.679503159         3.366466389        -3.650627918         2.119281728        -2.357910544         3.173490719    
    0.2964774951        -3.679503159         3.366466389        -3.575927285         2.084027801        -2.296502383         3.081691831    
    0.2984344423        -3.679503159         3.366466389        -3.502948941         2.049776521        -2.237473311         2.990543154    
    0.3003913894        -3.679503159         3.366466389        -3.431793011         2.016614646        -2.180902150         2.900246946    
    0.3023483366        -3.679503159         3.366466389        -3.362553895         1.984624721        -2.126860909         2.811000427    
    0.3043052838        -3.679503159         3.366466389        -3.295320126         1.953884877        -2.075414694         2.722995227    
    0.3062622309        -3.679503159         3.366466389        -3.230174196         1.924468659        -2.026621643         2.636416880    
    0.3082191781        -3.679503159         3.366466389        -3.167192465         1.896444870        -1.980532882         2.551444328    
    0.3101761252        -3.679503159         3.366466389        -3.106445025         1.869877436        -1.937192507         2.468249483    
    0.3121330724        -3.679503159         3.366466389        -3.047995655         1.844825290        -1.896637588         2.386996796    
    0.3140900196        -3.679503159         3.366466389        -2.991901731         1.821342280        -1.858898201         2.307842878    
    0.3160469667        -3.679503159         3.366466389        -2.938214228         1.799477092        -1.823997474         2.230936148    
    0.3180039139        -3.679503159         3.366466389        -2.886977668         1.779273198        -1.791951664         2.156416525    
    0.3199608611        -3.679503159         3.366466389        -2.838230168         1.760768821        -1.762770251         2.084415147    
    0.3219178082        -3.679503159         3.366466389        -2.792003433         1.743996924        -1.736456051         2.015054137    
    0.3238747554        -3.679503159         3.366466389        -2.748322844         1.728985212        -1.713005352         1.948446394    
    0.3258317025        -3.679503159         3.366466389        -2.707207489         1.715756160        -1.692408069         1.884695445    
    0.3277886497        -3.679503159         3.366466389        -2.668670256         1.704326993        -1.674647840         1.823895245    
    0.3297455969        -3.679503159         3.366466389        -2.632717755         1.694709516        -1.659701921         1.766129871    
    0.3317025440        -3.679503159         3.366466389        -2.599350410         1.686910097        -1.647541280         1.711473354    
    0.3336594912        -3.679503159         3.366466389        -2.568562544         1.680929766        -1.638130808         1.659989629    
    0.3356164384        -3.679503159         3.366466389        -2.540342558         1.676764315        -1.631429552         1.611732518    
    0.3375733855        -3.679503159         3.366466389        -2.514673057         1.674404435        -1.627390956         1.566745775    
    0.3395303327        -3.679503159         3.366466389        -2.491531067         1.673835857        -1.625963135         1.525063138    
    0.3414872798        -3.679503159         3.366466389        -2.470888191         1.675039516        -1.627089146         1.486708456    
    0.3434442270        -3.679503159         3.366466389        -2.452710865         1.677991725        -1.630707279         1.451695817    
    0.3454011742        -3.679503159         3.366466389        -2.436960544         1.682664369        -1.636751358         1.420029742    
    0.3473581213        -3.679503159         3.366466389        -2.423593977         1.689025102        -1.645151053         1.391705386    
    0.3493150685        -3.679503159         3.366466389        -2.412563425         1.697037572        -1.655832194         1.366708797    
    0.3512720157        -3.679503159         3.366466389        -2.403816958         1.706661630        -1.668717101         1.345017175    
    0.3532289628        -3.679503159         3.366466389        -2.397298687         1.717853581        -1.683724906         1.326599194    
    0.3551859100        -3.679503159         3.366466389        -2.392949084         1.730566407        -1.700771891         1.311415312    
    0.3571428571        -3.679503159         3.366466389        -2.390705220         1.744750033        -1.719771816         1.299418140    
    0.3590998043        -3.679503159         3.366466389        -2.390501104         1.760351561        -1.740636262         1.290552803    
    0.3610567515        -3.679503159         3.366466389        -2.392267925         1.777315544        -1.763274954         1.284757345    
    0.3630136986        -3.679503159         3.366466389        -2.395934397         1.795584228        -1.787596098         1.281963126    
    0.3649706458        -3.679503159         3.366466389        -2.401427002         1.815097828        -1.813506708         1.282095261    
    0.3669275930        -3.679503159         3.366466389        -2.408670339         1.835794775        -1.840912923         1.285073043    
    0.3688845401        -3.679503159         3.366466389        -2.417587362         1.857611989        -1.869720328         1.290810403    
    0.3708414873        -3.679503159         3.366466389        -2.428099727         1.880485121        -1.899834260         1.299216346    
    0.3727984344        -3.679503159         3.366466389        -2.440128018         1.904348824        -1.931160107         1.310195433    
    0.3747553816        -3.679503159         3.366466389        -2.453592092         1.929136985        -1.963603601         1.323648220    
    0.3767123288        -3.679503159         3.366466389        -2.468411279         1.954782976        -1.997071081         1.339471720    
    0.3786692759        -3.679503159         3.366466389        -2.484504569         1.981219708        -2.031469565         1.357559614    
    0.3806262231        -3.679503159         3.366466389        -2.501790627         2.008379668        -2.066706760         1.377802406    
    0.3825831703        -3.679503159         3.366466389        -2.520188094         2.036195119        -2.102691297         1.400087834    
    0.3845401174        -3.679503159         3.366466389        -2.539615785         2.064598360        -2.139333001         1.424301362    
    0.3864970646        -3.679503159         3.366466389        -2.559993011         2.093521944        -2.176543146         1.450326622    
    0.3884540117        -3.679503159         3.366466389        -2.581239750         2.122898923        -2.214234696         1.478045895    
    0.3904109589        -3.679503159         3.366466389        -2.603276957         2.152663041        -2.252322532         1.507340535    
    0.3923679061        -3.679503159         3.366466389        -2.626026707         2.182748964        -2.290723663         1.538091428    
    0.3943248532        -3.679503159         3.366466389        -2.649412489         2.213092448        -2.329357427         1.570179391    
    0.3962818004        -3.679503159         3.366466389        -2.673359324         2.243630547        -2.368145671         1.603485604    
    0.3982387476        -3.679503159         3.366466389        -2.697794034         2.274301755        -2.407012920         1.637891976    
    0.4001956947        -3.679503159         3.366466389        -2.722645334         2.305046192        -2.445886526         1.673281545    
    0.4021526419        -3.679503159         3.366466389        -2.747844078         2.335805718        -2.484696803         1.709538801    
    0.4041095890        -3.679503159         3.366466389        -2.773323317         2.366524092        -2.523377150         1.746550052    
    0.4060665362        -3.679503159         3.366466389        -2.799018534         2.397147061        -2.561864150         1.784203704    
    0.4080234834        -3.679503159         3.366466389        -2.824867657         2.427622490        -2.600097660         1.822390583    
    0.4099804305        -3.679503159         3.366466389        -2.850811276         2.457900425        -2.638020887         1.861004166    
    0.4119373777        -3.679503159         3.366466389        -2.876792630         2.487933195        -2.675580440         1.899940864    
    0.4138943249        -3.679503159         3.366466389        -2.902757801         2.517675447        -2.712726378         1.939100201    
    0.4158512720        -3.679503159         3.366466389        -2.928655658         2.547084223        -2.749412237         1.978385052    
    0.4178082192        -3.679503159         3.366466389        -2.954438051         2.576118966        -2.785595048         2.017701770    
    0.4197651663        -3.679503159         3.366466389        -2.980059711         2.604741572        -2.821235336         2.056960381    
    0.4217221135        -3.679503159         3.366466389        -3.005478430         2.632916370        -2.856297117         2.096074659    
    0.4236790607        -3.679503159         3.366466389        -3.030654932         2.660610152        -2.890747871         2.134962274    
    0.4256360078        -3.679503159         3.366466389        -3.055553046         2.687792122        -2.924558519         2.173544823    
    0.4275929550        -3.679503159         3.366466389        -3.080139494         2.714433867        -2.957703322         2.211747853    
    0.4295499022        -3.679503159         3.366466389        -3.104383879         2.740509066        -2.990159615         2.249500474    
    0.4315068493        -3.679503159         3.366466389        -3.128258421         2.765993433        -3.021907675         2.286735304    
    0.4334637965        -3.679503159         3.366466389        -3.151738168         2.790864635        -3.052930709         2.323388453    
    0.4354207436        -3.679503159         3.366466389        -3.174800798         2.815102323        -3.083214817         2.359399603    
    0.4373776908        -3.679503159         3.366466389        -3.197426833         2.838688031        -3.112748973         2.394711950    
    0.4393346380        -3.679503159         3.366466389        -3.219599412         2.861605179        -3.141524970         2.429272254    
    0.4412915851        -3.679503159         3.366466389        -3.241304514         2.883838948        -3.169537384         2.463030722    
    0.4432485323        -3.679503159         3.366466389        -3.262530691         2.905376270        -3.196783512         2.495941026    
    0.4452054795        -3.679503159         3.366466389        -3.283269316         2.926205668        -3.223263318         2.527960132    
    0.4471624266        -3.679503159         3.366466389        -3.303514275         2.946317232        -3.248979369         2.559048293    
    0.4491193738        -3.679503159         3.366466389        -3.323262252         2.965702434        -3.273936771         2.589168823    
    0.4510763209        -3.679503159         3.366466389        -3.342512368         2.984354091        -3.298143099         2.618288063    
    0.4530332681        -3.679503159         3.366466389        -3.361266522         3.002266143        -3.321608335         2.646375106    
    0.4549902153        -3.679503159         3.366466389        -3.379528979         3.019433614        -3.344344790         2.673401741    
    0.4569471624        -3.679503159         3.366466389        -3.397306770         3.035852352        -3.366367052         2.699342130    
    0.4589041096        -3.679503159         3.366466389        -3.414609233         3.051518986        -3.387691905         2.724172732    
    0.4608610568        -3.679503159         3.366466389        -3.431448491         3.066430625        -3.408338292         2.747871921    
    0.4628180039        -3.679503159         3.366466389        -3.447838926         3.080584815        -3.428327231         2.770419913    
    0.4647749511        -3.679503159         3.366466389        -3.463797777         3.093979190        -3.447681798         2.791798318    
    0.4667318982        -3.679503159         3.366466389        -3.479344521         3.106611428        -3.466427057         2.811990063    
    0.4686888454        -3.679503159         3.366466389        -3.494501627         3.118478852        -3.484590051         2.830978878    
    0.4706457926        -3.679503159         3.366466389        -3.509293819         3.129578388        -3.502199756         2.848749236    
    0.4726027397        -3.679503159         3.366466389        -3.523749047         3.139906088        -3.519287100         2.865285739    
    0.4745596869        -3.679503159         3.366466389        -3.537897576         3.149457115        -3.535884924         2.880573099    
    0.4765166341        -3.679503159         3.366466389        -3.551773257         3.158225155        -3.552028050         2.894595405    
    0.4784735812        -3.679503159         3.366466389        -3.565412366         3.166202442        -3.567753252         2.907336157    
    0.4804305284        -3.679503159         3.366466389        -3.578855317         3.173379026        -3.583099374         2.918777382    
    0.4823874755        -3.679503159         3.366466389        -3.592145082         3.179742857        -3.598107328         2.928899762    
    0.4843444227        -3.679503159         3.366466389        -3.605329605         3.185278845        -3.612820264         2.937681513    
    0.4863013699        -3.679503159         3.366466389        -3.618459501         3.189969077        -3.627283593         2.945098714    
    0.4882583170        -3.679503159         3.366466389        -3.631591651         3.193791515        -3.641545250         2.951123775    
    0.4902152642        -3.679503159         3.366466389        -3.644785500         3.196720518        -3.655655702         2.955726186    
    0.4921722114        -3.679503159         3.366466389        -3.658108974         3.198724863        -3.669668373         2.958870207    
    0.4941291585        -3.679503159         3.366466389        -3.671631536         3.199769038        -3.683639576         2.960516617    
    0.4960861057        -3.679503159         3.366466389        -3.685435895         3.199809634        -3.697629249         2.960618476    
    0.4980430528        -3.679503159         3.366466389        -3.699600608         3.198799353        -3.711700506         2.959126274    
    0.5000000000        -3.679503159         3.366466389        -3.714237131         3.196676258        -3.725921608         2.955975113    
