   -0.5000000000         1.692443755        -2.019873396         1.659939468        -2.066239021         1.744093897        -2.064901761    
   -0.4980430528         1.692443755        -2.019873396         1.655507207        -2.069338598         1.750015489        -2.067348463    
   -0.4960861057         1.692443755        -2.019873396         1.650930252        -2.072719744         1.756212944        -2.070036736    
   -0.4941291585         1.692443755        -2.019873396         1.646183189        -2.076391789         1.762708994        -2.072974904    
   -0.4921722114         1.692443755        -2.019873396         1.641247602        -2.080360859         1.769524429        -2.076170243    
   -0.4902152642         1.692443755        -2.019873396         1.636102728        -2.084635877         1.776680753        -2.079631351    
   -0.4882583170         1.692443755        -2.019873396         1.630730046        -2.089225374         1.784198832        -2.083366875    
   -0.4863013699         1.692443755        -2.019873396         1.625110364        -2.094139307         1.792099727        -2.087386224    
   -0.4843444227         1.692443755        -2.019873396         1.619225704        -2.099387679         1.800404111        -2.091699009    
   -0.4823874755         1.692443755        -2.019873396         1.613057864        -2.104981406         1.809132658        -2.096315376    
   -0.4804305284         1.692443755        -2.019873396         1.606589458        -2.110931523         1.818305708        -2.101245674    
   -0.4784735812         1.692443755        -2.019873396         1.599803059        -2.117249678         1.827943474        -2.106500638    
   -0.4765166341         1.692443755        -2.019873396         1.592681872        -2.123947606         1.838065808        -2.112091160    
   -0.4745596869         1.692443755        -2.019873396         1.585209173        -2.131037432         1.848692318        -2.118028395    
   -0.4726027397         1.692443755        -2.019873396         1.577368786        -2.138531290         1.859842178        -2.124323588    
   -0.4706457926         1.692443755        -2.019873396         1.569144699        -2.146441522         1.871534192        -2.130988129    
   -0.4686888454         1.692443755        -2.019873396         1.560521428        -2.154780378         1.883786627        -2.138033417    
   -0.4667318982         1.692443755        -2.019873396         1.551483746        -2.163560148         1.896617241        -2.145470885    
   -0.4647749511         1.692443755        -2.019873396         1.542016973        -2.172792918         1.910043133        -2.153311879    
   -0.4628180039         1.692443755        -2.019873396         1.532106783        -2.182490658         1.924080739        -2.161567669    
   -0.4608610568         1.692443755        -2.019873396         1.521739450        -2.192665008         1.938745693        -2.170249335    
   -0.4589041096         1.692443755        -2.019873396         1.510901709        -2.203327341         1.954052804        -2.179367765    
   -0.4569471624         1.692443755        -2.019873396         1.499580965        -2.214488571         1.970015927        -2.188933554    
   -0.4549902153         1.692443755        -2.019873396         1.487765196        -2.226159192         1.986647919        -2.198956984    
   -0.4530332681         1.692443755        -2.019873396         1.475443144        -2.238349108         2.003960515        -2.209447931    
   -0.4510763209         1.692443755        -2.019873396         1.462604240        -2.251067651         2.021964282        -2.220415840    
   -0.4491193738         1.692443755        -2.019873396         1.449238778        -2.264323434         2.040668494        -2.231869636    
   -0.4471624266         1.692443755        -2.019873396         1.435337866        -2.278124347         2.060081081        -2.243817694    
   -0.4452054795         1.692443755        -2.019873396         1.420893580        -2.292477426         2.080208512        -2.256267752    
   -0.4432485323         1.692443755        -2.019873396         1.405898933        -2.307388847         2.101055738        -2.269226877    
   -0.4412915851         1.692443755        -2.019873396         1.390348016        -2.322863798         2.122626086        -2.282701388    
   -0.4393346380         1.692443755        -2.019873396         1.374235979        -2.338906469         2.144921202        -2.296696820    
   -0.4373776908         1.692443755        -2.019873396         1.357559153        -2.355519943         2.167940952        -2.311217843    
   -0.4354207436         1.692443755        -2.019873396         1.340315045        -2.372706176         2.191683370        -2.326268237    
   -0.4334637965         1.692443755        -2.019873396         1.322502446        -2.390465899         2.216144574        -2.341850816    
   -0.4315068493         1.692443755        -2.019873396         1.304121424        -2.408798606         2.241318714        -2.357967397    
   -0.4295499022         1.692443755        -2.019873396         1.285173427        -2.427702461         2.267197904        -2.374618739    
   -0.4275929550         1.692443755        -2.019873396         1.265661269        -2.447174291         2.293772186        -2.391804513    
   -0.4256360078         1.692443755        -2.019873396         1.245589224        -2.467209507         2.321029466        -2.409523251    
   -0.4236790607         1.692443755        -2.019873396         1.224963009        -2.487802098         2.348955492        -2.427772317    
   -0.4217221135         1.692443755        -2.019873396         1.203789935        -2.508944496         2.377533711        -2.446547800    
   -0.4197651663         1.692443755        -2.019873396         1.182079052        -2.530627411         2.406745028        -2.465844358    
   -0.4178082192         1.692443755        -2.019873396         1.159841278        -2.552839716         2.436567690        -2.485655120    
   -0.4158512720         1.692443755        -2.019873396         1.137089404        -2.575568424         2.466977252        -2.505971646    
   -0.4138943249         1.692443755        -2.019873396         1.113838182        -2.598798612         2.497946514        -2.526783873    
   -0.4119373777         1.692443755        -2.019873396         1.090104327        -2.622513407         2.529445503        -2.548080076    
   -0.4099804305         1.692443755        -2.019873396         1.065906586        -2.646693922         2.561441431        -2.569846821    
   -0.4080234834         1.692443755        -2.019873396         1.041265735        -2.671319252         2.593898689        -2.592068940    
   -0.4060665362         1.692443755        -2.019873396         1.016204635        -2.696366427         2.626778833        -2.614729489    
   -0.4041095890         1.692443755        -2.019873396        0.9907482125        -2.721810416         2.660040595        -2.637809737    
   -0.4021526419         1.692443755        -2.019873396        0.9649235014        -2.747624095         2.693639889        -2.661289135    
   -0.4001956947         1.692443755        -2.019873396        0.9387596139        -2.773778269         2.727529848        -2.685145314    
   -0.3982387476         1.692443755        -2.019873396        0.9122877617        -2.800241659         2.761660854        -2.709354069    
   -0.3962818004         1.692443755        -2.019873396        0.8855412134        -2.826980931         2.795980594        -2.733889372    
   -0.3943248532         1.692443755        -2.019873396        0.8585552974        -2.853960704         2.830434119        -2.758723366    
   -0.3923679061         1.692443755        -2.019873396        0.8313673439        -2.881143597         2.864963928        -2.783826393    
   -0.3904109589         1.692443755        -2.019873396        0.8040166685        -2.908490258         2.899510046        -2.809167008    
   -0.3884540117         1.692443755        -2.019873396        0.7765444977        -2.935959422         2.934010136        -2.834712013    
   -0.3864970646         1.692443755        -2.019873396        0.7489939328        -2.963507964         2.968399607        -2.860426493    
   -0.3845401174         1.692443755        -2.019873396        0.7214098586        -2.991090973         3.002611747        -2.886273865    
   -0.3825831703         1.692443755        -2.019873396        0.6938388869        -3.018661823         3.036577856        -2.912215929    
   -0.3806262231         1.692443755        -2.019873396        0.6663292491        -3.046172269         3.070227409        -2.938212931    
   -0.3786692759         1.692443755        -2.019873396        0.6389307190        -3.073572532         3.103488212        -2.964223632    
   -0.3767123288         1.692443755        -2.019873396        0.6116944894        -3.100811414         3.136286583        -2.990205388    
   -0.3747553816         1.692443755        -2.019873396        0.5846730741        -3.127836406         3.168547544        -3.016114232    
   -0.3727984344         1.692443755        -2.019873396        0.5579201934        -3.154593791         3.200194980        -3.041904953    
   -0.3708414873         1.692443755        -2.019873396        0.5314908463        -3.181028584         3.231151610        -3.067531018    
   -0.3688845401         1.692443755        -2.019873396        0.5054413041        -3.207084527         3.261339004        -3.092944555    
   -0.3669275930         1.692443755        -2.019873396        0.4798290159        -3.232704189         3.290677772        -3.118096428    
   -0.3649706458         1.692443755        -2.019873396        0.4547124617        -3.257829113         3.319087777        -3.142936340    
   -0.3630136986         1.692443755        -2.019873396        0.4301510297        -3.282399938         3.346488347        -3.167412933    
   -0.3610567515         1.692443755        -2.019873396        0.4062048557        -3.306356557         3.372798513        -3.191473910    
   -0.3590998043         1.692443755        -2.019873396        0.3829346843        -3.329638261         3.397937239        -3.215066146    
   -0.3571428571         1.692443755        -2.019873396        0.3604016956        -3.352183907         3.421823670        -3.238135820    
   -0.3551859100         1.692443755        -2.019873396        0.3386673524        -3.373932076         3.444377382        -3.260628541    
   -0.3532289628         1.692443755        -2.019873396        0.3177932157        -3.394821251         3.465518637        -3.282489494    
   -0.3512720157         1.692443755        -2.019873396        0.2978407798        -3.414789988         3.485168646        -3.303663576    
   -0.3493150685         1.692443755        -2.019873396        0.2788712785        -3.433777107         3.503249835        -3.324095550    
   -0.3473581213         1.692443755        -2.019873396        0.2609455114        -3.451721868         3.519686109        -3.343730193    
   -0.3454011742         1.692443755        -2.019873396        0.2441236423        -3.468564167         3.534403130        -3.362512455    
   -0.3434442270         1.692443755        -2.019873396        0.2284650192        -3.484244724         3.547328578        -3.380387622    
   -0.3414872798         1.692443755        -2.019873396        0.2140279686        -3.498705283         3.558392429        -3.397301473    
   -0.3395303327         1.692443755        -2.019873396        0.2008696113        -3.511888798         3.567527219        -3.413200451    
   -0.3375733855         1.692443755        -2.019873396        0.1890456560        -3.523739641         3.574668312        -3.428031828    
   -0.3356164384         1.692443755        -2.019873396        0.1786102143        -3.534203785         3.579754161        -3.441743873    
   -0.3336594912         1.692443755        -2.019873396        0.1696155961        -3.543229010         3.582726568        -3.454286022    
   -0.3317025440         1.692443755        -2.019873396        0.1621121272        -3.550765086         3.583530927        -3.465609042    
   -0.3297455969         1.692443755        -2.019873396        0.1561479502        -3.556763968         3.582116477        -3.475665207    
   -0.3277886497         1.692443755        -2.019873396        0.1517688481        -3.561179980         3.578436527        -3.484408453    
   -0.3258317025         1.692443755        -2.019873396        0.1490180543        -3.563970001         3.572448684        -3.491794549    
   -0.3238747554         1.692443755        -2.019873396        0.1479360882        -3.565093627         3.564115065        -3.497781250    
   -0.3219178082         1.692443755        -2.019873396        0.1485606557        -3.564513275         3.553402395        -3.502328379    
   -0.3199608611         1.692443755        -2.019873396        0.1509267129        -3.562194121         3.540281936        -3.505397762    
   -0.3180039139         1.692443755        -2.019873396        0.1550663579        -3.558104199         3.524729597        -3.506953324    
   -0.3160469667         1.692443755        -2.019873396        0.1610086881        -3.552214557         3.506726104        -3.506961223    
   -0.3140900196         1.692443755        -2.019873396        0.1687796477        -3.544499399         3.486257162        -3.505389990    
   -0.3121330724         1.692443755        -2.019873396        0.1784018984        -3.534936219         3.463313601        -3.502210663    
   -0.3101761252         1.692443755        -2.019873396        0.1898946818        -3.523505940         3.437891507        -3.497396909    
   -0.3082191781         1.692443755        -2.019873396        0.2032737059        -3.510193026         3.409992340        -3.490925152    
   -0.3062622309         1.692443755        -2.019873396        0.2185510251        -3.494985600         3.379623038        -3.482774682    
   -0.3043052838         1.692443755        -2.019873396        0.2357349450        -3.477875546         3.346796102        -3.472927767    
   -0.3023483366         1.692443755        -2.019873396        0.2548299226        -3.458858602         3.311529666        -3.461369751    
   -0.3003913894         1.692443755        -2.019873396        0.2758364915        -3.437934440         3.273847550        -3.448089150    
   -0.2984344423         1.692443755        -2.019873396        0.2987511838        -3.415106741         3.233779295        -3.433077736    
   -0.2964774951         1.692443755        -2.019873396        0.3235664783        -3.390383252         3.191360177        -3.416330610    
   -0.2945205479         1.692443755        -2.019873396        0.3502707458        -3.363775834         3.146631211        -3.397846274    
   -0.2925636008         1.692443755        -2.019873396        0.3788482218        -3.335300496         3.099639124        -3.377626682    
   -0.2906066536         1.692443755        -2.019873396        0.4092789765        -3.304977422         3.050436320        -3.355677295    
   -0.2886497065         1.692443755        -2.019873396        0.4415389131        -3.272830976         2.999080820        -3.332007110    
   -0.2866927593         1.692443755        -2.019873396        0.4755997644        -3.238889701         2.945636185        -3.306628693    
   -0.2847358121         1.692443755        -2.019873396        0.5114291167        -3.203186300         2.890171417        -3.279558194    
   -0.2827788650         1.692443755        -2.019873396        0.5489904341        -3.165757611         2.832760847        -3.250815347    
   -0.2808219178         1.692443755        -2.019873396        0.5882431085        -3.126644557         2.773483998        -3.220423472    
   -0.2788649706         1.692443755        -2.019873396        0.6291425113        -3.085892093         2.712425432        -3.188409451    
   -0.2769080235         1.692443755        -2.019873396        0.6716400705        -3.043549134         2.649674581        -3.154803702    
   -0.2749510763         1.692443755        -2.019873396        0.7156833477        -2.999668474         2.585325557        -3.119640143    
   -0.2729941292         1.692443755        -2.019873396        0.7612161517        -2.954306676         2.519476939        -3.082956125    
   -0.2710371820         1.692443755        -2.019873396        0.8081787190        -2.907523889         2.452231487        -3.044792289    
   -0.2690802348         1.692443755        -2.019873396        0.8565078993        -2.859383667         2.383695856        -3.005192419    
   -0.2671232877         1.692443755        -2.019873396        0.9061372669        -2.809952853         2.313980382        -2.964203377    
   -0.2651663405         1.692443755        -2.019873396        0.9569972445        -2.759301459         2.243198847        -2.921875026    
   -0.2632093933         1.692443755        -2.019873396         1.009015227        -2.707502543         2.171468237        -2.878260151    
   -0.2612524462         1.692443755        -2.019873396         1.062115725        -2.654632062         2.098908492        -2.833414372    
   -0.2592954990         1.692443755        -2.019873396         1.116220510        -2.600768737         2.025642241        -2.787396047    
   -0.2573385519         1.692443755        -2.019873396         1.171248771        -2.545993881         1.951794527        -2.740266163    
   -0.2553816047         1.692443755        -2.019873396         1.227117282        -2.490391250         1.877492525        -2.692088222    
   -0.2534246575         1.692443755        -2.019873396         1.283740578        -2.434046855         1.802865249        -2.642928123    
   -0.2514677104         1.692443755        -2.019873396         1.341031130        -2.377048793         1.728043254        -2.592854032    
   -0.2495107632         1.692443755        -2.019873396         1.398899540        -2.319487052         1.653158329        -2.541936242    
   -0.2475538160         1.692443755        -2.019873396         1.457254731        -2.261453319         1.578343188        -2.490247035    
   -0.2455968689         1.692443755        -2.019873396         1.516004156        -2.203040780         1.503731151        -2.437860532    
   -0.2436399217         1.692443755        -2.019873396         1.575053993        -2.144343912         1.429455829        -2.384852538    
   -0.2416829746         1.692443755        -2.019873396         1.634309366        -2.085458276         1.355650797        -2.331300377    
   -0.2397260274         1.692443755        -2.019873396         1.693674557        -2.026480299         1.282449273        -2.277282738    
   -0.2377690802         1.692443755        -2.019873396         1.753053224        -1.967507057         1.209983795        -2.222879493    
   -0.2358121331         1.692443755        -2.019873396         1.812348622        -1.908636059         1.138385898        -2.168171533    
   -0.2338551859         1.692443755        -2.019873396         1.871463831        -1.849965015         1.067785788        -2.113240585    
   -0.2318982387         1.692443755        -2.019873396         1.930301972        -1.791591622        0.9983120292        -2.058169039    
   -0.2299412916         1.692443755        -2.019873396         1.988766444        -1.733613331        0.9300912255        -2.003039759    
   -0.2279843444         1.692443755        -2.019873396         2.046761138        -1.676127129        0.8632477119        -1.947935903    
   -0.2260273973         1.692443755        -2.019873396         2.104190672        -1.619229314        0.7979032495        -1.892940740    
   -0.2240704501         1.692443755        -2.019873396         2.160960604        -1.563015268        0.7341767298        -1.838137460    
   -0.2221135029         1.692443755        -2.019873396         2.216977651        -1.507579256        0.6721839062        -1.783608999    
   -0.2201565558         1.692443755        -2.019873396         2.272149857        -1.453014245        0.6120371966        -1.729437871    
   -0.2181996086         1.692443755        -2.019873396         2.326386785        -1.399411720        0.5538454549        -1.675706010    
   -0.2162426614         1.692443755        -2.019873396         2.379599701        -1.346861497        0.4977137334        -1.622494608    
   -0.2142857143         1.692443755        -2.019873396         2.431701769        -1.295451533        0.4437430519        -1.569883953    
   -0.2123287671         1.692443755        -2.019873396         2.482608224        -1.245267749        0.3920301793        -1.517953271    
   -0.2103718200         1.692443755        -2.019873396         2.532236556        -1.196393852        0.3426674242        -1.466780573    
   -0.2084148728         1.692443755        -2.019873396         2.580506680        -1.148911166        0.2957424386        -1.416442499    
   -0.2064579256         1.692443755        -2.019873396         2.627341099        -1.102898462        0.2513380325        -1.367014173    
   -0.2045009785         1.692443755        -2.019873396         2.672665064        -1.058431809        0.2095320023        -1.318569053    
   -0.2025440313         1.692443755        -2.019873396         2.716406730        -1.015584416        0.1703969706        -1.271178795    
   -0.2005870841         1.692443755        -2.019873396         2.758497293       -0.9744264933        0.1340002418        -1.224913113    
   -0.1986301370         1.692443755        -2.019873396         2.798871135       -0.9350251127        0.1004036690        -1.179839650    
   -0.1966731898         1.692443755        -2.019873396         2.837465946       -0.8974440835        0.6966353762E-01    -1.136023849    
   -0.1947162427         1.692443755        -2.019873396         2.874222848       -0.8617438305        0.4183046145E-01    -1.093528838    
   -0.1927592955         1.692443755        -2.019873396         2.909086507       -0.8279812864        0.1694929524E-01    -1.052415308    
   -0.1908023483         1.692443755        -2.019873396         2.942005234       -0.7962097879       -0.4940939533E-02    -1.012741413    
   -0.1888454012         1.692443755        -2.019873396         2.972931077       -0.7664789864       -0.2380711176E-01   -0.9745626602    
   -0.1868884540         1.692443755        -2.019873396         3.001819909       -0.7388347629       -0.3962202475E-01   -0.9379318207    
   -0.1849315068         1.692443755        -2.019873396         3.028631497       -0.7133191578       -0.5236444278E-01   -0.9028988389    
   -0.1829745597         1.692443755        -2.019873396         3.053329571       -0.6899703058       -0.6201910461E-01   -0.8695107519    
   -0.1810176125         1.692443755        -2.019873396         3.075881876       -0.6688223853       -0.6857671957E-01   -0.8378116163    
   -0.1790606654         1.692443755        -2.019873396         3.096260215       -0.6499055734       -0.7203395066E-01   -0.8078424412    
   -0.1771037182         1.692443755        -2.019873396         3.114440485       -0.6332460158       -0.7239338045E-01   -0.7796411310    
   -0.1751467710         1.692443755        -2.019873396         3.130402702       -0.6188658015       -0.6966346499E-01   -0.7532424328    
   -0.1731898239         1.692443755        -2.019873396         3.144131006       -0.6067829590       -0.6385846309E-01   -0.7286779000    
   -0.1712328767         1.692443755        -2.019873396         3.155613608       -0.5970115087       -0.5499829024E-01   -0.7059759090    
   -0.1692759295         1.692443755        -2.019873396         3.164842712       -0.5895615447       -0.4310834236E-01   -0.6851616998    
   -0.1673189824         1.692443755        -2.019873396         3.171814485       -0.5844392610       -0.2821938534E-01   -0.6662573703    
   -0.1653620352         1.692443755        -2.019873396         3.176529031       -0.5816469812       -0.1036744449E-01   -0.6492818692    
   -0.1634050881         1.692443755        -2.019873396         3.178990358       -0.5811831922        0.1040631666E-01   -0.6342509952    
   -0.1614481409         1.692443755        -2.019873396         3.179206335       -0.5830425913        0.3405572916E-01   -0.6211774035    
   -0.1594911937         1.692443755        -2.019873396         3.177188637       -0.5872161355        0.6052975973E-01   -0.6100706182    
   -0.1575342466         1.692443755        -2.019873396         3.172952693       -0.5936911032        0.8977266304E-01   -0.6009370515    
   -0.1555772994         1.692443755        -2.019873396         3.166517616       -0.6024511596        0.1217241411       -0.5937800279    
   -0.1536203523         1.692443755        -2.019873396         3.157906131       -0.6134764322        0.1563195129       -0.5885998165    
   -0.1516634051         1.692443755        -2.019873396         3.147144496       -0.6267435900        0.1934898904       -0.5853936666    
   -0.1497064579         1.692443755        -2.019873396         3.134262416       -0.6422259331        0.2331623634       -0.5841558520    
   -0.1477495108         1.692443755        -2.019873396         3.119292951       -0.6598934845        0.2752601896       -0.5848777180    
   -0.1457925636         1.692443755        -2.019873396         3.102272413       -0.6797130920        0.3197029929       -0.5875477364    
   -0.1438356164         1.692443755        -2.019873396         3.083240267       -0.7016485315        0.3664069657       -0.5921515632    
   -0.1418786693         1.692443755        -2.019873396         3.062239021       -0.7256606205        0.4152850776       -0.5986721041    
   -0.1399217221         1.692443755        -2.019873396         3.039314106       -0.7517073315        0.4662472875       -0.6070895824    
   -0.1379647750         1.692443755        -2.019873396         3.014513762       -0.7797439153        0.5192007612       -0.6173816127    
   -0.1360078278         1.692443755        -2.019873396         2.987888913       -0.8097230237        0.5740500909       -0.6295232790    
   -0.1340508806         1.692443755        -2.019873396         2.959493036       -0.8415948405        0.6306975189       -0.6434872165    
   -0.1320939335         1.692443755        -2.019873396         2.929382034       -0.8753072129        0.6890431617       -0.6592436972    
   -0.1301369863         1.692443755        -2.019873396         2.897614096       -0.9108057889        0.7489852384       -0.6767607205    
   -0.1281800391         1.692443755        -2.019873396         2.864249566       -0.9480341544        0.8104202967       -0.6960041045    
   -0.1262230920         1.692443755        -2.019873396         2.829350793       -0.9869339770        0.8732434435       -0.7169375839    
   -0.1242661448         1.692443755        -2.019873396         2.792982001        -1.027445147        0.9373485710       -0.7395229071    
   -0.1223091977         1.692443755        -2.019873396         2.755209122        -1.069505935         1.002628592       -0.7637199507    
   -0.1203522505         1.692443755        -2.019873396         2.716099623        -1.113053169         1.068975691       -0.7894868678    
   -0.1183953033         1.692443755        -2.019873396         2.675722345        -1.158022393         1.136281546       -0.8167802108    
   -0.1164383562         1.692443755        -2.019873396         2.634147363        -1.204348006         1.204437544       -0.8455550327    
   -0.1144814090         1.692443755        -2.019873396         2.591445843        -1.251963404         1.273334981       -0.8757649922    
   -0.1125244618         1.692443755        -2.019873396         2.547689909        -1.300801118         1.342865272       -0.9073624558    
   -0.1105675147         1.692443755        -2.019873396         2.502952501        -1.350792954         1.412920146       -0.9402986039    
   -0.1086105675         1.692443755        -2.019873396         2.457307235        -1.401870129         1.483391839       -0.9745235340    
   -0.1066536204         1.692443755        -2.019873396         2.410828269        -1.453963412         1.554173293        -1.009986367    
   -0.1046966732         1.692443755        -2.019873396         2.363590170        -1.507003250         1.625158329        -1.046635348    
   -0.1027397260         1.692443755        -2.019873396         2.315667776        -1.560919911         1.696241837        -1.084417958    
   -0.1007827789         1.692443755        -2.019873396         2.267136069        -1.615643608         1.767319948        -1.123281007    
   -0.9882583170E-01     1.692443755        -2.019873396         2.218070043        -1.671104630         1.838290199        -1.163170747    
   -0.9686888454E-01     1.692443755        -2.019873396         2.168544580        -1.727233466         1.909051700        -1.204032966    
   -0.9491193738E-01     1.692443755        -2.019873396         2.118634325        -1.783960931         1.979505288        -1.245813093    
   -0.9295499022E-01     1.692443755        -2.019873396         2.068413565        -1.841218284         2.049553677        -1.288456296    
   -0.9099804305E-01     1.692443755        -2.019873396         2.017956112        -1.898937345         2.119101601        -1.331907580    
   -0.8904109589E-01     1.692443755        -2.019873396         1.967335188        -1.957050609         2.188055950        -1.376111883    
   -0.8708414873E-01     1.692443755        -2.019873396         1.916623312        -2.015491355         2.256325900        -1.421014170    
   -0.8512720157E-01     1.692443755        -2.019873396         1.865892198        -2.074193753         2.323823031        -1.466559525    
   -0.8317025440E-01     1.692443755        -2.019873396         1.815212644        -2.133092965         2.390461444        -1.512693245    
   -0.8121330724E-01     1.692443755        -2.019873396         1.764654438        -2.192125245         2.456157870        -1.559360922    
   -0.7925636008E-01     1.692443755        -2.019873396         1.714286258        -2.251228032         2.520831765        -1.606508534    
   -0.7729941292E-01     1.692443755        -2.019873396         1.664175583        -2.310340040         2.584405402        -1.654082524    
   -0.7534246575E-01     1.692443755        -2.019873396         1.614388604        -2.369401342         2.646803958        -1.702029884    
   -0.7338551859E-01     1.692443755        -2.019873396         1.564990141        -2.428353455         2.707955589        -1.750298234    
   -0.7142857143E-01     1.692443755        -2.019873396         1.516043567        -2.487139405         2.767791478        -1.798835896    
   -0.6947162427E-01     1.692443755        -2.019873396         1.467610743        -2.545703789         2.826245868        -1.847591975    
   -0.6751467710E-01     1.692443755        -2.019873396         1.419751954        -2.603992833         2.883256103        -1.896516423    
   -0.6555772994E-01     1.692443755        -2.019873396         1.372525852        -2.661954444         2.938762669        -1.945560094    
   -0.6360078278E-01     1.692443755        -2.019873396         1.325989401        -2.719538266         2.992709221        -1.994674803    
   -0.6164383562E-01     1.692443755        -2.019873396         1.280197825        -2.776695721         3.045042611        -2.043813382    
   -0.5968688845E-01     1.692443755        -2.019873396         1.235204562        -2.833380050         3.095712904        -2.092929727    
   -0.5772994129E-01     1.692443755        -2.019873396         1.191061228        -2.889546354         3.144673392        -2.141978844    
   -0.5577299413E-01     1.692443755        -2.019873396         1.147817570        -2.945151622         3.191880596        -2.190916899    
   -0.5381604697E-01     1.692443755        -2.019873396         1.105521440        -3.000154762         3.237294266        -2.239701254    
   -0.5185909980E-01     1.692443755        -2.019873396         1.064218762        -3.054516623         3.280877376        -2.288290506    
   -0.4990215264E-01     1.692443755        -2.019873396         1.023953509        -3.108200014         3.322596106        -2.336644524    
   -0.4794520548E-01     1.692443755        -2.019873396        0.9847676774        -3.161169720         3.362419827        -2.384724481    
   -0.4598825832E-01     1.692443755        -2.019873396        0.9467012736        -3.213392513         3.400321076        -2.432492879    
   -0.4403131115E-01     1.692443755        -2.019873396        0.9097922968        -3.264837161         3.436275525        -2.479913581    
   -0.4207436399E-01     1.692443755        -2.019873396        0.8740767311        -3.315474425         3.470261947        -2.526951831    
   -0.4011741683E-01     1.692443755        -2.019873396        0.8395885360        -3.365277065         3.502262177        -2.573574274    
   -0.3816046967E-01     1.692443755        -2.019873396        0.8063596460        -3.414219831         3.532261065        -2.619748975    
   -0.3620352250E-01     1.692443755        -2.019873396        0.7744199675        -3.462279458         3.560246430        -2.665445434    
   -0.3424657534E-01     1.692443755        -2.019873396        0.7437973849        -3.509434650         3.586209005        -2.710634599    
   -0.3228962818E-01     1.692443755        -2.019873396        0.7145177640        -3.555666069         3.610142382        -2.755288873    
   -0.3033268102E-01     1.692443755        -2.019873396        0.6866049640        -3.600956313         3.632042948        -2.799382122    
   -0.2837573386E-01     1.692443755        -2.019873396        0.6600808472        -3.645289898         3.651909823        -2.842889681    
   -0.2641878669E-01     1.692443755        -2.019873396        0.6349652961        -3.688653229         3.669744791        -2.885788356    
   -0.2446183953E-01     1.692443755        -2.019873396        0.6112762285        -3.731034574         3.685552227        -2.928056423    
   -0.2250489237E-01     1.692443755        -2.019873396        0.5890296231        -3.772424033         3.699339024        -2.969673621    
   -0.2054794521E-01     1.692443755        -2.019873396        0.5682395560        -3.812813482         3.711114488        -3.010621144    
   -0.1859099804E-01     1.692443755        -2.019873396        0.5489182378        -3.852196533         3.720890249        -3.050881617    
   -0.1663405088E-01     1.692443755        -2.019873396        0.5310760393        -3.890568490         3.728680179        -3.090439093    
   -0.1467710372E-01     1.692443755        -2.019873396        0.5147215248        -3.927926307         3.734500306        -3.129279033    
   -0.1272015656E-01     1.692443755        -2.019873396        0.4998614813        -3.964268547         3.738368734        -3.167388299    
   -0.1076320939E-01     1.692443755        -2.019873396        0.4865009539        -3.999595332         3.740305551        -3.204755130    
   -0.8806262231E-02     1.692443755        -2.019873396        0.4746432785        -4.033908296         3.740332745        -3.241369129    
   -0.6849315068E-02     1.692443755        -2.019873396        0.4642901205        -4.067210537         3.738474114        -3.277221244    
   -0.4892367906E-02     1.692443755        -2.019873396        0.4554415089        -4.099506567         3.734755181        -3.312303742    
   -0.2935420744E-02     1.692443755        -2.019873396        0.4480958776        -4.130802256         3.729203098        -3.346610194    
   -0.9784735812E-03     1.692443755        -2.019873396        0.4422501016        -4.161104780         3.721846561        -3.380135445    
    0.9784735812E-03     1.692443755        -2.019873396        0.4378995402        -4.190422568         3.712715718        -3.412875596    
    0.2935420744E-02     1.692443755        -2.019873396        0.4350380740        -4.218765245         3.701842081        -3.444827971    
    0.4892367906E-02     1.692443755        -2.019873396        0.4336581498        -4.246143575         3.689258433        -3.475991098    
    0.6849315068E-02     1.692443755        -2.019873396        0.4337508189        -4.272569405         3.674998739        -3.506364677    
    0.8806262231E-02     1.692443755        -2.019873396        0.4353057821        -4.298055607         3.659098061        -3.535949552    
    0.1076320939E-01     1.692443755        -2.019873396        0.4383114291        -4.322616017         3.641592464        -3.564747684    
    0.1272015656E-01     1.692443755        -2.019873396        0.4427548840        -4.346265381         3.622518931        -3.592762119    
    0.1467710372E-01     1.692443755        -2.019873396        0.4486220445        -4.369019290         3.601915277        -3.619996960    
    0.1663405088E-01     1.692443755        -2.019873396        0.4558976276        -4.390894126         3.579820060        -3.646457334    
    0.1859099804E-01     1.692443755        -2.019873396        0.4645652088        -4.411907000         3.556272502        -3.672149361    
    0.2054794521E-01     1.692443755        -2.019873396        0.4746072674        -4.432075691         3.531312400        -3.697080124    
    0.2250489237E-01     1.692443755        -2.019873396        0.4860052250        -4.451418592         3.504980045        -3.721257635    
    0.2446183953E-01     1.692443755        -2.019873396        0.4987394902        -4.469954643         3.477316144        -3.744690801    
    0.2641878669E-01     1.692443755        -2.019873396        0.5127894971        -4.487703282         3.448361741        -3.767389397    
    0.2837573386E-01     1.692443755        -2.019873396        0.5281337520        -4.504684379         3.418158136        -3.789364026    
    0.3033268102E-01     1.692443755        -2.019873396        0.5447498791        -4.520918197         3.386746814        -3.810626091    
    0.3228962818E-01     1.692443755        -2.019873396        0.5626146646        -4.536425329         3.354169366        -3.831187758    
    0.3424657534E-01     1.692443755        -2.019873396        0.5817040939        -4.551226646         3.320467425        -3.851061927    
    0.3620352250E-01     1.692443755        -2.019873396        0.6019933930        -4.565343238         3.285682589        -3.870262195    
    0.3816046967E-01     1.692443755        -2.019873396        0.6234570644        -4.578796366         3.249856354        -3.888802822    
    0.4011741683E-01     1.692443755        -2.019873396        0.6460689273        -4.591607402         3.213030054        -3.906698700    
    0.4207436399E-01     1.692443755        -2.019873396        0.6698021511        -4.603797781         3.175244788        -3.923965317    
    0.4403131115E-01     1.692443755        -2.019873396        0.6946292946        -4.615388944         3.136541367        -3.940618721    
    0.4598825832E-01     1.692443755        -2.019873396        0.7205223379        -4.626402295         3.096960249        -3.956675491    
    0.4794520548E-01     1.692443755        -2.019873396        0.7474527189        -4.636859145         3.056541483        -3.972152698    
    0.4990215264E-01     1.692443755        -2.019873396        0.7753913642        -4.646780667         3.015324656        -3.987067870    
    0.5185909980E-01     1.692443755        -2.019873396        0.8043087238        -4.656187848         2.973348838        -4.001438961    
    0.5381604697E-01     1.692443755        -2.019873396        0.8341747992        -4.665101442         2.930652534        -4.015284309    
    0.5577299413E-01     1.692443755        -2.019873396        0.8649591768        -4.673541927         2.887273633        -4.028622605    
    0.5772994129E-01     1.692443755        -2.019873396        0.8966310544        -4.681529461         2.843249366        -4.041472853    
    0.5968688845E-01     1.692443755        -2.019873396        0.9291592716        -4.689083840         2.798616258        -4.053854330    
    0.6164383562E-01     1.692443755        -2.019873396        0.9625123351        -4.696224459         2.753410094        -4.065786551    
    0.6360078278E-01     1.692443755        -2.019873396        0.9966584471        -4.702970267         2.707665875        -4.077289224    
    0.6555772994E-01     1.692443755        -2.019873396         1.031565528        -4.709339740         2.661417789        -4.088382207    
    0.6751467710E-01     1.692443755        -2.019873396         1.067201244        -4.715350832         2.614699172        -4.099085465    
    0.6947162427E-01     1.692443755        -2.019873396         1.103533026        -4.721020952         2.567542480        -4.109419020    
    0.7142857143E-01     1.692443755        -2.019873396         1.140528097        -4.726366921         2.519979267        -4.119402896    
    0.7338551859E-01     1.692443755        -2.019873396         1.178153490        -4.731404949         2.472040155        -4.129057072    
    0.7534246575E-01     1.692443755        -2.019873396         1.216376070        -4.736150598         2.423754820        -4.138401410    
    0.7729941292E-01     1.692443755        -2.019873396         1.255162554        -4.740618763         2.375151972        -4.147455602    
    0.7925636008E-01     1.692443755        -2.019873396         1.294479537        -4.744823702         2.326259360        -4.156239133    
    0.8121330724E-01     1.692443755        -2.019873396         1.334293514        -4.748779040         2.277103763        -4.164771220    
    0.8317025440E-01     1.692443755        -2.019873396         1.374570909        -4.752497755         2.227710990        -4.173070732    
    0.8512720157E-01     1.692443755        -2.019873396         1.415278086        -4.755992153         2.178105879        -4.181156095    
    0.8708414873E-01     1.692443755        -2.019873396         1.456381382        -4.759273852         2.128312301        -4.189045182    
    0.8904109589E-01     1.692443755        -2.019873396         1.497847112        -4.762353762         2.078353175        -4.196755204    
    0.9099804305E-01     1.692443755        -2.019873396         1.539641603        -4.765242072         2.028250498        -4.204302578    
    0.9295499022E-01     1.692443755        -2.019873396         1.581731202        -4.767948235         1.978025368        -4.211702791    
    0.9491193738E-01     1.692443755        -2.019873396         1.624082298        -4.770480954         1.927698041        -4.218970260    
    0.9686888454E-01     1.692443755        -2.019873396         1.666661339        -4.772848174         1.877287981        -4.226118179    
    0.9882583170E-01     1.692443755        -2.019873396         1.709434850        -4.775057068         1.826813933        -4.233158369    
    0.1007827789         1.692443755        -2.019873396         1.752369447        -4.777114034         1.776294011        -4.240101136    
    0.1027397260         1.692443755        -2.019873396         1.795431855        -4.779024688         1.725745794        -4.246955140    
    0.1046966732         1.692443755        -2.019873396         1.838588922        -4.780793855         1.675186436        -4.253727286    
    0.1066536204         1.692443755        -2.019873396         1.881807634        -4.782425571         1.624632781        -4.260422642    
    0.1086105675         1.692443755        -2.019873396         1.925055132        -4.783923080         1.574101491        -4.267044397    
    0.1105675147         1.692443755        -2.019873396         1.968298722        -4.785288832         1.523609166        -4.273593854    
    0.1125244618         1.692443755        -2.019873396         2.011505891        -4.786524486         1.473172465        -4.280070457    
    0.1144814090         1.692443755        -2.019873396         2.054644321        -4.787630913         1.422808216        -4.286471862    
    0.1164383562         1.692443755        -2.019873396         2.097681902        -4.788608200         1.372533520        -4.292794026    
    0.1183953033         1.692443755        -2.019873396         2.140586743        -4.789455656         1.322365837        -4.299031325    
    0.1203522505         1.692443755        -2.019873396         2.183327187        -4.790171817         1.272323060        -4.305176680    
    0.1223091977         1.692443755        -2.019873396         2.225871821        -4.790754458         1.222423580        -4.311221692    
    0.1242661448         1.692443755        -2.019873396         2.268189491        -4.791200599         1.172686329        -4.317156772    
    0.1262230920         1.692443755        -2.019873396         2.310249311        -4.791506523         1.123130816        -4.322971276    
    0.1281800391         1.692443755        -2.019873396         2.352020690        -4.791667821         1.073777146        -4.328653661    
    0.1301369863         1.692443755        -2.019873396         2.393473378        -4.791679501         1.024646005        -4.334191692    
    0.1320939335         1.692443755        -2.019873396         2.434577487        -4.791536029        0.9757586581        -4.339572569    
    0.1340508806         1.692443755        -2.019873396         2.475303511        -4.791231339        0.9271369369        -4.344783018    
    0.1360078278         1.692443755        -2.019873396         2.515622347        -4.790758859        0.8788032314        -4.349809378    
    0.1379647750         1.692443755        -2.019873396         2.555505306        -4.790111522        0.8307804695        -4.354637674    
    0.1399217221         1.692443755        -2.019873396         2.594924138        -4.789281790        0.7830920973        -4.359253688    
    0.1418786693         1.692443755        -2.019873396         2.633851043        -4.788261674        0.7357620539        -4.363643017    
    0.1438356164         1.692443755        -2.019873396         2.672258690        -4.787042755        0.6888147450        -4.367791130    
    0.1457925636         1.692443755        -2.019873396         2.710120233        -4.785616205        0.6422750131        -4.371683413    
    0.1477495108         1.692443755        -2.019873396         2.747409329        -4.783972814        0.5961681071        -4.375305220    
    0.1497064579         1.692443755        -2.019873396         2.784100154        -4.782103008        0.5505196485        -4.378641907    
    0.1516634051         1.692443755        -2.019873396         2.820167413        -4.779996879        0.5053555978        -4.381678871    
    0.1536203523         1.692443755        -2.019873396         2.855586365        -4.777644205        0.4607022189        -4.384401585    
    0.1555772994         1.692443755        -2.019873396         2.890332829        -4.775034481        0.4165860423        -4.386795627    
    0.1575342466         1.692443755        -2.019873396         2.924383205        -4.772156939        0.3730338278        -4.388846709    
    0.1594911937         1.692443755        -2.019873396         2.957714484        -4.769000580        0.3300725262        -4.390540707    
    0.1614481409         1.692443755        -2.019873396         2.990304267        -4.765554196        0.2877292400        -4.391863678    
    0.1634050881         1.692443755        -2.019873396         3.022130772        -4.761806401        0.2460311845        -4.392801892    
    0.1653620352         1.692443755        -2.019873396         3.053172855        -4.757745656        0.2050056467        -4.393341848    
    0.1673189824         1.692443755        -2.019873396         3.083410016        -4.753360299        0.1646799461        -4.393470296    
    0.1692759295         1.692443755        -2.019873396         3.112822416        -4.748638568        0.1250813923        -4.393174258    
    0.1712328767         1.692443755        -2.019873396         3.141390888        -4.743568634        0.8623724567E-01    -4.392441044    
    0.1731898239         1.692443755        -2.019873396         3.169096947        -4.738138627        0.4817467433E-01    -4.391258272    
    0.1751467710         1.692443755        -2.019873396         3.195922805        -4.732336662        0.1092071523E-01    -4.389613883    
    0.1771037182         1.692443755        -2.019873396         3.221851386        -4.726150884       -0.2549777944E-01    -4.387496168    
    0.1790606654         1.692443755        -2.019873396         3.246866418        -4.719569623       -0.6105426852E-01    -4.384893906    
    0.1810176125         1.692443755        -2.019873396         3.270952517        -4.712581530       -0.9572264052E-01    -4.381796472    
    0.1829745597         1.692443755        -2.019873396         3.294095199        -4.705175609       -0.1294772708        -4.378193857    
    0.1849315068         1.692443755        -2.019873396         3.316280901        -4.697341245       -0.1622930719        -4.374076681    
    0.1868884540         1.692443755        -2.019873396         3.337496993        -4.689068224       -0.1941455420        -4.369436204    
    0.1888454012         1.692443755        -2.019873396         3.357731789        -4.680346760       -0.2250108140        -4.364264332    
    0.1908023483         1.692443755        -2.019873396         3.376974559        -4.671167515       -0.2548657011        -4.358553632    
    0.1927592955         1.692443755        -2.019873396         3.395215537        -4.661521622       -0.2836877432        -4.352297331    
    0.1947162427         1.692443755        -2.019873396         3.412445930        -4.651400707       -0.3114552504        -4.345489330    
    0.1966731898         1.692443755        -2.019873396         3.428657926        -4.640796903       -0.3381473460        -4.338124205    
    0.1986301370         1.692443755        -2.019873396         3.443844696        -4.629702876       -0.3637440070        -4.330197214    
    0.2005870841         1.692443755        -2.019873396         3.458000405        -4.618111838       -0.3882261040        -4.321704295    
    0.2025440313         1.692443755        -2.019873396         3.471120205        -4.606017564       -0.4115754379        -4.312642076    
    0.2045009785         1.692443755        -2.019873396         3.483200244        -4.593414409       -0.4337747766        -4.303007870    
    0.2064579256         1.692443755        -2.019873396         3.494237663        -4.580297318       -0.4548078876        -4.292799677    
    0.2084148728         1.692443755        -2.019873396         3.504230596        -4.566661843       -0.4746595711        -4.282016185    
    0.2103718200         1.692443755        -2.019873396         3.513178163        -4.552504152       -0.4933156884        -4.270656765    
    0.2123287671         1.692443755        -2.019873396         3.521080472        -4.537821039       -0.5107631906        -4.258721467    
    0.2142857143         1.692443755        -2.019873396         3.527938605        -4.522609933       -0.5269901433        -4.246211022    
    0.2162426614         1.692443755        -2.019873396         3.533754621        -4.506868906       -0.5419857505        -4.233126828    
    0.2181996086         1.692443755        -2.019873396         3.538531536        -4.490596677       -0.5557403744        -4.219470952    
    0.2201565558         1.692443755        -2.019873396         3.542273323        -4.473792617       -0.5682455560        -4.205246118    
    0.2221135029         1.692443755        -2.019873396         3.544984893        -4.456456754       -0.5794940287        -4.190455697    
    0.2240704501         1.692443755        -2.019873396         3.546672089        -4.438589772       -0.5894797351        -4.175103703    
    0.2260273973         1.692443755        -2.019873396         3.547341665        -4.420193013       -0.5981978378        -4.159194782    
    0.2279843444         1.692443755        -2.019873396         3.547001323        -4.401268533       -0.6056447900        -4.142734252    
    0.2299412916         1.692443755        -2.019873396         3.545659829        -4.381819270       -0.6118185268        -4.125728268    
    0.2318982387         1.692443755        -2.019873396         3.543327039        -4.361849084       -0.6167185267        -4.108183846    
    0.2338551859         1.692443755        -2.019873396         3.540013872        -4.341362747       -0.6203458122        -4.090108846    
    0.2358121331         1.692443755        -2.019873396         3.535732295        -4.320365923       -0.6227029513        -4.071511948    
    0.2377690802         1.692443755        -2.019873396         3.530495289        -4.298865160       -0.6237940508        -4.052402625    
    0.2397260274         1.692443755        -2.019873396         3.524316832        -4.276867864       -0.6236247495        -4.032791121    
    0.2416829746         1.692443755        -2.019873396         3.517211862        -4.254382281       -0.6222022046        -4.012688422    
    0.2436399217         1.692443755        -2.019873396         3.509196249        -4.231417479       -0.6195350783        -3.992106228    
    0.2455968689         1.692443755        -2.019873396         3.500286766        -4.207983319       -0.6156335171        -3.971056921    
    0.2475538160         1.692443755        -2.019873396         3.490501052        -4.184090435       -0.6105091316        -3.949553542    
    0.2495107632         1.692443755        -2.019873396         3.479857575        -4.159750204       -0.6041749689        -3.927609753    
    0.2514677104         1.692443755        -2.019873396         3.468375601        -4.134974719       -0.5966454864        -3.905239805    
    0.2534246575         1.692443755        -2.019873396         3.456075152        -4.109776761       -0.5879365176        -3.882458510    
    0.2553816047         1.692443755        -2.019873396         3.442976968        -4.084169766       -0.5780652400        -3.859281202    
    0.2573385519         1.692443755        -2.019873396         3.429102464        -4.058167797       -0.5670501348        -3.835723707    
    0.2592954990         1.692443755        -2.019873396         3.414473695        -4.031785507       -0.5549109491        -3.811802302    
    0.2612524462         1.692443755        -2.019873396         3.399113305        -4.005038106       -0.5416686508        -3.787533685    
    0.2632093933         1.692443755        -2.019873396         3.383044494        -3.977941327       -0.5273453847        -3.762934938    
    0.2651663405         1.692443755        -2.019873396         3.366290964        -3.950511393       -0.5119644231        -3.738023487    
    0.2671232877         1.692443755        -2.019873396         3.348876882        -3.922764971       -0.4955501172        -3.712817068    
    0.2690802348         1.692443755        -2.019873396         3.330826831        -3.894719146       -0.4781278434        -3.687333692    
    0.2710371820         1.692443755        -2.019873396         3.312165768        -3.866391375       -0.4597239504        -3.661591602    
    0.2729941292         1.692443755        -2.019873396         3.292918973        -3.837799454       -0.4403657025        -3.635609242    
    0.2749510763         1.692443755        -2.019873396         3.273112012        -3.808961473       -0.4200812216        -3.609405215    
    0.2769080235         1.692443755        -2.019873396         3.252770691        -3.779895798       -0.3988994441        -3.582998262    
    0.2788649706         1.692443755        -2.019873396         3.231921144        -3.750621162       -0.3768502180        -3.556407338    
    0.2808219178         1.692443755        -2.019873396         3.210589900        -3.721156772       -0.3539643995        -3.529651695    
    0.2827788650         1.692443755        -2.019873396         3.188803853        -3.691522265       -0.3302738015        -3.502750845    
    0.2847358121         1.692443755        -2.019873396         3.166590192        -3.661737657       -0.3058111130        -3.475724511    
    0.2866927593         1.692443755        -2.019873396         3.143976352        -3.631823281       -0.2806098246        -3.448592575    
    0.2886497065         1.692443755        -2.019873396         3.120989953        -3.601799736       -0.2547041470        -3.421375036    
    0.2906066536         1.692443755        -2.019873396         3.097658744        -3.571687831       -0.2281289337        -3.394091953    
    0.2925636008         1.692443755        -2.019873396         3.074010546        -3.541508531       -0.2009195983        -3.366763405    
    0.2945205479         1.692443755        -2.019873396         3.050073200        -3.511282901       -0.1731120358        -3.339409439    
    0.2964774951         1.692443755        -2.019873396         3.025874503        -3.481032055       -0.1447425394        -3.312050028    
    0.2984344423         1.692443755        -2.019873396         3.001442165        -3.450777103       -0.1158477215        -3.284705027    
    0.3003913894         1.692443755        -2.019873396         2.976803745        -3.420539100       -0.8646443058E-01    -3.257394128    
    0.3023483366         1.692443755        -2.019873396         2.951986609        -3.390338994       -0.5662967343E-01    -3.230136816    
    0.3043052838         1.692443755        -2.019873396         2.927017870        -3.360197582       -0.2638053330E-01    -3.202952332    
    0.3062622309         1.692443755        -2.019873396         2.901924348        -3.330135456        0.4245906431E-02    -3.175859634    
    0.3082191781         1.692443755        -2.019873396         2.876732513        -3.300172965        0.3521264170E-01    -3.148877355    
    0.3101761252         1.692443755        -2.019873396         2.851468446        -3.270330160        0.6648282150E-01    -3.122023772    
    0.3121330724         1.692443755        -2.019873396         2.826157790        -3.240626764        0.9801982429E-01    -3.095316766    
    0.3140900196         1.692443755        -2.019873396         2.800825714        -3.211082119        0.1297873283        -3.068773796    
    0.3160469667         1.692443755        -2.019873396         2.775496861        -3.181715158        0.1617493841        -3.042411861    
    0.3180039139         1.692443755        -2.019873396         2.750195324        -3.152544356        0.1938704808        -3.016247475    
    0.3199608611         1.692443755        -2.019873396         2.724944596        -3.123587706        0.2261156141        -2.990296641    
    0.3219178082         1.692443755        -2.019873396         2.699767547        -3.094862679        0.2584503477        -2.964574819    
    0.3238747554         1.692443755        -2.019873396         2.674686383        -3.066386197        0.2908408757        -2.939096912    
    0.3258317025         1.692443755        -2.019873396         2.649722623        -3.038174598        0.3232540792        -2.913877234    
    0.3277886497         1.692443755        -2.019873396         2.624897100        -3.010243654        0.3556575315        -2.888929534    
    0.3297455969         1.692443755        -2.019873396         2.600230072        -2.982608678        0.3880193583        -2.864267092    
    0.3317025440         1.692443755        -2.019873396         2.575741226        -2.955284540        0.4203082376        -2.839902745    
    0.3336594912         1.692443755        -2.019873396         2.551449646        -2.928285622        0.4524934640        -2.815848847    
    0.3356164384         1.692443755        -2.019873396         2.527373777        -2.901625795        0.4845450169        -2.792117249    
    0.3375733855         1.692443755        -2.019873396         2.503531394        -2.875318373        0.5164336200        -2.768719267    
    0.3395303327         1.692443755        -2.019873396         2.479939569        -2.849376091        0.5481308024        -2.745665665    
    0.3414872798         1.692443755        -2.019873396         2.456614652        -2.823811072        0.5796089505        -2.722966626    
    0.3434442270         1.692443755        -2.019873396         2.433572236        -2.798634806        0.6108413618        -2.700631741    
    0.3454011742         1.692443755        -2.019873396         2.410827151        -2.773858126        0.6418022886        -2.678669989    
    0.3473581213         1.692443755        -2.019873396         2.388393428        -2.749491188        0.6724669834        -2.657089724    
    0.3493150685         1.692443755        -2.019873396         2.366284302        -2.725543457        0.7028117350        -2.635898664    
    0.3512720157         1.692443755        -2.019873396         2.344512184        -2.702023692        0.7328139059        -2.615103886    
    0.3532289628         1.692443755        -2.019873396         2.323088661        -2.678939935        0.7624519592        -2.594711812    
    0.3551859100         1.692443755        -2.019873396         2.302024485        -2.656299506        0.7917054886        -2.574728212    
    0.3571428571         1.692443755        -2.019873396         2.281329570        -2.634108990        0.8205552372        -2.555158200    
    0.3590998043         1.692443755        -2.019873396         2.261012987        -2.612374244        0.8489831187        -2.536006234    
    0.3610567515         1.692443755        -2.019873396         2.241082972        -2.591100387        0.8769722286        -2.517276116    
    0.3630136986         1.692443755        -2.019873396         2.221546916        -2.570291812        0.9045068579        -2.498971005    
    0.3649706458         1.692443755        -2.019873396         2.202411386        -2.549952179        0.9315724958        -2.481093412    
    0.3669275930         1.692443755        -2.019873396         2.183682116        -2.530084432        0.9581558367        -2.463645217    
    0.3688845401         1.692443755        -2.019873396         2.165364035        -2.510690799        0.9842447749        -2.446627676    
    0.3708414873         1.692443755        -2.019873396         2.147461259        -2.491772811         1.009828405        -2.430041434    
    0.3727984344         1.692443755        -2.019873396         2.129977121        -2.473331305         1.034897010        -2.413886533    
    0.3747553816         1.692443755        -2.019873396         2.112914173        -2.455366449         1.059442056        -2.398162435    
    0.3767123288         1.692443755        -2.019873396         2.096274219        -2.437877752         1.083456165        -2.382868035    
    0.3786692759         1.692443755        -2.019873396         2.080058367        -2.420864138         1.106933038        -2.368001725    
    0.3806262231         1.692443755        -2.019873396         2.064267118        -2.404324015         1.129867339        -2.353561456    
    0.3825831703         1.692443755        -2.019873396         2.048900371        -2.388255301         1.152254690        -2.339544762    
    0.3845401174         1.692443755        -2.019873396         2.033957441        -2.372655421         1.174091661        -2.325948760    
    0.3864970646         1.692443755        -2.019873396         2.019437058        -2.357521325         1.195375766        -2.312770166    
    0.3884540117         1.692443755        -2.019873396         2.005337396        -2.342849489         1.216105447        -2.300005301    
    0.3904109589         1.692443755        -2.019873396         1.991656065        -2.328635944         1.236280067        -2.287650109    
    0.3923679061         1.692443755        -2.019873396         1.978390151        -2.314876274         1.255899887        -2.275700168    
    0.3943248532         1.692443755        -2.019873396         1.965536208        -2.301565646         1.274966053        -2.264150707    
    0.3962818004         1.692443755        -2.019873396         1.953090298        -2.288698820         1.293480568        -2.252996624    
    0.3982387476         1.692443755        -2.019873396         1.941047991        -2.276270176         1.311446274        -2.242232501    
    0.4001956947         1.692443755        -2.019873396         1.929404405        -2.264273723         1.328866821        -2.231852625    
    0.4021526419         1.692443755        -2.019873396         1.918154201        -2.252703139         1.345746646        -2.221851009    
    0.4041095890         1.692443755        -2.019873396         1.907291636        -2.241551771         1.362090938        -2.212221405    
    0.4060665362         1.692443755        -2.019873396         1.896810551        -2.230812683         1.377905613        -2.202957338    
    0.4080234834         1.692443755        -2.019873396         1.886704425        -2.220478656         1.393197275        -2.194052112    
    0.4099804305         1.692443755        -2.019873396         1.876966367        -2.210542235         1.407973196        -2.185498847    
    0.4119373777         1.692443755        -2.019873396         1.867589167        -2.200995736         1.422241270        -2.177290485    
    0.4138943249         1.692443755        -2.019873396         1.858565291        -2.191831289         1.436009991        -2.169419830    
    0.4158512720         1.692443755        -2.019873396         1.849886931        -2.183040846         1.449288412        -2.161879555    
    0.4178082192         1.692443755        -2.019873396         1.841545994        -2.174616227         1.462086118        -2.154662235    
    0.4197651663         1.692443755        -2.019873396         1.833534159        -2.166549125         1.474413186        -2.147760362    
    0.4217221135         1.692443755        -2.019873396         1.825842857        -2.158831158         1.486280159        -2.141166377    
    0.4236790607         1.692443755        -2.019873396         1.818463336        -2.151453867         1.497698009        -2.134872680    
    0.4256360078         1.692443755        -2.019873396         1.811386629        -2.144408774         1.508678112        -2.128871666    
    0.4275929550         1.692443755        -2.019873396         1.804603631        -2.137687385         1.519232198        -2.123155740    
    0.4295499022         1.692443755        -2.019873396         1.798105100        -2.131281285         1.529372277        -2.117717387    
    0.4315068493         1.692443755        -2.019873396         1.791881726        -2.125182143         1.539110589        -2.112549185    
    0.4334637965         1.692443755        -2.019873396         1.785924090        -2.119381765         1.548459605        -2.107643837    
    0.4354207436         1.692443755        -2.019873396         1.780222719        -2.113872075         1.557431999        -2.102994167    
    0.4373776908         1.692443755        -2.019873396         1.774768027        -2.108645174         1.566040659        -2.098593157    
    0.4393346380         1.692443755        -2.019873396         1.769550382        -2.103693320         1.574298655        -2.094433937    
    0.4412915851         1.692443755        -2.019873396         1.764560039        -2.099008993         1.582219253        -2.090509829    
    0.4432485323         1.692443755        -2.019873396         1.759787205        -2.094584876         1.589815889        -2.086814340    
    0.4452054795         1.692443755        -2.019873396         1.755221967        -2.090413923         1.597102180        -2.083341201    
    0.4471624266         1.692443755        -2.019873396         1.750854359        -2.086489340         1.604091905        -2.080084365    
    0.4491193738         1.692443755        -2.019873396         1.746674275        -2.082804661         1.610799026        -2.077038048    
    0.4510763209         1.692443755        -2.019873396         1.742671543        -2.079353725         1.617237659        -2.074196730    
    0.4530332681         1.692443755        -2.019873396         1.738835823        -2.076130766         1.623422114        -2.071555195    
    0.4549902153         1.692443755        -2.019873396         1.735156686        -2.073130382         1.629366865        -2.069108534    
    0.4569471624         1.692443755        -2.019873396         1.731623487        -2.070347645         1.635086598        -2.066852192    
    0.4589041096         1.692443755        -2.019873396         1.728225461        -2.067778057         1.640596190        -2.064781965    
    0.4608610568         1.692443755        -2.019873396         1.724951560        -2.065417682         1.645910765        -2.062894061    
    0.4628180039         1.692443755        -2.019873396         1.721790566        -2.063263097         1.651045674        -2.061185092    
    0.4647749511         1.692443755        -2.019873396         1.718730893        -2.061311548         1.656016574        -2.059652143    
    0.4667318982         1.692443755        -2.019873396         1.715760715        -2.059560884         1.660839409        -2.058292762    
    0.4686888454         1.692443755        -2.019873396         1.712867720        -2.058009753         1.665530504        -2.057105048    
    0.4706457926         1.692443755        -2.019873396         1.710039267        -2.056657521         1.670106554        -2.056087629    
    0.4726027397         1.692443755        -2.019873396         1.707262076        -2.055504510         1.674584746        -2.055239774    
    0.4745596869         1.692443755        -2.019873396         1.704522416        -2.054551895         1.678982741        -2.054561363    
    0.4765166341         1.692443755        -2.019873396         1.701805717        -2.053802005         1.683318837        -2.054053019    
    0.4784735812         1.692443755        -2.019873396         1.699096812        -2.053258189         1.687611948        -2.053716076    
    0.4804305284         1.692443755        -2.019873396         1.696379422        -2.052925201         1.691881811        -2.053552745    
    0.4823874755         1.692443755        -2.019873396         1.693636499        -2.052809010         1.696148953        -2.053566054    
    0.4843444227         1.692443755        -2.019873396         1.690849509        -2.052917328         1.700434977        -2.053760083    
    0.4863013699         1.692443755        -2.019873396         1.687998959        -2.053259302         1.704762483        -2.054139854    
    0.4882583170         1.692443755        -2.019873396         1.685063353        -2.053846279         1.709155479        -2.054711663    
    0.4902152642         1.692443755        -2.019873396         1.682020060        -2.054691275         1.713639213        -2.055482885    
    0.4921722114         1.692443755        -2.019873396         1.678843649        -2.055810179         1.718240796        -2.056462487    
    0.4941291585         1.692443755        -2.019873396         1.675507587        -2.057220667         1.722988813        -2.057660610    
    0.4960861057         1.692443755        -2.019873396         1.671981012        -2.058944502         1.727914440        -2.059089524    
    0.4980430528         1.692443755        -2.019873396         1.668233176        -2.061004573         1.733050243        -2.060762467    
    0.5000000000         1.692443755        -2.019873396         1.664223437        -2.063431924         1.738433449        -2.062696496    
