   -0.5000000000         3.738543439        -3.323118344         3.706905292        -3.426535297         3.678641162        -3.462075488    
   -0.4980430528         3.738543439        -3.323118344         3.697430082        -3.429573418         3.663958274        -3.465315570    
   -0.4960861057         3.738543439        -3.323118344         3.687948963        -3.433246631         3.648974086        -3.469210679    
   -0.4941291585         3.738543439        -3.323118344         3.678401334        -3.437543850         3.633639066        -3.473761270    
   -0.4921722114         3.738543439        -3.323118344         3.668744747        -3.442453887         3.617906884        -3.478967638    
   -0.4902152642         3.738543439        -3.323118344         3.658933239        -3.447970080         3.601733130        -3.484833006    
   -0.4882583170         3.738543439        -3.323118344         3.648927730        -3.454087300         3.585075842        -3.491361599    
   -0.4863013699         3.738543439        -3.323118344         3.638689209        -3.460803237         3.567895069        -3.498559506    
   -0.4843444227         3.738543439        -3.323118344         3.628182950        -3.468116971         3.550153102        -3.506433759    
   -0.4823874755         3.738543439        -3.323118344         3.617375111        -3.476029503         3.531814267        -3.514992680    
   -0.4804305284         3.738543439        -3.323118344         3.606235020        -3.484542861         3.512845082        -3.524245301    
   -0.4784735812         3.738543439        -3.323118344         3.594733128        -3.493660351         3.493214166        -3.534201510    
   -0.4765166341         3.738543439        -3.323118344         3.582842464        -3.503385926         3.472892375        -3.544871628    
   -0.4745596869         3.738543439        -3.323118344         3.570537280        -3.513724301         3.451852778        -3.556266462    
   -0.4726027397         3.738543439        -3.323118344         3.557794064        -3.524680471         3.430070789        -3.568396962    
   -0.4706457926         3.738543439        -3.323118344         3.544590596        -3.536259759         3.407524195        -3.581274223    
   -0.4686888454         3.738543439        -3.323118344         3.530906710        -3.548467422         3.384193285        -3.594909198    
   -0.4667318982         3.738543439        -3.323118344         3.516723605        -3.561308664         3.360060910        -3.609312664    
   -0.4647749511         3.738543439        -3.323118344         3.502024451        -3.574788304         3.335112620        -3.624494967    
   -0.4628180039         3.738543439        -3.323118344         3.486793872        -3.588910759         3.309336740        -3.640465969    
   -0.4608610568         3.738543439        -3.323118344         3.471018453        -3.603679768         3.282724508        -3.657234822    
   -0.4589041096         3.738543439        -3.323118344         3.454686341        -3.619098353         3.255270165        -3.674809895    
   -0.4569471624         3.738543439        -3.323118344         3.437787676        -3.635168580         3.226971090        -3.693198569    
   -0.4549902153         3.738543439        -3.323118344         3.420314284        -3.651891510         3.197827894        -3.712407158    
   -0.4530332681         3.738543439        -3.323118344         3.402260049        -3.669266992         3.167844548        -3.732440719    
   -0.4510763209         3.738543439        -3.323118344         3.383620672        -3.687293607         3.137028476        -3.753302966    
   -0.4491193738         3.738543439        -3.323118344         3.364393995        -3.705968488         3.105390672        -3.774996097    
   -0.4471624266         3.738543439        -3.323118344         3.344579812        -3.725287264         3.072945779        -3.797520714    
   -0.4452054795         3.738543439        -3.323118344         3.324180148        -3.745243902         3.039712196        -3.820875654    
   -0.4432485323         3.738543439        -3.323118344         3.303199105        -3.765830658         3.005712142        -3.845057919    
   -0.4412915851         3.738543439        -3.323118344         3.281643110        -3.787037936         2.970971735        -3.870062525    
   -0.4393346380         3.738543439        -3.323118344         3.259520780        -3.808854248         2.935521042        -3.895882432    
   -0.4373776908         3.738543439        -3.323118344         3.236843136        -3.831266100         2.899394131        -3.922508418    
   -0.4354207436         3.738543439        -3.323118344         3.213623485        -3.854257959         2.862629096        -3.949929011    
   -0.4334637965         3.738543439        -3.323118344         3.189877602        -3.877812158         2.825268074        -3.978130390    
   -0.4315068493         3.738543439        -3.323118344         3.165623617        -3.901908883         2.787357245        -4.007096329    
   -0.4295499022         3.738543439        -3.323118344         3.140882167        -3.926526098         2.748946815        -4.036808111    
   -0.4275929550         3.738543439        -3.323118344         3.115676282        -3.951639549         2.710090978        -4.067244499    
   -0.4256360078         3.738543439        -3.323118344         3.090031505        -3.977222714         2.670847864        -4.098381669    
   -0.4236790607         3.738543439        -3.323118344         3.063975785        -4.003246818         2.631279474        -4.130193194    
   -0.4217221135         3.738543439        -3.323118344         3.037539657        -4.029680710         2.591451752        -4.162649880    
   -0.4197651663         3.738543439        -3.323118344         3.010756366        -4.056490663         2.551434856        -4.195719494    
   -0.4178082192         3.738543439        -3.323118344         2.983662005        -4.083640286         2.511303169        -4.229366642    
   -0.4158512720         3.738543439        -3.323118344         2.956295421        -4.111090547         2.471135203        -4.263552747    
   -0.4138943249         3.738543439        -3.323118344         2.928698294        -4.138799752         2.431013493        -4.298236007    
   -0.4119373777         3.738543439        -3.323118344         2.900915022        -4.166723589         2.391024459        -4.333371394    
   -0.4099804305         3.738543439        -3.323118344         2.872992768        -4.194815136         2.351258265        -4.368910634    
   -0.4080234834         3.738543439        -3.323118344         2.844981337        -4.223024923         2.311808631        -4.404802236    
   -0.4060665362         3.738543439        -3.323118344         2.816933182        -4.251300972         2.272772644        -4.440991503    
   -0.4041095890         3.738543439        -3.323118344         2.788903268        -4.279588882         2.234250529        -4.477420580    
   -0.4021526419         3.738543439        -3.323118344         2.760949045        -4.307831899         2.196345418        -4.514028500    
   -0.4001956947         3.738543439        -3.323118344         2.733130289        -4.335971027         2.159163072        -4.550751264    
   -0.3982387476         3.738543439        -3.323118344         2.705509048        -4.363945124         2.122811605        -4.587521913    
   -0.3962818004         3.738543439        -3.323118344         2.678149457        -4.391691042         2.087401170        -4.624270641    
   -0.3943248532         3.738543439        -3.323118344         2.651117653        -4.419143752         2.053043632        -4.660924899    
   -0.3923679061         3.738543439        -3.323118344         2.624481571        -4.446236506         2.019852222        -4.697409536    
   -0.3904109589         3.738543439        -3.323118344         2.598310826        -4.472900995         1.987941167        -4.733646942    
   -0.3884540117         3.738543439        -3.323118344         2.572676487        -4.499067536         1.957425308        -4.769557214    
   -0.3864970646         3.738543439        -3.323118344         2.547650933        -4.524665249         1.928419700        -4.805058329    
   -0.3845401174         3.738543439        -3.323118344         2.523307604        -4.549622277         1.901039195        -4.840066346    
   -0.3825831703         3.738543439        -3.323118344         2.499720832        -4.573865984         1.875398013        -4.874495606    
   -0.3806262231         3.738543439        -3.323118344         2.476965572        -4.597323192         1.851609305        -4.908258960    
   -0.3786692759         3.738543439        -3.323118344         2.455117214        -4.619920408         1.829784700        -4.941268000    
   -0.3767123288         3.738543439        -3.323118344         2.434251292        -4.641584073         1.810033850        -4.973433313    
   -0.3747553816         3.738543439        -3.323118344         2.414443276        -4.662240813         1.792463965        -5.004664738    
   -0.3727984344         3.738543439        -3.323118344         2.395768304        -4.681817672         1.777179387        -5.034871606    
   -0.3708414873         3.738543439        -3.323118344         2.378301172        -4.700242150         1.764281443        -5.063962733    
   -0.3688845401         3.738543439        -3.323118344         2.362116198        -4.717442313         1.753868213        -5.091846505    
   -0.3669275930         3.738543439        -3.323118344         2.347287008        -4.733347031         1.746034097        -5.118431127    
   -0.3649706458         3.738543439        -3.323118344         2.333886241        -4.747886251         1.740869353        -5.143624911    
   -0.3630136986         3.738543439        -3.323118344         2.321985307        -4.760991261         1.738459649        -5.167336565    
   -0.3610567515         3.738543439        -3.323118344         2.311654086        -4.772594974         1.738885610        -5.189475500    
   -0.3590998043         3.738543439        -3.323118344         2.302960681        -4.782632192         1.742222376        -5.209952130    
   -0.3571428571         3.738543439        -3.323118344         2.295971110        -4.791039896         1.748539172        -5.228678192    
   -0.3551859100         3.738543439        -3.323118344         2.290749060        -4.797757517         1.757898884        -5.245567055    
   -0.3532289628         3.738543439        -3.323118344         2.287355580        -4.802727217         1.770357646        -5.260534052    
   -0.3512720157         3.738543439        -3.323118344         2.285848838        -4.805894160         1.785964456        -5.273496790    
   -0.3493150685         3.738543439        -3.323118344         2.286283819        -4.807206790         1.804760793        -5.284375484    
   -0.3473581213         3.738543439        -3.323118344         2.288712092        -4.806617086         1.826780266        -5.293093271    
   -0.3454011742         3.738543439        -3.323118344         2.293181518        -4.804080837         1.852048284        -5.299576540    
   -0.3434442270         3.738543439        -3.323118344         2.299736030        -4.799557880         1.880581746        -5.303755236    
   -0.3414872798         3.738543439        -3.323118344         2.308415363        -4.793012355         1.912388760        -5.305563184    
   -0.3395303327         3.738543439        -3.323118344         2.319254847        -4.784412930         1.947468395        -5.304938383    
   -0.3375733855         3.738543439        -3.323118344         2.332285159        -4.773733030         1.985810454        -5.301823311    
   -0.3356164384         3.738543439        -3.323118344         2.347532145        -4.760951037         2.027395292        -5.296165209    
   -0.3336594912         3.738543439        -3.323118344         2.365016594        -4.746050495         2.072193655        -5.287916355    
   -0.3317025440         3.738543439        -3.323118344         2.384754092        -4.729020284         2.120166566        -5.277034330    
   -0.3297455969         3.738543439        -3.323118344         2.406754830        -4.709854785         2.171265237        -5.263482267    
   -0.3277886497         3.738543439        -3.323118344         2.431023483        -4.688554023         2.225431031        -5.247229085    
   -0.3258317025         3.738543439        -3.323118344         2.457559067        -4.665123800         2.282595450        -5.228249708    
   -0.3238747554         3.738543439        -3.323118344         2.486354846        -4.639575797         2.342680177        -5.206525255    
   -0.3219178082         3.738543439        -3.323118344         2.517398299        -4.611927597         2.405597221        -5.182043131    
   -0.3199608611         3.738543439        -3.323118344         2.550671234        -4.582202572         2.471249209        -5.154796920    
   -0.3180039139         3.738543439        -3.323118344         2.586149753        -4.550429902         2.539529559        -5.124786472    
   -0.3160469667         3.738543439        -3.323118344         2.623804222        -4.516644621         2.610322621        -5.092018045    
   -0.3140900196         3.738543439        -3.323118344         2.663599223        -4.480887648         2.683503863        -5.056504424    
   -0.3121330724         3.738543439        -3.323118344         2.705493566        -4.443205787         2.758940089        -5.018265025    
   -0.3101761252         3.738543439        -3.323118344         2.749440281        -4.403651723         2.836489703        -4.977325977    
   -0.3082191781         3.738543439        -3.323118344         2.795386667        -4.362283979         2.916002993        -4.933720182    
   -0.3062622309         3.738543439        -3.323118344         2.843274330        -4.319166872         2.997322470        -4.887487351    
   -0.3043052838         3.738543439        -3.323118344         2.893039275        -4.274370424         3.080283223        -4.838674027    
   -0.3023483366         3.738543439        -3.323118344         2.944611984        -4.227970277         3.164713327        -4.787333571    
   -0.3003913894         3.738543439        -3.323118344         2.997917551        -4.180047562         3.250434269        -4.733526139    
   -0.2984344423         3.738543439        -3.323118344         3.052875802        -4.130688771         3.337261411        -4.677318626    
   -0.2964774951         3.738543439        -3.323118344         3.109401474        -4.079985583         3.425004489        -4.618784586    
   -0.2945205479         3.738543439        -3.323118344         3.167404377        -4.028034691         3.513468128        -4.558004141    
   -0.2925636008         3.738543439        -3.323118344         3.226789612        -3.974937597         3.602452400        -4.495063847    
   -0.2906066536         3.738543439        -3.323118344         3.287457773        -3.920800388         3.691753392        -4.430056553    
   -0.2886497065         3.738543439        -3.323118344         3.349305204        -3.865733496         3.781163807        -4.363081228    
   -0.2866927593         3.738543439        -3.323118344         3.412224242        -3.809851439         3.870473581        -4.294242766    
   -0.2847358121         3.738543439        -3.323118344         3.476103506        -3.753272542         3.959470520        -4.223651774    
   -0.2827788650         3.738543439        -3.323118344         3.540828175        -3.696118642         4.047940953        -4.151424329    
   -0.2808219178         3.738543439        -3.323118344         3.606280313        -3.638514779         4.135670399        -4.077681721    
   -0.2788649706         3.738543439        -3.323118344         3.672339175        -3.580588872         4.222444242        -4.002550171    
   -0.2769080235         3.738543439        -3.323118344         3.738881561        -3.522471378         4.308048418        -3.926160533    
   -0.2749510763         3.738543439        -3.323118344         3.805782148        -3.464294942         4.392270104        -3.848647977    
   -0.2729941292         3.738543439        -3.323118344         3.872913867        -3.406194034         4.474898407        -3.770151645    
   -0.2710371820         3.738543439        -3.323118344         3.940148241        -3.348304573         4.555724987        -3.690814264    
   -0.2690802348         3.738543439        -3.323118344         4.007355748        -3.290763555         4.634544670        -3.610781775    
   -0.2671232877         3.738543439        -3.323118344         4.074406153        -3.233708702         4.711156077        -3.530202984    
   -0.2651663405         3.738543439        -3.323118344         4.141168878        -3.177278091         4.785362266        -3.449229212    
   -0.2632093933         3.738543439        -3.323118344         4.207513350        -3.121609795         4.856971356        -3.368013932    
   -0.2612524462         3.738543439        -3.323118344         4.273309376        -3.066841505         4.925797143        -3.286712394    
   -0.2592954990         3.738543439        -3.323118344         4.338427500        -3.013110160         4.991659701        -3.205481247    
   -0.2573385519         3.738543439        -3.323118344         4.402739375        -2.960551572         5.054385968        -3.124478145    
   -0.2553816047         3.738543439        -3.323118344         4.466118127        -2.909300051         5.113810313        -3.043861355    
   -0.2534246575         3.738543439        -3.323118344         4.528438723        -2.859488032         5.169775082        -2.963789355    
   -0.2514677104         3.738543439        -3.323118344         4.589578323        -2.811245707         5.222131120        -2.884420428    
   -0.2495107632         3.738543439        -3.323118344         4.649416653        -2.764700658         5.270738271        -2.805912258    
   -0.2475538160         3.738543439        -3.323118344         4.707836339        -2.719977497         5.315465848        -2.728421525    
   -0.2455968689         3.738543439        -3.323118344         4.764723266        -2.677197513         5.356193074        -2.652103491    
   -0.2436399217         3.738543439        -3.323118344         4.819966903        -2.636478329         5.392809494        -2.577111601    
   -0.2416829746         3.738543439        -3.323118344         4.873460641        -2.597933562         5.425215351        -2.503597078    
   -0.2397260274         3.738543439        -3.323118344         4.925102096        -2.561672506         5.453321931        -2.431708529    
   -0.2377690802         3.738543439        -3.323118344         4.974793424        -2.527799809         5.477051873        -2.361591550    
   -0.2358121331         3.738543439        -3.323118344         5.022441605        -2.496415184         5.496339436        -2.293388349    
   -0.2338551859         3.738543439        -3.323118344         5.067958726        -2.467613113         5.511130735        -2.227237362    
   -0.2318982387         3.738543439        -3.323118344         5.111262235        -2.441482588         5.521383932        -2.163272896    
   -0.2299412916         3.738543439        -3.323118344         5.152275194        -2.418106844         5.527069393        -2.101624772    
   -0.2279843444         3.738543439        -3.323118344         5.190926501        -2.397563134         5.528169797        -2.042417984    
   -0.2260273973         3.738543439        -3.323118344         5.227151107        -2.379922503         5.524680211        -1.985772375    
   -0.2240704501         3.738543439        -3.323118344         5.260890200        -2.365249590         5.516608117        -1.931802322    
   -0.2221135029         3.738543439        -3.323118344         5.292091352        -2.353602471         5.503973360        -1.880616471    
   -0.2201565558         3.738543439        -3.323118344         5.320708550        -2.345032571         5.486807965        -1.832317576    
   -0.2181996086         3.738543439        -3.323118344         5.346702292        -2.339584550         5.465155999        -1.787002282    
   -0.2162426614         3.738543439        -3.323118344         5.370039681        -2.337296190         5.439073449        -1.744760905    
   -0.2142857143         3.738543439        -3.323118344         5.390694515        -2.338198293         5.408628057        -1.705677216    
   -0.2123287671         3.738543439        -3.323118344         5.408647347        -2.342314605         5.373899124        -1.669828250    
   -0.2103718200         3.738543439        -3.323118344         5.423885533        -2.349661755         5.334977272        -1.637284135    
   -0.2084148728         3.738543439        -3.323118344         5.436403251        -2.360249221         5.291964180        -1.608107929    
   -0.2064579256         3.738543439        -3.323118344         5.446201514        -2.374079301         5.244972279        -1.582355488    
   -0.2045009785         3.738543439        -3.323118344         5.453288145        -2.391147126         5.194124415        -1.560075347    
   -0.2025440313         3.738543439        -3.323118344         5.457677753        -2.411440669         5.139553486        -1.541308622    
   -0.2005870841         3.738543439        -3.323118344         5.459391665        -2.434940797         5.081402039        -1.526088930    
   -0.1986301370         3.738543439        -3.323118344         5.458457865        -2.461621320         5.019821851        -1.514442336    
   -0.1966731898         3.738543439        -3.323118344         5.454910888        -2.491449081         4.954973471        -1.506387312    
   -0.1947162427         3.738543439        -3.323118344         5.448791718        -2.524384047         4.887025740        -1.501934718    
   -0.1927592955         3.738543439        -3.323118344         5.440147649        -2.560379429         4.816155293        -1.501087813    
   -0.1908023483         3.738543439        -3.323118344         5.429032142        -2.599381821         4.742546029        -1.503842269    
   -0.1888454012         3.738543439        -3.323118344         5.415504651        -2.641331348         4.666388567        -1.510186221    
   -0.1868884540         3.738543439        -3.323118344         5.399630450        -2.686161839         4.587879684        -1.520100327    
   -0.1849315068         3.738543439        -3.323118344         5.381480422        -2.733801017         4.507221731        -1.533557856    
   -0.1829745597         3.738543439        -3.323118344         5.361130853        -2.784170695         4.424622044        -1.550524781    
   -0.1810176125         3.738543439        -3.323118344         5.338663194        -2.837187002         4.340292329        -1.570959911    
   -0.1790606654         3.738543439        -3.323118344         5.314163828        -2.892760613         4.254448053        -1.594815021    
   -0.1771037182         3.738543439        -3.323118344         5.287723797        -2.950796992         4.167307814        -1.622035016    
   -0.1751467710         3.738543439        -3.323118344         5.259438550        -3.011196654         4.079092713        -1.652558101    
   -0.1731898239         3.738543439        -3.323118344         5.229407643        -3.073855440         3.990025715        -1.686315979    
   -0.1712328767         3.738543439        -3.323118344         5.197734402        -3.138664803         3.900331007        -1.723234127    
   -0.1692759295         3.738543439        -3.323118344         5.164525552        -3.205512112         3.810233368        -1.763232087    
   -0.1673189824         3.738543439        -3.323118344         5.129890914        -3.274280931         3.719957555        -1.806223704    
   -0.1653620352         3.738543439        -3.323118344         5.093943100        -3.344851309         3.629727708        -1.852117359    
   -0.1634050881         3.738543439        -3.323118344         5.056797206        -3.417100069         3.539766753        -1.900816217    
   -0.1614481409         3.738543439        -3.323118344         5.018570493        -3.490901115         3.450295817        -1.952218481    
   -0.1594911937         3.738543439        -3.323118344         4.979382076        -3.566125723         3.361533655        -2.006217657    
   -0.1575342466         3.738543439        -3.323118344         4.939352598        -3.642642855         3.273696082        -2.062702833    
   -0.1555772994         3.738543439        -3.323118344         4.898603914        -3.720319464         3.186995426        -2.121558952    
   -0.1536203523         3.738543439        -3.323118344         4.857258761        -3.799020802         3.101639994        -2.182667111    
   -0.1516634051         3.738543439        -3.323118344         4.815440444        -3.878610731         3.017833549        -2.245904845    
   -0.1497064579         3.738543439        -3.323118344         4.773272507        -3.958952033         2.935774812        -2.311146434    
   -0.1477495108         3.738543439        -3.323118344         4.730878421        -4.039906715         2.855656983        -2.378263206    
   -0.1457925636         3.738543439        -3.323118344         4.688381261        -4.121336319         2.777667274        -2.447123841    
   -0.1438356164         3.738543439        -3.323118344         4.645903396        -4.203102222         2.701986473        -2.517594683    
   -0.1418786693         3.738543439        -3.323118344         4.603566182        -4.285065939         2.628788526        -2.589540055    
   -0.1399217221         3.738543439        -3.323118344         4.561489659        -4.367089411         2.558240144        -2.662822566    
   -0.1379647750         3.738543439        -3.323118344         4.519792249        -4.449035306         2.490500434        -2.737303430    
   -0.1360078278         3.738543439        -3.323118344         4.478590475        -4.530767293         2.425720559        -2.812842773    
   -0.1340508806         3.738543439        -3.323118344         4.437998672        -4.612150323         2.364043413        -2.889299948    
   -0.1320939335         3.738543439        -3.323118344         4.398128719        -4.693050899         2.305603339        -2.966533841    
   -0.1301369863         3.738543439        -3.323118344         4.359089767        -4.773337341         2.250525863        -3.044403178    
   -0.1281800391         3.738543439        -3.323118344         4.320987994        -4.852880034         2.198927455        -3.122766827    
   -0.1262230920         3.738543439        -3.323118344         4.283926352        -4.931551676         2.150915330        -3.201484091    
   -0.1242661448         3.738543439        -3.323118344         4.248004340        -5.009227511         2.106587261        -3.280415007    
   -0.1223091977         3.738543439        -3.323118344         4.213317774        -5.085785545         2.066031448        -3.359420625    
   -0.1203522505         3.738543439        -3.323118344         4.179958574        -5.161106695         2.029326458        -3.438363290    
   -0.1183953033         3.738543439        -3.323118344         4.148014562        -5.235074966         1.996541165        -3.517106895    
   -0.1164383562         3.738543439        -3.323118344         4.117569290        -5.307577624         1.967734689        -3.595517137    
   -0.1144814090         3.738543439        -3.323118344         4.088701866        -5.378505367         1.942956361        -3.673461756    
   -0.1125244618         3.738543439        -3.323118344         4.061486807        -5.447752484         1.922245723        -3.750810768    
   -0.1105675147         3.738543439        -3.323118344         4.035993895        -5.515216998         1.905632537        -3.827436687    
   -0.1086105675         3.738543439        -3.323118344         4.012288050        -5.580800801         1.893136837        -3.903214745    
   -0.1066536204         3.738543439        -3.323118344         3.990429218        -5.644409780         1.884768992        -3.978023091    
   -0.1046966732         3.738543439        -3.323118344         3.970472267        -5.705953924         1.880529804        -4.051742988    
   -0.1027397260         3.738543439        -3.323118344         3.952466901        -5.765347425         1.880410617        -4.124258999    
   -0.1007827789         3.738543439        -3.323118344         3.936457590        -5.822508768         1.884393463        -4.195459160    
   -0.9882583170E-01     3.738543439        -3.323118344         3.922483503        -5.877360805         1.892451219        -4.265235144    
   -0.9686888454E-01     3.738543439        -3.323118344         3.910578467        -5.929830820         1.904547788        -4.333482412    
   -0.9491193738E-01     3.738543439        -3.323118344         3.900770930        -5.979850583         1.920638305        -4.400100354    
   -0.9295499022E-01     3.738543439        -3.323118344         3.893083945        -6.027356392         1.940669356        -4.464992424    
   -0.9099804305E-01     3.738543439        -3.323118344         3.887535159        -6.072289103         1.964579218        -4.528066251    
   -0.8904109589E-01     3.738543439        -3.323118344         3.884136824        -6.114594150         1.992298116        -4.589233756    
   -0.8708414873E-01     3.738543439        -3.323118344         3.882895810        -6.154221555         2.023748500        -4.648411239    
   -0.8512720157E-01     3.738543439        -3.323118344         3.883813644        -6.191125926         2.058845329        -4.705519472    
   -0.8317025440E-01     3.738543439        -3.323118344         3.886886547        -6.225266447         2.097496381        -4.760483767    
   -0.8121330724E-01     3.738543439        -3.323118344         3.892105497        -6.256606853         2.139602561        -4.813234042    
   -0.7925636008E-01     3.738543439        -3.323118344         3.899456289        -6.285115405         2.185058239        -4.863704871    
   -0.7729941292E-01     3.738543439        -3.323118344         3.908919626        -6.310764844         2.233751582        -4.911835524    
   -0.7534246575E-01     3.738543439        -3.323118344         3.920471197        -6.333532344         2.285564909        -4.957569996    
   -0.7338551859E-01     3.738543439        -3.323118344         3.934081787        -6.353399455         2.340375047        -5.000857024    
   -0.7142857143E-01     3.738543439        -3.323118344         3.949717394        -6.370351993         2.398053721        -5.041650070    
   -0.6947162427E-01     3.738543439        -3.323118344         3.967339364        -6.384379911         2.458467959        -5.079907266    
   -0.6751467710E-01     3.738543439        -3.323118344         3.986904519        -6.395477206         2.521480464        -5.115591395    
   -0.6555772994E-01     3.738543439        -3.323118344         4.008365302        -6.403641830         2.586949987        -5.148669859    
   -0.6360078278E-01     3.738543439        -3.323118344         4.031669911        -6.408875605         2.654731702        -5.179114653    
   -0.6164383562E-01     3.738543439        -3.323118344         4.056762467        -6.411184116         2.724677579        -5.206902312    
   -0.5968688845E-01     3.738543439        -3.323118344         4.083583158        -6.410576615         2.796636758        -5.232013862    
   -0.5772994129E-01     3.738543439        -3.323118344         4.112068423        -6.407065914         2.870455930        -5.254434764    
   -0.5577299413E-01     3.738543439        -3.323118344         4.142151110        -6.400668271         2.945979705        -5.274154842    
   -0.5381604697E-01     3.738543439        -3.323118344         4.173760665        -6.391403282         3.023050985        -5.291168209    
   -0.5185909980E-01     3.738543439        -3.323118344         4.206823310        -6.379293758         3.101511329        -5.305473189    
   -0.4990215264E-01     3.738543439        -3.323118344         4.241262239        -6.364365615         3.181201320        -5.317072228    
   -0.4794520548E-01     3.738543439        -3.323118344         4.276997801        -6.346647744         3.261960919        -5.325971798    
   -0.4598825832E-01     3.738543439        -3.323118344         4.313947708        -6.326171896         3.343629819        -5.332182300    
   -0.4403131115E-01     3.738543439        -3.323118344         4.352027227        -6.302972554         3.426047793        -5.335717960    
   -0.4207436399E-01     3.738543439        -3.323118344         4.391149391        -6.277086812         3.509055026        -5.336596715    
   -0.4011741683E-01     3.738543439        -3.323118344         4.431225198        -6.248554247         3.592492450        -5.334840102    
   -0.3816046967E-01     3.738543439        -3.323118344         4.472163823        -6.217416796         3.676202065        -5.330473140    
   -0.3620352250E-01     3.738543439        -3.323118344         4.513872827        -6.183718634         3.760027249        -5.323524204    
   -0.3424657534E-01     3.738543439        -3.323118344         4.556258371        -6.147506046         3.843813063        -5.314024899    
   -0.3228962818E-01     3.738543439        -3.323118344         4.599225422        -6.108827308         3.927406540        -5.302009934    
   -0.3033268102E-01     3.738543439        -3.323118344         4.642677968        -6.067732565         4.010656969        -5.287516985    
   -0.2837573386E-01     3.738543439        -3.323118344         4.686519232        -6.024273711         4.093416163        -5.270586565    
   -0.2641878669E-01     3.738543439        -3.323118344         4.730651880        -5.978504271         4.175538718        -5.251261882    
   -0.2446183953E-01     3.738543439        -3.323118344         4.774978234        -5.930479289         4.256882258        -5.229588703    
   -0.2250489237E-01     3.738543439        -3.323118344         4.819400484        -5.880255209         4.337307667        -5.205615211    
   -0.2054794521E-01     3.738543439        -3.323118344         4.863820899        -5.827889762         4.416679304        -5.179391837    
   -0.1859099804E-01     3.738543439        -3.323118344         4.908142041        -5.773441853         4.494865203        -5.150971116    
   -0.1663405088E-01     3.738543439        -3.323118344         4.952266962        -5.716971464         4.571737262        -5.120407537    
   -0.1467710372E-01     3.738543439        -3.323118344         4.996099404        -5.658539553         4.647171418        -5.087757409    
   -0.1272015656E-01     3.738543439        -3.323118344         5.039543990        -5.598207964         4.721047814        -5.053078717    
   -0.1076320939E-01     3.738543439        -3.323118344         5.082506419        -5.536039335         4.793250948        -5.016430982    
   -0.8806262231E-02     3.738543439        -3.323118344         5.124893649        -5.472097014         4.863669805        -4.977875127    
   -0.6849315068E-02     3.738543439        -3.323118344         5.166614088        -5.406444978         4.932197985        -4.937473333    
   -0.4892367906E-02     3.738543439        -3.323118344         5.207577763        -5.339147753         4.998733807        -4.895288909    
   -0.2935420744E-02     3.738543439        -3.323118344         5.247696501        -5.270270343         5.063180408        -4.851386152    
   -0.9784735812E-03     3.738543439        -3.323118344         5.286884098        -5.199878161         5.125445821        -4.805830220    
    0.9784735812E-03     3.738543439        -3.323118344         5.325056484        -5.128036961         5.185443044        -4.758686997    
    0.2935420744E-02     3.738543439        -3.323118344         5.362131878        -5.054812782         5.243090093        -4.710022969    
    0.4892367906E-02     3.738543439        -3.323118344         5.398030951        -4.980271887         5.298310041        -4.659905097    
    0.6849315068E-02     3.738543439        -3.323118344         5.432676964        -4.904480715         5.351031046        -4.608400693    
    0.8806262231E-02     3.738543439        -3.323118344         5.465995920        -4.827505829         5.401186361        -4.555577304    
    0.1076320939E-01     3.738543439        -3.323118344         5.497916696        -4.749413875         5.448714330        -4.501502594    
    0.1272015656E-01     3.738543439        -3.323118344         5.528371174        -4.670271539         5.493558375        -4.446244231    
    0.1467710372E-01     3.738543439        -3.323118344         5.557294365        -4.590145515         5.535666961        -4.389869781    
    0.1663405088E-01     3.738543439        -3.323118344         5.584624530        -4.509102468         5.574993552        -4.332446599    
    0.1859099804E-01     3.738543439        -3.323118344         5.610303286        -4.427209009         5.611496545        -4.274041731    
    0.2054794521E-01     3.738543439        -3.323118344         5.634275716        -4.344531667         5.645139195        -4.214721822    
    0.2250489237E-01     3.738543439        -3.323118344         5.656490461        -4.261136869         5.675889517        -4.154553020    
    0.2446183953E-01     3.738543439        -3.323118344         5.676899819        -4.177090922         5.703720171        -4.093600896    
    0.2641878669E-01     3.738543439        -3.323118344         5.695459818        -4.092459996         5.728608328        -4.031930365    
    0.2837573386E-01     3.738543439        -3.323118344         5.712130313        -4.007310121         5.750535514        -3.969605621    
    0.3033268102E-01     3.738543439        -3.323118344         5.726875060        -3.921707193         5.769487432        -3.906690074    
    0.3228962818E-01     3.738543439        -3.323118344         5.739661786        -3.835716962         5.785453760        -3.843246303    
    0.3424657534E-01     3.738543439        -3.323118344         5.750462236        -3.749405032         5.798427919        -3.779336025    
    0.3620352250E-01     3.738543439        -3.323118344         5.759252226        -3.662836851         5.808406817        -3.715020072    
    0.3816046967E-01     3.738543439        -3.323118344         5.766011671        -3.576077707         5.815390558        -3.650358402    
    0.4011741683E-01     3.738543439        -3.323118344         5.770724624        -3.489192727         5.819382149        -3.585410116    
    0.4207436399E-01     3.738543439        -3.323118344         5.773379291        -3.402246879         5.820387171        -3.520233529    
    0.4403131115E-01     3.738543439        -3.323118344         5.773968055        -3.315304964         5.818413482        -3.454886247    
    0.4598825832E-01     3.738543439        -3.323118344         5.772487473        -3.228431624         5.813470925        -3.389425304    
    0.4794520548E-01     3.738543439        -3.323118344         5.768938286        -3.141691342         5.805571114        -3.323907307    
    0.4990215264E-01     3.738543439        -3.323118344         5.763325401        -3.055148439         5.794727292        -3.258388630    
    0.5185909980E-01     3.738543439        -3.323118344         5.755657887        -2.968867083         5.780954298        -3.192925598    
    0.5381604697E-01     3.738543439        -3.323118344         5.745948943        -2.882911284         5.764268638        -3.127574688    
    0.5577299413E-01     3.738543439        -3.323118344         5.734215876        -2.797344899         5.744688667        -3.062392709    
    0.5772994129E-01     3.738543439        -3.323118344         5.720480054        -2.712231631         5.722234824        -2.997436950    
    0.5968688845E-01     3.738543439        -3.323118344         5.704766872        -2.627635030         5.696929928        -2.932765304    
    0.6164383562E-01     3.738543439        -3.323118344         5.687105693        -2.543618491         5.668799478        -2.868436353    
    0.6360078278E-01     3.738543439        -3.323118344         5.667529792        -2.460245251         5.637871952        -2.804509423    
    0.6555772994E-01     3.738543439        -3.323118344         5.646076288        -2.377578387         5.604179080        -2.741044607    
    0.6751467710E-01     3.738543439        -3.323118344         5.622786074        -2.295680807         5.567756090        -2.678102769    
    0.6947162427E-01     3.738543439        -3.323118344         5.597703734        -2.214615246         5.528641921        -2.615745522    
    0.7142857143E-01     3.738543439        -3.323118344         5.570877461        -2.134444255         5.486879401        -2.554035195    
    0.7338551859E-01     3.738543439        -3.323118344         5.542358956        -2.055230189         5.442515401        -2.493034784    
    0.7534246575E-01     3.738543439        -3.323118344         5.512203340        -1.977035193         5.395600951        -2.432807893    
    0.7729941292E-01     3.738543439        -3.323118344         5.480469038        -1.899921184         5.346191344        -2.373418664    
    0.7925636008E-01     3.738543439        -3.323118344         5.447217711        -1.823949810         5.294346250        -2.314931674    
    0.8121330724E-01     3.738543439        -3.323118344         5.412514133        -1.749182408         5.240129787        -2.257411835    
    0.8317025440E-01     3.738543439        -3.323118344         5.376426080        -1.675679971         5.183610543        -2.200924295    
    0.8512720157E-01     3.738543439        -3.323118344         5.339024179        -1.603503109         5.124861586        -2.145534340    
    0.8708414873E-01     3.738543439        -3.323118344         5.300381778        -1.532712010         5.063960446        -2.091307289    
    0.8904109589E-01     3.738543439        -3.323118344         5.260574789        -1.463366397         5.000989088        -2.038308391    
    0.9099804305E-01     3.738543439        -3.323118344         5.219681546        -1.395525481         4.936033861        -1.986602709    
    0.9295499022E-01     3.738543439        -3.323118344         5.177782636        -1.329247914         4.869185443        -1.936255012    
    0.9491193738E-01     3.738543439        -3.323118344         5.134960748        -1.264591737         4.800538761        -1.887329660    
    0.9686888454E-01     3.738543439        -3.323118344         5.091300499        -1.201614324         4.730192903        -1.839890484    
    0.9882583170E-01     3.738543439        -3.323118344         5.046888267        -1.140372326         4.658251012        -1.794000670    
    0.1007827789         3.738543439        -3.323118344         5.001812016        -1.080921610         4.584820174        -1.749722639    
    0.1027397260         3.738543439        -3.323118344         4.956161120        -1.023317197         4.510011286        -1.707117922    
    0.1046966732         3.738543439        -3.323118344         4.910026176       -0.9676131922         4.433938912        -1.666247040    
    0.1066536204         3.738543439        -3.323118344         4.863498830       -0.9138627221         4.356721132        -1.627169382    
    0.1086105675         3.738543439        -3.323118344         4.816671580       -0.8621178598         4.278479374        -1.589943078    
    0.1105675147         3.738543439        -3.323118344         4.769637597       -0.8124295520         4.199338239        -1.554624875    
    0.1125244618         3.738543439        -3.323118344         4.722490526       -0.7648475446         4.119425307        -1.521270017    
    0.1144814090         3.738543439        -3.323118344         4.675324302       -0.7194203030         4.038870944        -1.489932113    
    0.1164383562         3.738543439        -3.323118344         4.628232950       -0.6761949342         3.957808083        -1.460663025    
    0.1183953033         3.738543439        -3.323118344         4.581310398       -0.6352171034         3.876372015        -1.433512733    
    0.1203522505         3.738543439        -3.323118344         4.534650274       -0.5965309525         3.794700147        -1.408529223    
    0.1223091977         3.738543439        -3.323118344         4.488345724       -0.5601790136         3.712931774        -1.385758362    
    0.1242661448         3.738543439        -3.323118344         4.442489202       -0.5262021251         3.631207820        -1.365243779    
    0.1262230920         3.738543439        -3.323118344         4.397172292       -0.4946393413         3.549670592        -1.347026751    
    0.1281800391         3.738543439        -3.323118344         4.352485511       -0.4655278097         3.468463503        -1.331146053    
    0.1301369863         3.738543439        -3.323118344         4.308518130       -0.4389025880         3.387730795        -1.317637769    
    0.1320939335         3.738543439        -3.323118344         4.265357976       -0.4147965313         3.307617236        -1.306535165    
    0.1340508806         3.738543439        -3.323118344         4.223091246       -0.3932401986         3.228267828        -1.297868579    
    0.1360078278         3.738543439        -3.323118344         4.181802306       -0.3742617636         3.149827499        -1.291665320    
    0.1379647750         3.738543439        -3.323118344         4.141573515       -0.3578869234         3.072440797        -1.287949566    
    0.1399217221         3.738543439        -3.323118344         4.102485029       -0.3441388131         2.996251573        -1.286742273    
    0.1418786693         3.738543439        -3.323118344         4.064614632       -0.3330379191         2.921402669        -1.288061086    
    0.1438356164         3.738543439        -3.323118344         4.028037556       -0.3246019977         2.848035604        -1.291920253    
    0.1457925636         3.738543439        -3.323118344         3.992826315       -0.3188459943         2.776290250        -1.298330551    
    0.1477495108         3.738543439        -3.323118344         3.959050537       -0.3157819679         2.706304515        -1.307299214    
    0.1497064579         3.738543439        -3.323118344         3.926776813       -0.3154190168         2.638214028        -1.318829866    
    0.1516634051         3.738543439        -3.323118344         3.896068537       -0.3177632106         2.572151821        -1.332922463    
    0.1536203523         3.738543439        -3.323118344         3.866985772       -0.3228175228         2.508248011        -1.349573242    
    0.1555772994         3.738543439        -3.323118344         3.839585101       -0.3305817724         2.446629493        -1.368774674    
    0.1575342466         3.738543439        -3.323118344         3.813919510       -0.3410525646         2.387419634        -1.390515427    
    0.1594911937         3.738543439        -3.323118344         3.790038251       -0.3542232422         2.330737962        -1.414780336    
    0.1614481409         3.738543439        -3.323118344         3.767986743       -0.3700838362         2.276699880        -1.441550376    
    0.1634050881         3.738543439        -3.323118344         3.747806451       -0.3886210277         2.225416367        -1.470802648    
    0.1653620352         3.738543439        -3.323118344         3.729534804       -0.4098181100         2.176993701        -1.502510373    
    0.1673189824         3.738543439        -3.323118344         3.713205091       -0.4336549615         2.131533180        -1.536642888    
    0.1692759295         3.738543439        -3.323118344         3.698846398       -0.4601080198         2.089130858        -1.573165652    
    0.1712328767         3.738543439        -3.323118344         3.686483523       -0.4891502673         2.049877291        -1.612040268    
    0.1731898239         3.738543439        -3.323118344         3.676136924       -0.5207512177         2.013857287        -1.653224497    
    0.1751467710         3.738543439        -3.323118344         3.667822667       -0.5548769160         1.981149678        -1.696672297    
    0.1771037182         3.738543439        -3.323118344         3.661552382       -0.5914899226         1.951827083        -1.742333849    
    0.1790606654         3.738543439        -3.323118344         3.657333218       -0.6305492000         1.925955614        -1.790155527    
    0.1810176125         3.738543439        -3.323118344         3.655167820       -0.6720100318         1.903594598        -1.840079900    
    0.1829745597         3.738543439        -3.323118344         3.655054305       -0.7158240505         1.884796389        -1.892045802    
    0.1849315068         3.738543439        -3.323118344         3.656986277       -0.7619392811         1.869606196        -1.945988425    
    0.1868884540         3.738543439        -3.323118344         3.660952825       -0.8103001976         1.858061929        -2.001839410    
    0.1888454012         3.738543439        -3.323118344         3.666938565       -0.8608477827         1.850194071        -2.059526957    
    0.1908023483         3.738543439        -3.323118344         3.674923656       -0.9135196022         1.846025559        -2.118975939    
    0.1927592955         3.738543439        -3.323118344         3.684883865       -0.9682498826         1.845571694        -2.180108025    
    0.1947162427         3.738543439        -3.323118344         3.696790610        -1.024969602         1.848840061        -2.242841810    
    0.1966731898         3.738543439        -3.323118344         3.710611043        -1.083606583         1.855830476        -2.307092957    
    0.1986301370         3.738543439        -3.323118344         3.726308117        -1.144085605         1.866534956        -2.372774339    
    0.2005870841         3.738543439        -3.323118344         3.743840691        -1.206328509         1.880937698        -2.439796198    
    0.2025440313         3.738543439        -3.323118344         3.763163614        -1.270254323         1.899015090        -2.508066301    
    0.2045009785         3.738543439        -3.323118344         3.784227855        -1.335779390         1.920735740        -2.577490110    
    0.2064579256         3.738543439        -3.323118344         3.806980607        -1.402817502         1.946060521        -2.647970952    
    0.2084148728         3.738543439        -3.323118344         3.831365430        -1.471280045         1.974942645        -2.719410199    
    0.2103718200         3.738543439        -3.323118344         3.857322382        -1.541076144         2.007327746        -2.791707453    
    0.2123287671         3.738543439        -3.323118344         3.884788172        -1.612112820         2.043154000        -2.864760730    
    0.2142857143         3.738543439        -3.323118344         3.913696311        -1.684295152         2.082352244        -2.938466654    
    0.2162426614         3.738543439        -3.323118344         3.943977281        -1.757526441         2.124846138        -3.012720653    
    0.2181996086         3.738543439        -3.323118344         3.975558701        -1.831708383         2.170552324        -3.087417158    
    0.2201565558         3.738543439        -3.323118344         4.008365510        -1.906741243         2.219380620        -3.162449802    
    0.2221135029         3.738543439        -3.323118344         4.042320142        -1.982524037         2.271234227        -3.237711625    
    0.2240704501         3.738543439        -3.323118344         4.077342726        -2.058954715         2.326009950        -3.313095278    
    0.2260273973         3.738543439        -3.323118344         4.113351268        -2.135930343         2.383598440        -3.388493231    
    0.2279843444         3.738543439        -3.323118344         4.150261872        -2.213347273         2.443884418        -3.463797978    
    0.2299412916         3.738543439        -3.323118344         4.187988953        -2.291101261         2.506746851        -3.538902263    
    0.2318982387         3.738543439        -3.323118344         4.226445477        -2.369087659         2.572059234        -3.613699309    
    0.2338551859         3.738543439        -3.323118344         4.265543175        -2.447201643         2.639689911        -3.688083056    
    0.2358121331         3.738543439        -3.323118344         4.305192775        -2.525338427         2.709502427        -3.761948386    
    0.2377690802         3.738543439        -3.323118344         4.345304223        -2.603393491         2.781355878        -3.835191354    
    0.2397260274         3.738543439        -3.323118344         4.385786921        -2.681262800         2.855105283        -3.907709409    
    0.2416829746         3.738543439        -3.323118344         4.426549944        -2.758843023         2.930601966        -3.979401617    
    0.2436399217         3.738543439        -3.323118344         4.467502282        -2.836031752         3.007693941        -4.050168869    
    0.2455968689         3.738543439        -3.323118344         4.508553054        -2.912727719         3.086226316        -4.119914096    
    0.2475538160         3.738543439        -3.323118344         4.549611745        -2.988831003         3.166041694        -4.188542470    
    0.2495107632         3.738543439        -3.323118344         4.590588419        -3.064243241         3.246980591        -4.255961596    
    0.2514677104         3.738543439        -3.323118344         4.631393945        -3.138867828         3.328881842        -4.322081704    
    0.2534246575         3.738543439        -3.323118344         4.671940205        -3.212610117         3.411583027        -4.386815830    
    0.2553816047         3.738543439        -3.323118344         4.712140314        -3.285377608         3.494920888        -4.450079982    
    0.2573385519         3.738543439        -3.323118344         4.751908814        -3.357080133         3.578731749        -4.511793311    
    0.2592954990         3.738543439        -3.323118344         4.791161883        -3.427630037         3.662851933        -4.571878258    
    0.2612524462         3.738543439        -3.323118344         4.829817515        -3.496942344         3.747118176        -4.630260700    
    0.2632093933         3.738543439        -3.323118344         4.867795720        -3.564934921         3.831368043        -4.686870085    
    0.2651663405         3.738543439        -3.323118344         4.905018687        -3.631528633         3.915440327        -4.741639553    
    0.2671232877         3.738543439        -3.323118344         4.941410963        -3.696647483         3.999175452        -4.794506049    
    0.2690802348         3.738543439        -3.323118344         4.976899606        -3.760218754         4.082415857        -4.845410422    
    0.2710371820         3.738543439        -3.323118344         5.011414345        -3.822173131         4.165006386        -4.894297520    
    0.2729941292         3.738543439        -3.323118344         5.044887708        -3.882444817         4.246794646        -4.941116265    
    0.2749510763         3.738543439        -3.323118344         5.077255170        -3.940971638         4.327631373        -4.985819718    
    0.2769080235         3.738543439        -3.323118344         5.108455269        -3.997695144         4.407370779        -5.028365150    
    0.2788649706         3.738543439        -3.323118344         5.138429845        -4.052560746         4.485870935        -5.068714217    
    0.2808219178         3.738543439        -3.323118344         5.167124250        -4.105517863         4.562994168        -5.106833140    
    0.2827788650         3.738543439        -3.323118344         5.194487479        -4.156520016         4.638607404        -5.142692760    
    0.2847358121         3.738543439        -3.323118344         5.220472250        -4.205524905         4.712582487        -5.176268563    
    0.2866927593         3.738543439        -3.323118344         5.245035092        -4.252494474         4.784796483        -5.207540687    
    0.2886497065         3.738543439        -3.323118344         5.268136398        -4.297394960         4.855131959        -5.236493922    
    0.2906066536         3.738543439        -3.323118344         5.289740492        -4.340196926         4.923477237        -5.263117689    
    0.2925636008         3.738543439        -3.323118344         5.309815649        -4.380875286         4.989726640        -5.287406007    
    0.2945205479         3.738543439        -3.323118344         5.328334141        -4.419409311         5.053780696        -5.309357451    
    0.2964774951         3.738543439        -3.323118344         5.345272231        -4.455782628         5.115546334        -5.328975092    
    0.2984344423         3.738543439        -3.323118344         5.360610188        -4.489983194         5.174937049        -5.346266423    
    0.3003913894         3.738543439        -3.323118344         5.374332261        -4.522003273         5.231873043        -5.361243280    
    0.3023483366         3.738543439        -3.323118344         5.386426663        -4.551839384         5.286281345        -5.373921742    
    0.3043052838         3.738543439        -3.323118344         5.396885525        -4.579492248         5.338095902        -5.384322028    
    0.3062622309         3.738543439        -3.323118344         5.405704855        -4.604966719         5.387257651        -5.392468375    
    0.3082191781         3.738543439        -3.323118344         5.412884466        -4.628271703         5.433714562        -5.398388913    
    0.3101761252         3.738543439        -3.323118344         5.418427915        -4.649420065         5.477421659        -5.402115526    
    0.3121330724         3.738543439        -3.323118344         5.422342406        -4.668428531         5.518341017        -5.403683706    
    0.3140900196         3.738543439        -3.323118344         5.424638713        -4.685317569         5.556441736        -5.403132398    
    0.3160469667         3.738543439        -3.323118344         5.425331059        -4.700111275         5.591699893        -5.400503836    
    0.3180039139         3.738543439        -3.323118344         5.424437022        -4.712837236         5.624098467        -5.395843375    
    0.3199608611         3.738543439        -3.323118344         5.421977396        -4.723526394         5.653627249        -5.389199315    
    0.3219178082         3.738543439        -3.323118344         5.417976082        -4.732212900         5.680282728        -5.380622718    
    0.3238747554         3.738543439        -3.323118344         5.412459929        -4.738933961         5.704067957        -5.370167226    
    0.3258317025         3.738543439        -3.323118344         5.405458616        -4.743729676         5.724992400        -5.357888865    
    0.3277886497         3.738543439        -3.323118344         5.397004545        -4.746642932         5.743071837        -5.343845937    
    0.3297455969         3.738543439        -3.323118344         5.387132935        -4.747719425         5.758328466        -5.328099105    
    0.3317025440         3.738543439        -3.323118344         5.375881726        -4.747007569         5.770790815        -5.310711297    
    0.3336594912         3.738543439        -3.323118344         5.363291430        -4.744558310         5.780493528        -5.291747496    
    0.3356164384         3.738543439        -3.323118344         5.349404930        -4.740424947         5.787477137        -5.271274522    
    0.3375733855         3.738543439        -3.323118344         5.334267325        -4.734662935         5.791787811        -5.249360817    
    0.3395303327         3.738543439        -3.323118344         5.317925719        -4.727329699         5.793477097        -5.226076227    
    0.3414872798         3.738543439        -3.323118344         5.300429057        -4.718484431         5.792601638        -5.201491777    
    0.3434442270         3.738543439        -3.323118344         5.281827909        -4.708187897         5.789222883        -5.175679465    
    0.3454011742         3.738543439        -3.323118344         5.262174306        -4.696502232         5.783406789        -5.148712031    
    0.3473581213         3.738543439        -3.323118344         5.241521520        -4.683490745         5.775223509        -5.120662757    
    0.3493150685         3.738543439        -3.323118344         5.219923901        -4.669217716         5.764747072        -5.091605244    
    0.3512720157         3.738543439        -3.323118344         5.197436658        -4.653748201         5.752055059        -5.061613218    
    0.3532289628         3.738543439        -3.323118344         5.174115696        -4.637147837         5.737228274        -5.030760317    
    0.3551859100         3.738543439        -3.323118344         5.150017407        -4.619482645         5.720350411        -4.999119899    
    0.3571428571         3.738543439        -3.323118344         5.125198512        -4.600818845         5.701507717        -4.966764854    
    0.3590998043         3.738543439        -3.323118344         5.099715853        -4.581222673         5.680788657        -4.933767417    
    0.3610567515         3.738543439        -3.323118344         5.073626250        -4.560760193         5.658283582        -4.900198990    
    0.3630136986         3.738543439        -3.323118344         5.046986299        -4.539497132         5.634084393        -4.866129980    
    0.3649706458         3.738543439        -3.323118344         5.019852241        -4.517498706         5.608284218        -4.831629626    
    0.3669275930         3.738543439        -3.323118344         4.992279774        -4.494829461         5.580977083        -4.796765862    
    0.3688845401         3.738543439        -3.323118344         4.964323930        -4.471553116         5.552257597        -4.761605159    
    0.3708414873         3.738543439        -3.323118344         4.936038902        -4.447732420         5.522220642        -4.726212403    
    0.3727984344         3.738543439        -3.323118344         4.907477938        -4.423429004         5.490961074        -4.690650759    
    0.3747553816         3.738543439        -3.323118344         4.878693176        -4.398703261         5.458573424        -4.654981565    
    0.3767123288         3.738543439        -3.323118344         4.849735573        -4.373614224         5.425151639        -4.619264231    
    0.3786692759         3.738543439        -3.323118344         4.820654881        -4.348219578         5.390789002        -4.583556302    
    0.3806262231         3.738543439        -3.323118344         4.791499744        -4.322575707         5.355578129        -4.547913551    
    0.3825831703         3.738543439        -3.323118344         4.762317558        -4.296737603         5.319610725        -4.512389913    
    0.3845401174         3.738543439        -3.323118344         4.733154399        -4.270758747         5.282977316        -4.477037371    
    0.3864970646         3.738543439        -3.323118344         4.704054873        -4.244691011         5.245766991        -4.441905880    
    0.3884540117         3.738543439        -3.323118344         4.675062057        -4.218584556         5.208067161        -4.407043281    
    0.3904109589         3.738543439        -3.323118344         4.646217369        -4.192487759         5.169963329        -4.372495238    
    0.3923679061         3.738543439        -3.323118344         4.617560534        -4.166447126         5.131538875        -4.338305174    
    0.3943248532         3.738543439        -3.323118344         4.589129462        -4.140507234         5.092874857        -4.304514237    
    0.3962818004         3.738543439        -3.323118344         4.560960236        -4.114710670         5.054049828        -4.271161248    
    0.3982387476         3.738543439        -3.323118344         4.533087011        -4.089097990         5.015139666        -4.238282688    
    0.4001956947         3.738543439        -3.323118344         4.505542019        -4.063707670         4.976217423        -4.205912671    
    0.4021526419         3.738543439        -3.323118344         4.478355478        -4.038576095         4.937353185        -4.174082945    
    0.4041095890         3.738543439        -3.323118344         4.451555624        -4.013737518         4.898613957        -4.142822889    
    0.4060665362         3.738543439        -3.323118344         4.425168631        -3.989224074         4.860063551        -4.112159528    
    0.4080234834         3.738543439        -3.323118344         4.399218662        -3.965065753         4.821762503        -4.082117549    
    0.4099804305         3.738543439        -3.323118344         4.373727801        -3.941290432         4.783767994        -4.052719335    
    0.4119373777         3.738543439        -3.323118344         4.348716122        -3.917923863         4.746133795        -4.023984992    
    0.4138943249         3.738543439        -3.323118344         4.324201631        -3.894989723         4.708910219        -3.995932406    
    0.4158512720         3.738543439        -3.323118344         4.300200354        -3.872509617         4.672144094        -3.968577279    
    0.4178082192         3.738543439        -3.323118344         4.276726286        -3.850503140         4.635878744        -3.941933197    
    0.4197651663         3.738543439        -3.323118344         4.253791494        -3.828987895         4.600153986        -3.916011686    
    0.4217221135         3.738543439        -3.323118344         4.231406070        -3.807979570         4.565006137        -3.890822287    
    0.4236790607         3.738543439        -3.323118344         4.209578254        -3.787491965         4.530468038        -3.866372624    
    0.4256360078         3.738543439        -3.323118344         4.188314384        -3.767537083         4.496569080        -3.842668489    
    0.4275929550         3.738543439        -3.323118344         4.167619067        -3.748125196         4.463335295        -3.819713949    
    0.4295499022         3.738543439        -3.323118344         4.147495257        -3.729265077         4.430789635        -3.797511604    
    0.4315068493         3.738543439        -3.323118344         4.127944451        -3.710964088         4.398952095        -3.776062703    
    0.4334637965         3.738543439        -3.323118344         4.108966602        -3.693228266         4.367839733        -3.755367228    
    0.4354207436         3.738543439        -3.323118344         4.090560259        -3.676062344         4.337466695        -3.735423939    
    0.4373776908         3.738543439        -3.323118344         4.072722468        -3.659469848         4.307844247        -3.716230465    
    0.4393346380         3.738543439        -3.323118344         4.055448936        -3.643453133         4.278980820        -3.697783360    
    0.4412915851         3.738543439        -3.323118344         4.038733917        -3.628013493         4.250882051        -3.680078200    
    0.4432485323         3.738543439        -3.323118344         4.022570395        -3.613151196         4.223550844        -3.663109648    
    0.4452054795         3.738543439        -3.323118344         4.006949954        -3.598865614         4.196987422        -3.646871566    
    0.4471624266         3.738543439        -3.323118344         3.991862979        -3.585155265         4.171189397        -3.631357077    
    0.4491193738         3.738543439        -3.323118344         3.977298505        -3.572017953         4.146151826        -3.616558689    
    0.4510763209         3.738543439        -3.323118344         3.963244435        -3.559450814         4.121867289        -3.602468363    
    0.4530332681         3.738543439        -3.323118344         3.949687359        -3.547450475         4.098325948        -3.589077649    
    0.4549902153         3.738543439        -3.323118344         3.936612798        -3.536013098         4.075515624        -3.576377747    
    0.4569471624         3.738543439        -3.323118344         3.924004975        -3.525134559         4.053421852        -3.564359658    
    0.4589041096         3.738543439        -3.323118344         3.911847089        -3.514810494         4.032027962        -3.553014250    
    0.4608610568         3.738543439        -3.323118344         3.900121035        -3.505036495         4.011315118        -3.542332414    
    0.4628180039         3.738543439        -3.323118344         3.888807708        -3.495808158         3.991262398        -3.532305129    
    0.4647749511         3.738543439        -3.323118344         3.877886648        -3.487121305         3.971846819        -3.522923639    
    0.4667318982         3.738543439        -3.323118344         3.867336399        -3.478972025         3.953043401        -3.514179509    
    0.4686888454         3.738543439        -3.323118344         3.857134048        -3.471356936         3.934825181        -3.506064823    
    0.4706457926         3.738543439        -3.323118344         3.847255652        -3.464273218         3.917163258        -3.498572232    
    0.4726027397         3.738543439        -3.323118344         3.837675643        -3.457718917         3.900026779        -3.491695184    
    0.4745596869         3.738543439        -3.323118344         3.828367354        -3.451692968         3.883382969        -3.485427956    
    0.4765166341         3.738543439        -3.323118344         3.819302235        -3.446195569         3.867197080        -3.479765924    
    0.4784735812         3.738543439        -3.323118344         3.810450521        -3.441228173         3.851432404        -3.474705579    
    0.4804305284         3.738543439        -3.323118344         3.801780183        -3.436793961         3.836050170        -3.470244848    
    0.4823874755         3.738543439        -3.323118344         3.793257835        -3.432897789         3.821009540        -3.466383082    
    0.4843444227         3.738543439        -3.323118344         3.784847256        -3.429546805         3.806267441        -3.463121461    
    0.4863013699         3.738543439        -3.323118344         3.776510723        -3.426750309         3.791778548        -3.460462923    
    0.4882583170         3.738543439        -3.323118344         3.768206816        -3.424520602         3.777495016        -3.458412710    
    0.4902152642         3.738543439        -3.323118344         3.759892576        -3.422872665         3.763366480        -3.456978168    
    0.4921722114         3.738543439        -3.323118344         3.751519917        -3.421825433         3.749339627        -3.456169562    
    0.4941291585         3.738543439        -3.323118344         3.743039695        -3.421401000         3.735358269        -3.455999563    
    0.4960861057         3.738543439        -3.323118344         3.734394659        -3.421626929         3.721362613        -3.456484708    
    0.4980430528         3.738543439        -3.323118344         3.725529738        -3.422533751         3.707289692        -3.457643791    
    0.5000000000         3.738543439        -3.323118344         3.716369842        -3.424161811         3.693071448        -3.459502171    
