   -0.5000000000       -0.4327739692E-02   -0.3102404065E-02    0.4983055643E-02    0.5261203815E-02
   -0.4980430528       -0.4593476943E-02   -0.3482088377E-02    0.5255209556E-02    0.5810500034E-02
   -0.4960861057       -0.4880032079E-02   -0.3871201805E-02    0.5548931366E-02    0.6380403977E-02
   -0.4941291585       -0.5187807465E-02   -0.4271465630E-02    0.5864888456E-02    0.6972299511E-02
   -0.4921722114       -0.5516846513E-02   -0.4683921355E-02    0.6203511034E-02    0.7587245824E-02
   -0.4902152642       -0.5867412759E-02   -0.5109802830E-02    0.6565362987E-02    0.8226357724E-02
   -0.4882583170       -0.6239682177E-02   -0.5550103368E-02    0.6950946106E-02    0.8890608753E-02
   -0.4863013699       -0.6633918272E-02   -0.6005846580E-02    0.7360812078E-02    0.9580947738E-02
   -0.4843444227       -0.7050339115E-02   -0.6477906768E-02    0.7795477629E-02    0.1029821383E-01
   -0.4823874755       -0.7489200481E-02   -0.6967142228E-02    0.8255477236E-02    0.1104319181E-01
   -0.4804305284       -0.7950719518E-02   -0.7474295733E-02    0.8741313880E-02    0.1181656279E-01
   -0.4784735812       -0.8435122044E-02   -0.8000073336E-02    0.9253488415E-02    0.1261893510E-01
   -0.4765166341       -0.8942591930E-02   -0.8545080283E-02    0.9792466292E-02    0.1345081081E-01
   -0.4745596869       -0.9473300768E-02   -0.9109872424E-02    0.1035869529E-01    0.1431260433E-01
   -0.4726027397       -0.1002737120E-01   -0.9694910835E-02    0.1095258079E-01    0.1520461741E-01
   -0.4706457926       -0.1060489668E-01   -0.1030059747E-01    0.1157449685E-01    0.1612705072E-01
   -0.4686888454       -0.1120591328E-01   -0.1092724084E-01    0.1222476661E-01    0.1707998399E-01
   -0.4667318982       -0.1183041342E-01   -0.1157508183E-01    0.1290366927E-01    0.1806338332E-01
   -0.4647749511       -0.1247832330E-01   -0.1224426653E-01    0.1361142384E-01    0.1907708482E-01
   -0.4628180039       -0.1314951272E-01   -0.1293486548E-01    0.1434819346E-01    0.2012079929E-01
   -0.4608610568       -0.1384377656E-01   -0.1364685152E-01    0.1511407151E-01    0.2119409846E-01
   -0.4589041096       -0.1456084204E-01   -0.1438011455E-01    0.1590908420E-01    0.2229641813E-01
   -0.4569471624       -0.1530035321E-01   -0.1513444312E-01    0.1673317852E-01    0.2342704658E-01
   -0.4549902153       -0.1606187662E-01   -0.1590953608E-01    0.1758622362E-01    0.2458512693E-01
   -0.4530332681       -0.1684488823E-01   -0.1670498705E-01    0.1846800038E-01    0.2576964748E-01
   -0.4510763209       -0.1764877807E-01   -0.1752029405E-01    0.1937820207E-01    0.2697944388E-01
   -0.4491193738       -0.1847283926E-01   -0.1835484637E-01    0.2031642525E-01    0.2821319135E-01
   -0.4471624266       -0.1931627206E-01   -0.1920793278E-01    0.2128217015E-01    0.2946940709E-01
   -0.4452054795       -0.2017817489E-01   -0.2007873060E-01    0.2227483284E-01    0.3074644441E-01
   -0.4432485323       -0.2105754813E-01   -0.2096631305E-01    0.2329370559E-01    0.3204249573E-01
   -0.4412915851       -0.2195328687E-01   -0.2186964030E-01    0.2433797031E-01    0.3335558868E-01
   -0.4393346380       -0.2286418493E-01   -0.2278756642E-01    0.2540669918E-01    0.3468358998E-01
   -0.4373776908       -0.2378892921E-01   -0.2371883224E-01    0.2649884930E-01    0.3602420359E-01
   -0.4354207436       -0.2472610413E-01   -0.2466207231E-01    0.2761326387E-01    0.3737497574E-01
   -0.4334637965       -0.2567418757E-01   -0.2561580951E-01    0.2874866807E-01    0.3873329511E-01
   -0.4315068493       -0.2663155593E-01   -0.2657846225E-01    0.2990367096E-01    0.4009639926E-01
   -0.4295499022       -0.2759648167E-01   -0.2754834078E-01    0.3107676271E-01    0.4146137690E-01
   -0.4275929550       -0.2856713905E-01   -0.2852365485E-01    0.3226631727E-01    0.4282517582E-01
   -0.4256360078       -0.2954160329E-01   -0.2950251176E-01    0.3347059107E-01    0.4418460721E-01
   -0.4236790607       -0.3051785690E-01   -0.3048292428E-01    0.3468772630E-01    0.4553635490E-01
   -0.4217221135       -0.3149378586E-01   -0.3146280586E-01    0.3591574589E-01    0.4687697496E-01
   -0.4197651663       -0.3246717640E-01   -0.3243996891E-01    0.3715254599E-01    0.4820289114E-01
   -0.4178082192       -0.3343571367E-01   -0.3341212242E-01    0.3839589321E-01    0.4951039804E-01
   -0.4158512720       -0.3439698858E-01   -0.3437688021E-01    0.3964342841E-01    0.5079567199E-01
   -0.4138943249       -0.3534849994E-01   -0.3533176212E-01    0.4089266760E-01    0.5205477915E-01
   -0.4119373777       -0.3628766228E-01   -0.3627420305E-01    0.4214100678E-01    0.5328368806E-01
   -0.4099804305       -0.3721180955E-01   -0.3720155575E-01    0.4338572441E-01    0.5447827984E-01
   -0.4080234834       -0.3811820390E-01   -0.3811110078E-01    0.4462398744E-01    0.5563436231E-01
   -0.4060665362       -0.3900404088E-01   -0.3900005085E-01    0.4585285524E-01    0.5674768221E-01
   -0.4041095890       -0.3986645932E-01   -0.3986556169E-01    0.4706928693E-01    0.5781394090E-01
   -0.4021526419       -0.4070254779E-01   -0.4070473783E-01    0.4827014682E-01    0.5882880829E-01
   -0.4001956947       -0.4150935560E-01   -0.4151464443E-01    0.4945221298E-01    0.5978794003E-01
   -0.3982387476       -0.4228390049E-01   -0.4229231435E-01    0.5061218414E-01    0.6068699305E-01
   -0.3962818004       -0.4302318057E-01   -0.4303476084E-01    0.5174668956E-01    0.6152164394E-01
   -0.3943248532       -0.4372418318E-01   -0.4373898585E-01    0.5285229731E-01    0.6228760580E-01
   -0.3923679061       -0.4438389760E-01   -0.4440199344E-01    0.5392552529E-01    0.6298064768E-01
   -0.3904109589       -0.4499932498E-01   -0.4502079911E-01    0.5496285086E-01    0.6359661239E-01
   -0.3884540117       -0.4556749165E-01   -0.4559244385E-01    0.5596072294E-01    0.6413143664E-01
   -0.3864970646       -0.4608545985E-01   -0.4611400431E-01    0.5691557277E-01    0.6458116952E-01
   -0.3845401174       -0.4655034157E-01   -0.4658260726E-01    0.5782382701E-01    0.6494199297E-01
   -0.3825831703       -0.4695930985E-01   -0.4699544036E-01    0.5868191951E-01    0.6521024058E-01
   -0.3806262231       -0.4730961282E-01   -0.4734976690E-01    0.5948630511E-01    0.6538241794E-01
   -0.3786692759       -0.4759858542E-01   -0.4764293691E-01    0.6023347230E-01    0.6545522135E-01
   -0.3767123288       -0.4782366342E-01   -0.4787240185E-01    0.6091995753E-01    0.6542555767E-01
   -0.3747553816       -0.4798239527E-01   -0.4803572593E-01    0.6154235857E-01    0.6529056256E-01
   -0.3727984344       -0.4807245486E-01   -0.4813059943E-01    0.6209734775E-01    0.6504761798E-01
   -0.3708414873       -0.4809164518E-01   -0.4815484196E-01    0.6258167541E-01    0.6469435872E-01
   -0.3688845401       -0.4803790622E-01   -0.4810641079E-01    0.6299217725E-01    0.6422868286E-01
   -0.3669275930       -0.4790932542E-01   -0.4798341094E-01    0.6332578679E-01    0.6364876707E-01
   -0.3649706458       -0.4770415073E-01   -0.4778410867E-01    0.6357955001E-01    0.6295308340E-01
   -0.3630136986       -0.4742080114E-01   -0.4750694166E-01    0.6375063858E-01    0.6214041393E-01
   -0.3610567515       -0.4705787890E-01   -0.4715053169E-01    0.6383636427E-01    0.6120986577E-01
   -0.3590998043       -0.4661417943E-01   -0.4671369413E-01    0.6383419208E-01    0.6016088388E-01
   -0.3571428571       -0.4608870251E-01   -0.4619544963E-01    0.6374175429E-01    0.5899326403E-01
   -0.3551859100       -0.4548066119E-01   -0.4559503261E-01    0.6355686313E-01    0.5770716341E-01
   -0.3532289628       -0.4478949183E-01   -0.4491190175E-01    0.6327752419E-01    0.5630311108E-01
   -0.3512720157       -0.4401486164E-01   -0.4414574722E-01    0.6290194840E-01    0.5478201602E-01
   -0.3493150685       -0.4315667732E-01   -0.4329649969E-01    0.6242856453E-01    0.5314517486E-01
   -0.3473581213       -0.4221509113E-01   -0.4236433605E-01    0.6185603015E-01    0.5139427699E-01
   -0.3454011742       -0.4119050778E-01   -0.4134968674E-01    0.6118324297E-01    0.4953140914E-01
   -0.3434442270       -0.4008358876E-01   -0.4025323979E-01    0.6040935054E-01    0.4755905742E-01
   -0.3414872798       -0.3889525740E-01   -0.3907594616E-01    0.5953376017E-01    0.4548010855E-01
   -0.3395303327       -0.3762670124E-01   -0.3781902192E-01    0.5855614704E-01    0.4329784848E-01
   -0.3375733855       -0.3627937499E-01   -0.3648395152E-01    0.5747646246E-01    0.4101596010E-01
   -0.3356164384       -0.3485500088E-01   -0.3507248785E-01    0.5629494026E-01    0.3863851836E-01
   -0.3336594912       -0.3335556933E-01   -0.3358665330E-01    0.5501210307E-01    0.3616998438E-01
   -0.3317025440       -0.3178333712E-01   -0.3202873767E-01    0.5362876678E-01    0.3361519687E-01
   -0.3297455969       -0.3014082578E-01   -0.3040129686E-01    0.5214604466E-01    0.3097936263E-01
   -0.3277886497       -0.2843081741E-01   -0.2870714846E-01    0.5056534970E-01    0.2826804435E-01
   -0.3258317025       -0.2665635073E-01   -0.2694936814E-01    0.4888839647E-01    0.2548714749E-01
   -0.3238747554       -0.2482071454E-01   -0.2513128287E-01    0.4711720097E-01    0.2264290449E-01
   -0.3219178082       -0.2292744011E-01   -0.2325646363E-01    0.4525407782E-01    0.1974185705E-01
   -0.3199608611       -0.2098028954E-01   -0.2132871345E-01    0.4330163163E-01    0.1679083468E-01
   -0.3180039139       -0.1898324731E-01   -0.1935205933E-01    0.4126275357E-01    0.1379693586E-01
   -0.3160469667       -0.1694051081E-01   -0.1733074248E-01    0.3914061803E-01    0.1076750797E-01
   -0.3140900196       -0.1485648083E-01   -0.1526920915E-01    0.3693867881E-01    0.7710126566E-02
   -0.3121330724       -0.1273575002E-01   -0.1317209886E-01    0.3466066358E-01    0.4632572562E-02
   -0.3101761252       -0.1058309148E-01   -0.1104423326E-01    0.3231056786E-01    0.1542808897E-02
   -0.3082191781       -0.8403445280E-02   -0.8890602458E-02    0.2989264719E-01   -0.1551044699E-02
   -0.3062622309       -0.6201905167E-02   -0.6716352044E-02    0.2741140895E-01   -0.4640737342E-02
   -0.3043052838       -0.3983703406E-02   -0.4526767682E-02    0.2487160239E-01   -0.7717914299E-02
   -0.3023483366       -0.1754195786E-02   -0.2327260412E-02    0.2227820819E-01   -0.1077414451E-01
   -0.3003913894        0.4811550961E-03   -0.1233497560E-03    0.1963642646E-01   -0.1380094956E-01
   -0.2984344423        0.2716796275E-02    0.2079352467E-02    0.1695166429E-01   -0.1678983261E-01
   -0.2964774951        0.4947102445E-02    0.4275160334E-02    0.1422952171E-01   -0.1973230862E-01
   -0.2945205479        0.7166393611E-02    0.6458331218E-02    0.1147577737E-01   -0.2261993419E-01
   -0.2925636008        0.9368954157E-02    0.8623085012E-02    0.8696372703E-02   -0.2544433846E-01
   -0.2906066536        0.1154905142E-01    0.1076362246E-01    0.5897395875E-02   -0.2819725343E-01
   -0.2886497065        0.1370095551E-01    0.1287414511E-01    0.3085064386E-02   -0.3087054495E-01
   -0.2866927593        0.1581895849E-01    0.1494887427E-01    0.2657075071E-03   -0.3345624297E-01
   -0.2847358121        0.1789739463E-01    0.1698207138E-01   -0.2554252465E-02   -0.3594657212E-01
   -0.2827788650        0.1993065985E-01    0.1896805726E-01   -0.5368318995E-02   -0.3833398126E-01
   -0.2808219178        0.2191323209E-01    0.2090123254E-01   -0.8169941131E-02   -0.4061117309E-01
   -0.2788649706        0.2383969070E-01    0.2277609686E-01   -0.1095253323E-01   -0.4277113250E-01
   -0.2769080235        0.2570473649E-01    0.2458726902E-01   -0.1370949555E-01   -0.4480715463E-01
   -0.2749510763        0.2750321079E-01    0.2632950581E-01   -0.1643423462E-01   -0.4671287146E-01
   -0.2729941292        0.2923011457E-01    0.2799772127E-01   -0.1912018410E-01   -0.4848227739E-01
   -0.2710371820        0.3088062422E-01    0.2958700230E-01   -0.2176082375E-01   -0.5010974936E-01
   -0.2690802348        0.3245010713E-01    0.3109262451E-01   -0.2434969824E-01   -0.5159006612E-01
   -0.2671232877        0.3393413781E-01    0.3251006815E-01   -0.2688043623E-01   -0.5291842852E-01
   -0.2651663405        0.3532851446E-01    0.3383503476E-01   -0.2934677010E-01   -0.5409047949E-01
   -0.2632093933        0.3662927405E-01    0.3506346213E-01   -0.3174255491E-01   -0.5510232191E-01
   -0.2612524462        0.3783270749E-01    0.3619153954E-01   -0.3406178768E-01   -0.5595053550E-01
   -0.2592954990        0.3893537332E-01    0.3721572129E-01   -0.3629862593E-01   -0.5663219150E-01
   -0.2573385519        0.3993411123E-01    0.3813274033E-01   -0.3844740616E-01   -0.5714486620E-01
   -0.2553816047        0.4082605397E-01    0.3893962000E-01   -0.4050266166E-01   -0.5748665215E-01
   -0.2534246575        0.4160863912E-01    0.3963368589E-01   -0.4245914000E-01   -0.5765616799E-01
   -0.2514677104        0.4227961900E-01    0.4021257562E-01   -0.4431181970E-01   -0.5765256598E-01
   -0.2495107632        0.4283707036E-01    0.4067424861E-01   -0.4605592656E-01   -0.5747553796E-01
   -0.2475538160        0.4327940222E-01    0.4101699377E-01   -0.4768694891E-01   -0.5712531897E-01
   -0.2455968689        0.4360536329E-01    0.4123943698E-01   -0.4920065246E-01   -0.5660268922E-01
   -0.2436399217        0.4381404751E-01    0.4134054654E-01   -0.5059309394E-01   -0.5590897368E-01
   -0.2416829746        0.4390489909E-01    0.4131963827E-01   -0.5186063419E-01   -0.5504603997E-01
   -0.2397260274        0.4387771568E-01    0.4117637851E-01   -0.5299995002E-01   -0.5401629393E-01
   -0.2377690802        0.4373265093E-01    0.4091078680E-01   -0.5400804532E-01   -0.5282267341E-01
   -0.2358121331        0.4347021512E-01    0.4052323637E-01   -0.5488226088E-01   -0.5146863978E-01
   -0.2338551859        0.4309127525E-01    0.4001445426E-01   -0.5562028341E-01   -0.4995816780E-01
   -0.2318982387        0.4259705314E-01    0.3938551936E-01   -0.5622015314E-01   -0.4829573317E-01
   -0.2299412916        0.4198912294E-01    0.3863785992E-01   -0.5668027058E-01   -0.4648629853E-01
   -0.2279843444        0.4126940675E-01    0.3777324909E-01   -0.5699940181E-01   -0.4453529728E-01
   -0.2260273973        0.4044016960E-01    0.3679379992E-01   -0.5717668283E-01   -0.4244861596E-01
   -0.2240704501        0.3950401264E-01    0.3570195845E-01   -0.5721162244E-01   -0.4023257454E-01
   -0.2221135029        0.3846386478E-01    0.3450049551E-01   -0.5710410288E-01   -0.3789390457E-01
   -0.2201565558        0.3732297083E-01    0.3319249492E-01   -0.5685437593E-01   -0.3543972363E-01
   -0.2181996086        0.3608488116E-01    0.3178134340E-01   -0.5646306109E-01   -0.3287751117E-01
   -0.2162426614        0.3475344073E-01    0.3027071953E-01   -0.5593114368E-01   -0.3021508379E-01
   -0.2142857143        0.3333277776E-01    0.2866458250E-01   -0.5525997215E-01   -0.2746056974E-01
   -0.2123287671        0.3182729086E-01    0.2696715919E-01   -0.5445125409E-01   -0.2462238199E-01
   -0.2103718200        0.3024163590E-01    0.2518293114E-01   -0.5350705130E-01   -0.2170919060E-01
   -0.2084148728        0.2858071138E-01    0.2331661989E-01   -0.5242977364E-01   -0.1872989397E-01
   -0.2064579256        0.2684964361E-01    0.2137317229E-01   -0.5122217203E-01   -0.1569358961E-01
   -0.2045009785        0.2505377065E-01    0.1935774432E-01   -0.4988733015E-01   -0.1260954390E-01
   -0.2025440313        0.2319862605E-01    0.1727568503E-01   -0.4842865551E-01   -0.9487161693E-02
   -0.2005870841        0.2128992145E-01    0.1513251903E-01   -0.4684986915E-01   -0.6335955147E-02
   -0.1986301370        0.1933352917E-01    0.1293392927E-01   -0.4515499481E-01   -0.3165512550E-02
   -0.1966731898        0.1733546378E-01    0.1068573853E-01   -0.4334834685E-01    0.1453333915E-04
   -0.1947162427        0.1530186378E-01    0.8393891252E-02   -0.4143451767E-01    0.3194536701E-02
   -0.1927592955        0.1323897237E-01    0.6064434253E-02   -0.3941836400E-01    0.6364870346E-02
   -0.1908023483        0.1115311852E-01    0.3703497939E-02   -0.3730499279E-01    0.9515956909E-02
   -0.1888454012        0.9050697209E-02    0.1317276545E-02   -0.3509974599E-01    0.1263830008E-01
   -0.1868884540        0.6938150143E-02   -0.1087991047E-02   -0.3280818514E-01    0.1572251514E-01
   -0.1849315068        0.4821945813E-02   -0.3506041262E-02   -0.3043607491E-01    0.1875935923E-01
   -0.1829745597        0.2708560080E-02   -0.5930605087E-02   -0.2798936656E-01    0.2173976078E-01
   -0.1810176125        0.6044563419E-03   -0.8355427951E-02   -0.2547418046E-01    0.2465484844E-01
   -0.1790606654       -0.1483933694E-02   -0.1077428878E-01   -0.2289678864E-01    0.2749597890E-01
   -0.1771037182       -0.3550229488E-02   -0.1318101952E-01   -0.2026359661E-01    0.3025476407E-01
   -0.1751467710       -0.5588120421E-02   -0.1556952371E-01   -0.1758112517E-01    0.3292309694E-01
   -0.1731898239       -0.7591384622E-02   -0.1793379530E-01   -0.1485599170E-01    0.3549317646E-01
   -0.1712328767       -0.9553906599E-02   -0.2026793580E-01   -0.1209489104E-01    0.3795752958E-01
   -0.1692759295       -0.1146969447E-01   -0.2256617094E-01   -0.9304576280E-02    0.4030903161E-01
   -0.1673189824       -0.1333289639E-01   -0.2482286686E-01   -0.6491840767E-02    0.4254092620E-01
   -0.1653620352       -0.1513781686E-01   -0.2703254629E-01   -0.3663500015E-02    0.4464684452E-01
   -0.1634050881       -0.1687893205E-01   -0.2918990361E-01   -0.8263739386E-03    0.4662082268E-01
   -0.1614481409       -0.1855090487E-01   -0.3128981982E-01    0.2012731030E-02    0.4845731803E-01
   -0.1594911937       -0.2014859896E-01   -0.3332737624E-01    0.4847039361E-02    0.5015122368E-01
   -0.1575342466       -0.2166709236E-01   -0.3529786804E-01    0.7669823869E-02    0.5169788171E-01
   -0.1555772994       -0.2310168999E-01   -0.3719681643E-01    0.1047442260E-01    0.5309309463E-01
   -0.1536203523       -0.2444793575E-01   -0.3901998064E-01    0.1325425566E-01    0.5433313548E-01
   -0.1516634051       -0.2570162344E-01   -0.4076336848E-01    0.1600284133E-01    0.5541475602E-01
   -0.1497064579       -0.2685880708E-01   -0.4242324656E-01    0.1871381211E-01    0.5633519360E-01
   -0.1477495108       -0.2791581016E-01   -0.4399614917E-01    0.2138092993E-01    0.5709217617E-01
   -0.1457925636       -0.2886923416E-01   -0.4547888668E-01    0.2399810119E-01    0.5768392584E-01
   -0.1438356164       -0.2971596595E-01   -0.4686855251E-01    0.2655939090E-01    0.5810916063E-01
   -0.1418786693       -0.3045318451E-01   -0.4816252979E-01    0.2905903660E-01    0.5836709483E-01
   -0.1399217221       -0.3107836640E-01   -0.4935849638E-01    0.3149146128E-01    0.5845743747E-01
   -0.1379647750       -0.3158929060E-01   -0.5045442954E-01    0.3385128598E-01    0.5838038954E-01
   -0.1360078278       -0.3198404207E-01   -0.5144860915E-01    0.3613334144E-01    0.5813663935E-01
   -0.1340508806       -0.3226101467E-01   -0.5233962040E-01    0.3833267926E-01    0.5772735665E-01
   -0.1320939335       -0.3241891280E-01   -0.5312635506E-01    0.4044458211E-01    0.5715418500E-01
   -0.1301369863       -0.3245675245E-01   -0.5380801230E-01    0.4246457341E-01    0.5641923296E-01
   -0.1281800391       -0.3237386089E-01   -0.5438409800E-01    0.4438842604E-01    0.5552506366E-01
   -0.1262230920       -0.3216987589E-01   -0.5485442373E-01    0.4621217037E-01    0.5447468321E-01
   -0.1242661448       -0.3184474355E-01   -0.5521910421E-01    0.4793210145E-01    0.5327152769E-01
   -0.1223091977       -0.3139871543E-01   -0.5547855400E-01    0.4954478500E-01    0.5191944860E-01
   -0.1203522505       -0.3083234339E-01   -0.5563348123E-01    0.5104706102E-01    0.5042269550E-01
   -0.1183953033       -0.3014647482E-01   -0.5568488221E-01    0.5243604769E-01    0.4878589919E-01
   -0.1164383562       -0.2934224724E-01   -0.5563403543E-01    0.5370914486E-01    0.4701405440E-01
   -0.1144814090       -0.2842108244E-01   -0.5548249544E-01    0.5486403713E-01    0.4511250194E-01
   -0.1125244618       -0.2738467964E-01   -0.5523208536E-01    0.5589869584E-01    0.4308690968E-01
   -0.1105675147       -0.2623500828E-01   -0.5488488934E-01    0.5681138055E-01    0.4094325311E-01
   -0.1086105675       -0.2497429978E-01   -0.5444324373E-01    0.5760063958E-01    0.3868779496E-01
   -0.1066536204       -0.2360503912E-01   -0.5390972825E-01    0.5826530995E-01    0.3632706437E-01
   -0.1046966732       -0.2212995534E-01   -0.5328715597E-01    0.5880451642E-01    0.3386783539E-01
   -0.1027397260       -0.2055201200E-01   -0.5257856326E-01    0.5921767002E-01    0.3131710521E-01
   -0.1007827789       -0.1887439669E-01   -0.5178719877E-01    0.5950446567E-01    0.2868207179E-01
   -0.9882583170E-01   -0.1710051045E-01   -0.5091651242E-01    0.5966487930E-01    0.2597011137E-01
   -0.9686888454E-01   -0.1523395638E-01   -0.4997014338E-01    0.5969916413E-01    0.2318875557E-01
   -0.9491193738E-01   -0.1327852831E-01   -0.4895190831E-01    0.5960784650E-01    0.2034566857E-01
   -0.9295499022E-01   -0.1123819862E-01   -0.4786578858E-01    0.5939172086E-01    0.1744862391E-01
   -0.9099804305E-01   -0.9117106282E-02   -0.4671591782E-01    0.5905184445E-01    0.1450548160E-01
   -0.8904109589E-01   -0.6919544119E-02   -0.4550656865E-01    0.5858953106E-01    0.1152416498E-01
   -0.8708414873E-01   -0.4649946334E-02   -0.4424213965E-01    0.5800634459E-01    0.8512638005E-02
   -0.8512720157E-01   -0.2312875427E-02   -0.4292714171E-01    0.5730409184E-01    0.5478882489E-02
   -0.8317025440E-01    0.8699064400E-04   -0.4156618474E-01    0.5648481499E-01    0.2430875819E-02
   -0.8121330724E-01    0.2544871752E-02   -0.4016396373E-01    0.5555078347E-01   -0.6234311893E-03
   -0.7925636008E-01    0.5055898600E-02   -0.3872524531E-01    0.5450448556E-01   -0.3676135830E-02
   -0.7729941292E-01    0.7615126074E-02   -0.3725485378E-01    0.5334861944E-01   -0.6719404804E-02
   -0.7534246575E-01    0.1021754624E-01   -0.3575765764E-01    0.5208608403E-01   -0.9745494786E-02
   -0.7338551859E-01    0.1285810159E-01   -0.3423855570E-01    0.5071996927E-01   -0.1274677262E-01
   -0.7142857143E-01    0.1553169784E-01   -0.3270246342E-01    0.4925354550E-01   -0.1571573446E-01
   -0.6947162427E-01    0.1823321667E-01   -0.3115429877E-01    0.4769025204E-01   -0.1864502412E-01
   -0.6751467710E-01    0.2095752788E-01   -0.2959896945E-01    0.4603368691E-01   -0.2152745063E-01
   -0.6555772994E-01    0.2369950174E-01   -0.2804135986E-01    0.4428759646E-01   -0.2435600527E-01
   -0.6360078278E-01    0.2645402066E-01   -0.2648631894E-01    0.4245586496E-01   -0.2712387764E-01
   -0.6164383562E-01    0.2921599098E-01   -0.2493864764E-01    0.4054250395E-01   -0.2982447109E-01
   -0.5968688845E-01    0.3198035413E-01   -0.2340308729E-01    0.3855164168E-01   -0.3245141713E-01
   -0.5772994129E-01    0.3474209780E-01   -0.2188430777E-01    0.3648751226E-01   -0.3499858920E-01
   -0.5577299413E-01    0.3749626642E-01   -0.2038689653E-01    0.3435444504E-01   -0.3746011531E-01
   -0.5381604697E-01    0.4023797159E-01   -0.1891534751E-01    0.3215685371E-01   -0.3983038997E-01
   -0.5185909980E-01    0.4296240185E-01   -0.1747405091E-01    0.2989922572E-01   -0.4210408508E-01
   -0.4990215264E-01    0.4566483232E-01   -0.1606728297E-01    0.2758611147E-01   -0.4427615995E-01
   -0.4794520548E-01    0.4834063359E-01   -0.1469919659E-01    0.2522211380E-01   -0.4634187029E-01
   -0.4598825832E-01    0.5098528053E-01   -0.1337381199E-01    0.2281187742E-01   -0.4829677639E-01
   -0.4403131115E-01    0.5359436030E-01   -0.1209500826E-01    0.2036007857E-01   -0.5013675017E-01
   -0.4207436399E-01    0.5616358022E-01   -0.1086651498E-01    0.1787141472E-01   -0.5185798144E-01
   -0.4011741683E-01    0.5868877486E-01   -0.9691904773E-02    0.1535059459E-01   -0.5345698302E-01
   -0.3816046967E-01    0.6116591292E-01   -0.8574585900E-02    0.1280232817E-01   -0.5493059513E-01
   -0.3620352250E-01    0.6359110338E-01   -0.7517795856E-02    0.1023131714E-01   -0.5627598861E-01
   -0.3424657534E-01    0.6596060135E-01   -0.6524595007E-02    0.7642245309E-02   -0.5749066741E-01
   -0.3228962818E-01    0.6827081326E-01   -0.5597861227E-02    0.5039769524E-02   -0.5857246996E-01
   -0.3033268102E-01    0.7051830171E-01   -0.4740284607E-02    0.2428510607E-02   -0.5951956986E-01
   -0.2837573386E-01    0.7269978960E-01   -0.3954363164E-02   -0.1869552110E-03   -0.6033047542E-01
   -0.2641878669E-01    0.7481216405E-01   -0.3242398618E-02   -0.2802104778E-02   -0.6100402859E-01
   -0.2446183953E-01    0.7685247944E-01   -0.2606493179E-02   -0.5412476005E-02   -0.6153940283E-01
   -0.2250489237E-01    0.7881796033E-01   -0.2048546474E-02   -0.8013675719E-02   -0.6193610020E-01
   -0.2054794521E-01    0.8070600300E-01   -0.1570253859E-02   -0.1060138690E-01   -0.6219394689E-01
   -0.1859099804E-01    0.8251417721E-01   -0.1173104601E-02   -0.1317137571E-01   -0.6231308850E-01
   -0.1663405088E-01    0.8424022720E-01   -0.8583808535E-03   -0.1571949804E-01   -0.6229398478E-01
   -0.1467710372E-01    0.8588207266E-01   -0.6271566531E-03   -0.1824170586E-01   -0.6213740382E-01
   -0.1272015656E-01    0.8743780888E-01   -0.4802978772E-03   -0.2073405302E-01   -0.6184441546E-01
   -0.1076320939E-01    0.8890570681E-01   -0.4184622194E-03   -0.2319270092E-01   -0.6141638422E-01
   -0.8806262231E-02    0.9028421239E-01   -0.4421001099E-03   -0.2561392362E-01   -0.6085496146E-01
   -0.6849315068E-02    0.9157194574E-01   -0.5514556277E-03   -0.2799411277E-01   -0.6016207714E-01
   -0.4892367906E-02    0.9276769970E-01   -0.7465683357E-03   -0.3032978197E-01   -0.5933993092E-01
   -0.2935420744E-02    0.9387043822E-01   -0.1027275083E-02   -0.3261757099E-01   -0.5839098290E-01
   -0.9784735812E-03    0.9487929415E-01   -0.1393212700E-02   -0.3485424940E-01   -0.5731794372E-01
    0.9784735812E-03    0.9579356697E-01   -0.1843820640E-02   -0.3703672008E-01   -0.5612376449E-01
    0.2935420744E-02    0.9661271983E-01   -0.2378344475E-02   -0.3916202208E-01   -0.5481162609E-01
    0.4892367906E-02    0.9733637663E-01   -0.2995839310E-02   -0.4122733346E-01   -0.5338492831E-01
    0.6849315068E-02    0.9796431849E-01   -0.3695174027E-02   -0.4322997343E-01   -0.5184727853E-01
    0.8806262231E-02    0.9849648024E-01   -0.4475035404E-02   -0.4516740445E-01   -0.5020248028E-01
    0.1076320939E-01    0.9893294631E-01   -0.5333933037E-02   -0.4703723372E-01   -0.4845452142E-01
    0.1272015656E-01    0.9927394674E-01   -0.6270204103E-02   -0.4883721455E-01   -0.4660756226E-01
    0.1467710372E-01    0.9951985259E-01   -0.7282018886E-02   -0.5056524723E-01   -0.4466592332E-01
    0.1663405088E-01    0.9967117155E-01   -0.8367386115E-02   -0.5221937973E-01   -0.4263407322E-01
    0.1859099804E-01    0.9972854293E-01   -0.9524159024E-02   -0.5379780789E-01   -0.4051661622E-01
    0.2054794521E-01    0.9969273288E-01   -0.1075004119E-01   -0.5529887552E-01   -0.3831827990E-01
    0.2250489237E-01    0.9956462916E-01   -0.1204259307E-01   -0.5672107400E-01   -0.3604390264E-01
    0.2446183953E-01    0.9934523600E-01   -0.1339923825E-01   -0.5806304175E-01   -0.3369842128E-01
    0.2641878669E-01    0.9903566863E-01   -0.1481727040E-01   -0.5932356326E-01   -0.3128685863E-01
    0.2837573386E-01    0.9863714836E-01   -0.1629386021E-01   -0.6050156805E-01   -0.2881431125E-01
    0.3033268102E-01    0.9815099754E-01   -0.1782606333E-01   -0.6159612912E-01   -0.2628593712E-01
    0.3228962818E-01    0.9757863430E-01   -0.1941082742E-01   -0.6260646140E-01   -0.2370694361E-01
    0.3424657534E-01    0.9692156684E-01   -0.2104499966E-01   -0.6353191974E-01   -0.2108257543E-01
    0.3620352250E-01    0.9618138794E-01   -0.2272533391E-01   -0.6437199687E-01   -0.1841810301E-01
    0.3816046967E-01    0.9535976919E-01   -0.2444849837E-01   -0.6512632093E-01   -0.1571881074E-01
    0.4011741683E-01    0.9445845557E-01   -0.2621108292E-01   -0.6579465300E-01   -0.1298998577E-01
    0.4207436399E-01    0.9347925970E-01   -0.2800960691E-01   -0.6637688426E-01   -0.1023690682E-01
    0.4403131115E-01    0.9242405645E-01   -0.2984052648E-01   -0.6687303311E-01   -0.7464833452E-02
    0.4598825832E-01    0.9129477729E-01   -0.3170024247E-01   -0.6728324198E-01   -0.4678995421E-02
    0.4794520548E-01    0.9009340506E-01   -0.3358510775E-01   -0.6760777413E-01   -0.1884582573E-02
    0.4990215264E-01    0.8882196845E-01   -0.3549143508E-01   -0.6784701014E-01    0.9132651577E-03
    0.5185909980E-01    0.8748253693E-01   -0.3741550442E-01   -0.6800144441E-01    0.3709467187E-02
    0.5381604697E-01    0.8607721547E-01   -0.3935357071E-01   -0.6807168139E-01    0.6499011578E-02
    0.5577299413E-01    0.8460813966E-01   -0.4130187103E-01   -0.6805843186E-01    0.9276963745E-02
    0.5772994129E-01    0.8307747070E-01   -0.4325663233E-01   -0.6796250894E-01    0.1203847499E-01
    0.5968688845E-01    0.8148739080E-01   -0.4521407838E-01   -0.6778482416E-01    0.1477879044E-01
    0.6164383562E-01    0.7984009842E-01   -0.4717043733E-01   -0.6752638327E-01    0.1749325675E-01
    0.6360078278E-01    0.7813780401E-01   -0.4912194849E-01   -0.6718828222E-01    0.2017732922E-01
    0.6555772994E-01    0.7638272559E-01   -0.5106486957E-01   -0.6677170284E-01    0.2282657870E-01
    0.6751467710E-01    0.7457708480E-01   -0.5299548333E-01   -0.6627790864E-01    0.2543669784E-01
    0.6947162427E-01    0.7272310280E-01   -0.5491010451E-01   -0.6570824046E-01    0.2800350710E-01
    0.7142857143E-01    0.7082299678E-01   -0.5680508613E-01   -0.6506411223E-01    0.3052296011E-01
    0.7338551859E-01    0.6887897617E-01   -0.5867682620E-01   -0.6434700650E-01    0.3299114891E-01
    0.7534246575E-01    0.6689323952E-01   -0.6052177368E-01   -0.6355847023E-01    0.3540430833E-01
    0.7729941292E-01    0.6486797140E-01   -0.6233643503E-01   -0.6270011044E-01    0.3775882042E-01
    0.7925636008E-01    0.6280534133E-01   -0.6411738153E-01   -0.6177359100E-01    0.4005121864E-01
    0.8121330724E-01    0.6070750174E-01   -0.6586125634E-01   -0.6078062874E-01    0.4227819176E-01
    0.8317025440E-01    0.5857658553E-01   -0.6756477998E-01   -0.5972298925E-01    0.4443658681E-01
    0.8512720157E-01    0.5641470341E-01   -0.6922475601E-01   -0.5860248244E-01    0.4652341175E-01
    0.8708414873E-01    0.5422394170E-01   -0.7083807598E-01   -0.5742095834E-01    0.4853583752E-01
    0.8904109589E-01    0.5200636004E-01   -0.7240172468E-01   -0.5618030271E-01    0.5047119981E-01
    0.9099804305E-01    0.4976398962E-01   -0.7391278465E-01   -0.5488243295E-01    0.5232700024E-01
    0.9295499022E-01    0.4749883129E-01   -0.7536844090E-01   -0.5352929386E-01    0.5410090721E-01
    0.9491193738E-01    0.4521285414E-01   -0.7676598503E-01   -0.5212285363E-01    0.5579075627E-01
    0.9686888454E-01    0.4290799401E-01   -0.7810281945E-01   -0.5066509979E-01    0.5739455012E-01
    0.9882583170E-01    0.4058615246E-01   -0.7937646094E-01   -0.4915803536E-01    0.5891045809E-01
    0.1007827789        0.3824919562E-01   -0.8058454450E-01   -0.4760367494E-01    0.6033681536E-01
    0.1027397260        0.3589895354E-01   -0.8172482631E-01   -0.4600404112E-01    0.6167212164E-01
    0.1046966732        0.3353721942E-01   -0.8279518711E-01   -0.4436116077E-01    0.6291503957E-01
    0.1066536204        0.3116574926E-01   -0.8379363468E-01   -0.4267706169E-01    0.6406439261E-01
    0.1086105675        0.2878626143E-01   -0.8471830668E-01   -0.4095376915E-01    0.6511916273E-01
    0.1105675147        0.2640043667E-01   -0.8556747263E-01   -0.3919330283E-01    0.6607848750E-01
    0.1125244618        0.2400991796E-01   -0.8633953626E-01   -0.3739767365E-01    0.6694165714E-01
    0.1144814090        0.2161631083E-01   -0.8703303697E-01   -0.3556888106E-01    0.6770811084E-01
    0.1164383562        0.1922118346E-01   -0.8764665163E-01   -0.3370891020E-01    0.6837743315E-01
    0.1183953033        0.1682606732E-01   -0.8817919563E-01   -0.3181972959E-01    0.6894934974E-01
    0.1203522505        0.1443245752E-01   -0.8862962412E-01   -0.2990328869E-01    0.6942372308E-01
    0.1223091977        0.1204181366E-01   -0.8899703253E-01   -0.2796151604E-01    0.6980054771E-01
    0.1242661448        0.9655560422E-02   -0.8928065740E-01   -0.2599631736E-01    0.7007994537E-01
    0.1262230920        0.7275088644E-02   -0.8947987644E-01   -0.2400957416E-01    0.7026215989E-01
    0.1281800391        0.4901756304E-02   -0.8959421002E-01   -0.2200314278E-01    0.7034755296E-01
    0.1301369863        0.2536890157E-02   -0.8962332372E-01   -0.1997885431E-01    0.7033660111E-01
    0.1320939335        0.1817864360E-03   -0.8956702885E-01   -0.1793851386E-01    0.7022989112E-01
    0.1340508806       -0.2162288149E-02   -0.8942528138E-01   -0.1588390015E-01    0.7002811443E-01
    0.1360078278       -0.4494095740E-02   -0.8919818134E-01   -0.1381676527E-01    0.6973206200E-01
    0.1379647750       -0.6812426223E-02   -0.8888597120E-01   -0.1173883502E-01    0.6934261905E-01
    0.1399217221       -0.9116096462E-02   -0.8848903479E-01   -0.9651809438E-02    0.6886076025E-01
    0.1418786693       -0.1140394911E-01   -0.8800789519E-01   -0.7557363866E-02    0.6828754510E-01
    0.1438356164       -0.1367485179E-01   -0.8744321315E-01   -0.5457150194E-02    0.6762411395E-01
    0.1457925636       -0.1592769582E-01   -0.8679578457E-01   -0.3352798618E-02    0.6687168434E-01
    0.1477495108       -0.1816139543E-01   -0.8606653841E-01   -0.1245919411E-02    0.6603154823E-01
    0.1497064579       -0.2037488642E-01   -0.8525653376E-01    0.8618948554E-03    0.6510506957E-01
    0.1516634051       -0.2256712534E-01   -0.8436695736E-01    0.2969067236E-02    0.6409368290E-01
    0.1536203523       -0.2473708823E-01   -0.8339912019E-01    0.5074034040E-02    0.6299889225E-01
    0.1555772994       -0.2688376979E-01   -0.8235445463E-01    0.7175242769E-02    0.6182227095E-01
    0.1575342466       -0.2900618216E-01   -0.8123451073E-01    0.9271149918E-02    0.6056546172E-01
    0.1594911937       -0.3110335413E-01   -0.8004095289E-01    0.1136021923E-01    0.5923017740E-01
    0.1614481409       -0.3317432999E-01   -0.7877555589E-01    0.1344091991E-01    0.5781820172E-01
    0.1634050881       -0.3521816879E-01   -0.7744020122E-01    0.1551172546E-01    0.5633139055E-01
    0.1653620352       -0.3723394333E-01   -0.7603687273E-01    0.1757111241E-01    0.5477167290E-01
    0.1673189824       -0.3922073945E-01   -0.7456765277E-01    0.1961755979E-01    0.5314105219E-01
    0.1692759295       -0.4117765515E-01   -0.7303471750E-01    0.2164954855E-01    0.5144160709E-01
    0.1712328767       -0.4310380003E-01   -0.7144033278E-01    0.2366556154E-01    0.4967549244E-01
    0.1731898239       -0.4499829445E-01   -0.6978684928E-01    0.2566408358E-01    0.4784493965E-01
    0.1751467710       -0.4686026912E-01   -0.6807669809E-01    0.2764360197E-01    0.4595225698E-01
    0.1771037182       -0.4868886468E-01   -0.6631238600E-01    0.2960260717E-01    0.4399982964E-01
    0.1790606654       -0.5048323351E-01   -0.6449649387E-01    0.3153959533E-01    0.4199012153E-01
    0.1810176125       -0.5224254119E-01   -0.6263167333E-01    0.3345307073E-01    0.3992567568E-01
    0.1829745597       -0.5396596708E-01   -0.6072064185E-01    0.3534154784E-01    0.3780911282E-01
    0.1849315068       -0.5565270439E-01   -0.5876617673E-01    0.3720355301E-01    0.3564312900E-01
    0.1868884540       -0.5730196071E-01   -0.5677110971E-01    0.3903762666E-01    0.3343049325E-01
    0.1888454012       -0.5891295818E-01   -0.5473832084E-01    0.4084232516E-01    0.3117404452E-01
    0.1908023483       -0.6048493415E-01   -0.5267073304E-01    0.4261622311E-01    0.2887668860E-01
    0.1927592955       -0.6201714147E-01   -0.5057130591E-01    0.4435791535E-01    0.2654139445E-01
    0.1947162427       -0.6350884924E-01   -0.4844303015E-01    0.4606601933E-01    0.2417119049E-01
    0.1966731898       -0.6495934318E-01   -0.4628892142E-01    0.4773917711E-01    0.2176916035E-01
    0.1986301370       -0.6636792650E-01   -0.4411201475E-01    0.4937605775E-01    0.1933843869E-01
    0.2005870841       -0.6773392039E-01   -0.4191535842E-01    0.5097535934E-01    0.1688220640E-01
    0.2025440313       -0.6905666493E-01   -0.3970200847E-01    0.5253581132E-01    0.1440368601E-01
    0.2045009785       -0.7033551967E-01   -0.3747502256E-01    0.5405617643E-01    0.1190613650E-01
    0.2064579256       -0.7156986465E-01   -0.3523745471E-01    0.5553525301E-01    0.9392848318E-02
    0.2084148728       -0.7275910103E-01   -0.3299234922E-01    0.5697187682E-01    0.6867137893E-02
    0.2103718200       -0.7390265216E-01   -0.3074273556E-01    0.5836492325E-01    0.4332342369E-02
    0.2123287671       -0.7499996426E-01   -0.2849162252E-01    0.5971330903E-01    0.1791813876E-02
    0.2142857143       -0.7605050756E-01   -0.2624199324E-01    0.6101599428E-01   -0.7510859484E-03
    0.2162426614       -0.7705377702E-01   -0.2399679963E-01    0.6227198408E-01   -0.3292991848E-02
    0.2181996086       -0.7800929346E-01   -0.2175895763E-01    0.6348033038E-01   -0.5830540546E-02
    0.2201565558       -0.7891660432E-01   -0.1953134186E-01    0.6464013338E-01   -0.8360376736E-02
    0.2221135029       -0.7977528483E-01   -0.1731678124E-01    0.6575054326E-01   -0.1087915873E-01
    0.2240704501       -0.8058493869E-01   -0.1511805387E-01    0.6681076142E-01   -0.1338356445E-01
    0.2260273973       -0.8134519938E-01   -0.1293788302E-01    0.6782004199E-01   -0.1587029711E-01
    0.2279843444       -0.8205573258E-01   -0.1077893248E-01    0.6877769479E-01   -0.1833609159E-01
    0.2299412916       -0.8271624310E-01   -0.8643803201E-02    0.6968309238E-01   -0.2077772175E-01
    0.2318982387       -0.8332647737E-01   -0.6535028362E-02    0.7053567291E-01   -0.2319200754E-01
    0.2338551859       -0.8388622481E-01   -0.4455069355E-02    0.7133494143E-01   -0.2557582135E-01
    0.2358121331       -0.8439531854E-01   -0.2406311107E-02    0.7208047076E-01   -0.2792609459E-01
    0.2377690802       -0.8485363661E-01   -0.3910585035E-03    0.7277190248E-01   -0.3023982377E-01
    0.2397260274       -0.8526110254E-01    0.1588467811E-02    0.7340894745E-01   -0.3251407667E-01
    0.2416829746       -0.8561768638E-01    0.3530134505E-02    0.7399138644E-01   -0.3474599812E-01
    0.2436399217       -0.8592340504E-01    0.5431899257E-02    0.7451907033E-01   -0.3693281576E-01
    0.2455968689       -0.8617832318E-01    0.7291813301E-02    0.7499192041E-01   -0.3907184534E-01
    0.2475538160       -0.8638255339E-01    0.9108024594E-02    0.7540992820E-01   -0.4116049604E-01
    0.2495107632       -0.8653625680E-01    0.1087877982E-01    0.7577315546E-01   -0.4319627526E-01
    0.2514677104       -0.8663964307E-01    0.1260242701E-01    0.7608173364E-01   -0.4517679340E-01
    0.2534246575       -0.8669297085E-01    0.1427741699E-01    0.7633586356E-01   -0.4709976808E-01
    0.2553816047       -0.8669654747E-01    0.1590230546E-01    0.7653581454E-01   -0.4896302837E-01
    0.2573385519       -0.8665072923E-01    0.1747575385E-01    0.7668192378E-01   -0.5076451837E-01
    0.2592954990       -0.8655592081E-01    0.1899653089E-01    0.7677459513E-01   -0.5250230084E-01
    0.2612524462       -0.8641257540E-01    0.2046351286E-01    0.7681429818E-01   -0.5417456007E-01
    0.2632093933       -0.8622119385E-01    0.2187568465E-01    0.7680156674E-01   -0.5577960493E-01
    0.2651663405       -0.8598232452E-01    0.2323213945E-01    0.7673699760E-01   -0.5731587104E-01
    0.2671232877       -0.8569656230E-01    0.2453207922E-01    0.7662124877E-01   -0.5878192307E-01
    0.2690802348       -0.8536454817E-01    0.2577481393E-01    0.7645503797E-01   -0.6017645630E-01
    0.2710371820       -0.8498696797E-01    0.2695976146E-01    0.7623914058E-01   -0.6149829821E-01
    0.2729941292       -0.8456455179E-01    0.2808644632E-01    0.7597438788E-01   -0.6274640926E-01
    0.2749510763       -0.8409807246E-01    0.2915449909E-01    0.7566166475E-01   -0.6391988382E-01
    0.2769080235       -0.8358834543E-01    0.3016365481E-01    0.7530190828E-01   -0.6501795073E-01
    0.2788649706       -0.8303623382E-01    0.3111375425E-01    0.7489611082E-01   -0.6603997840E-01
    0.2808219178       -0.8244265433E-01    0.3200474428E-01    0.7444532362E-01   -0.6698547956E-01
    0.2827788650       -0.8180857590E-01    0.3283667724E-01    0.7395065462E-01   -0.6785411192E-01
    0.2847358121       -0.8113501797E-01    0.3360970852E-01    0.7341326579E-01   -0.6864567714E-01
    0.2866927593       -0.8042304795E-01    0.3432409520E-01    0.7283436995E-01   -0.6936012004E-01
    0.2886497065       -0.7967377933E-01    0.3498019310E-01    0.7221522794E-01   -0.6999752677E-01
    0.2906066536       -0.7888836890E-01    0.3557845488E-01    0.7155714525E-01   -0.7055812322E-01
    0.2925636008       -0.7806801459E-01    0.3611942667E-01    0.7086146897E-01   -0.7104227243E-01
    0.2945205479       -0.7721395254E-01    0.3660374568E-01    0.7012958428E-01   -0.7145047216E-01
    0.2964774951       -0.7632745471E-01    0.3703213641E-01    0.6936291129E-01   -0.7178335165E-01
    0.2984344423       -0.7540982575E-01    0.3740540785E-01    0.6856290132E-01   -0.7204166843E-01
    0.3003913894       -0.7446240051E-01    0.3772444933E-01    0.6773103375E-01   -0.7222630437E-01
    0.3023483366       -0.7348654070E-01    0.3799022743E-01    0.6686881221E-01   -0.7233826192E-01
    0.3043052838       -0.7248363239E-01    0.3820378144E-01    0.6597776134E-01   -0.7237865951E-01
    0.3062622309       -0.7145508248E-01    0.3836622005E-01    0.6505942298E-01   -0.7234872721E-01
    0.3082191781       -0.7040231613E-01    0.3847871652E-01    0.6411535296E-01   -0.7224980160E-01
    0.3101761252       -0.6932677320E-01    0.3854250521E-01    0.6314711726E-01   -0.7208332099E-01
    0.3121330724       -0.6822990569E-01    0.3855887655E-01    0.6215628890E-01   -0.7185081976E-01
    0.3140900196       -0.6711317408E-01    0.3852917342E-01    0.6114444412E-01   -0.7155392321E-01
    0.3160469667       -0.6597804479E-01    0.3845478596E-01    0.6011315936E-01   -0.7119434158E-01
    0.3180039139       -0.6482598657E-01    0.3833714795E-01    0.5906400757E-01   -0.7077386452E-01
    0.3199608611       -0.6365846804E-01    0.3817773151E-01    0.5799855532E-01   -0.7029435484E-01
    0.3219178082       -0.6247695404E-01    0.3797804343E-01    0.5691835922E-01   -0.6975774277E-01
    0.3238747554       -0.6128290335E-01    0.3773961996E-01    0.5582496320E-01   -0.6916601957E-01
    0.3258317025       -0.6007776509E-01    0.3746402313E-01    0.5471989514E-01   -0.6852123160E-01
    0.3277886497       -0.5886297875E-01    0.3715283698E-01    0.5360466640E-01   -0.6782547644E-01
    0.3297455969       -0.5763997889E-01    0.3680766925E-01    0.5248077635E-01   -0.6708090680E-01
    0.3317025440       -0.5641019538E-01    0.3643014794E-01    0.5134971221E-01   -0.6628972706E-01
    0.3336594912       -0.5517504939E-01    0.3602191779E-01    0.5021294537E-01   -0.6545418694E-01
    0.3356164384       -0.5393595065E-01    0.3558463489E-01    0.4907192856E-01   -0.6457657429E-01
    0.3375733855       -0.5269429353E-01    0.3511996321E-01    0.4792809219E-01   -0.6365920860E-01
    0.3395303327       -0.5145145451E-01    0.3462956934E-01    0.4678284185E-01   -0.6270443383E-01
    0.3414872798       -0.5020878841E-01    0.3411511917E-01    0.4563755491E-01   -0.6171461201E-01
    0.3434442270       -0.4896762619E-01    0.3357827285E-01    0.4449357834E-01   -0.6069211621E-01
    0.3454011742       -0.4772927138E-01    0.3302068170E-01    0.4335222560E-01   -0.5963932433E-01
    0.3473581213       -0.4649499818E-01    0.3244398331E-01    0.4221477477E-01   -0.5855861230E-01
    0.3493150685       -0.4526604817E-01    0.3184979889E-01    0.4108246579E-01   -0.5745234818E-01
    0.3512720157       -0.4404362874E-01    0.3123972851E-01    0.3995649894E-01   -0.5632288564E-01
    0.3532289628       -0.4282891009E-01    0.3061534883E-01    0.3883803241E-01   -0.5517255849E-01
    0.3551859100       -0.4162302398E-01    0.2997820867E-01    0.3772818113E-01   -0.5400367445E-01
    0.3571428571       -0.4042706108E-01    0.2932982707E-01    0.3662801471E-01   -0.5281851026E-01
    0.3590998043       -0.3924207004E-01    0.2867168917E-01    0.3553855662E-01   -0.5161930580E-01
    0.3610567515       -0.3806905518E-01    0.2800524474E-01    0.3446078251E-01   -0.5040825976E-01
    0.3630136986       -0.3690897599E-01    0.2733190436E-01    0.3339561974E-01   -0.4918752424E-01
    0.3649706458       -0.3576274502E-01    0.2665303835E-01    0.3234394603E-01   -0.4795920098E-01
    0.3669275930       -0.3463122784E-01    0.2596997335E-01    0.3130658938E-01   -0.4672533653E-01
    0.3688845401       -0.3351524126E-01    0.2528399167E-01    0.3028432705E-01   -0.4548791904E-01
    0.3708414873       -0.3241555361E-01    0.2459632818E-01    0.2927788582E-01   -0.4424887403E-01
    0.3727984344       -0.3133288331E-01    0.2390817019E-01    0.2828794133E-01   -0.4301006174E-01
    0.3747553816       -0.3026789950E-01    0.2322065457E-01    0.2731511862E-01   -0.4177327353E-01
    0.3767123288       -0.2922122117E-01    0.2253486840E-01    0.2635999206E-01   -0.4054023028E-01
    0.3786692759       -0.2819342162E-01    0.2185184896E-01    0.2542308929E-01   -0.3931258395E-01
    0.3806262231       -0.2718503165E-01    0.2117258784E-01    0.2450489478E-01   -0.3809192216E-01
    0.3825831703       -0.2619654083E-01    0.2049802862E-01    0.2360585102E-01   -0.3687976550E-01
    0.3845401174       -0.2522839581E-01    0.1982906744E-01    0.2272635759E-01   -0.3567756562E-01
    0.3864970646       -0.2428100132E-01    0.1916655043E-01    0.2186677216E-01   -0.3448670222E-01
    0.3884540117       -0.2335471881E-01    0.1851127482E-01    0.2102740992E-01   -0.3330848190E-01
    0.3904109589       -0.2244986790E-01    0.1786398658E-01    0.2020854486E-01   -0.3214413563E-01
    0.3923679061       -0.2156672527E-01    0.1722538204E-01    0.1941040951E-01   -0.3099481836E-01
    0.3943248532       -0.2070552650E-01    0.1659610570E-01    0.1863319659E-01   -0.2986160699E-01
    0.3962818004       -0.1986646525E-01    0.1597675232E-01    0.1787705893E-01   -0.2874550058E-01
    0.3982387476       -0.1904969550E-01    0.1536786494E-01    0.1714211145E-01   -0.2764741896E-01
    0.4001956947       -0.1825533086E-01    0.1476993737E-01    0.1642843126E-01   -0.2656820345E-01
    0.4021526419       -0.1748344725E-01    0.1418341234E-01    0.1573606000E-01   -0.2550861593E-01
    0.4041095890       -0.1673408237E-01    0.1360868449E-01    0.1506500404E-01   -0.2446934023E-01
    0.4060665362       -0.1600723870E-01    0.1304609848E-01    0.1441523707E-01   -0.2345098152E-01
    0.4080234834       -0.1530288314E-01    0.1249595243E-01    0.1378670049E-01   -0.2245406826E-01
    0.4099804305       -0.1462095031E-01    0.1195849610E-01    0.1317930619E-01   -0.2147905192E-01
    0.4119373777       -0.1396134228E-01    0.1143393463E-01    0.1259293703E-01   -0.2052630943E-01
    0.4138943249       -0.1332393224E-01    0.1092242670E-01    0.1202744990E-01   -0.1959614314E-01
    0.4158512720       -0.1270856416E-01    0.1042408866E-01    0.1148267614E-01   -0.1868878369E-01
    0.4178082192       -0.1211505688E-01    0.9938992487E-02    0.1095842489E-01   -0.1780439018E-01
    0.4197651663       -0.1154320368E-01    0.9467170327E-02    0.1045448350E-01   -0.1694305337E-01
    0.4217221135       -0.1099277674E-01    0.9008612210E-02    0.9970621039E-02   -0.1610479593E-01
    0.4236790607       -0.1046352660E-01    0.8563270935E-02    0.9506588716E-02   -0.1528957600E-01
    0.4256360078       -0.9955186959E-02    0.8131059452E-02    0.9062123561E-02   -0.1449728738E-01
    0.4275929550       -0.9467474659E-02    0.7711856630E-02    0.8636949333E-02   -0.1372776428E-01
    0.4295499022       -0.9000097826E-02    0.7305506631E-02    0.8230783171E-02   -0.1298078570E-01
    0.4315068493       -0.8552755833E-02    0.6911825107E-02    0.7843336497E-02   -0.1225608053E-01
    0.4334637965       -0.8125144228E-02    0.6530595060E-02    0.7474318699E-02   -0.1155332636E-01
    0.4354207436       -0.7716953037E-02    0.6161572220E-02    0.7123436584E-02   -0.1087215265E-01
    0.4373776908       -0.7327872224E-02    0.5804480245E-02    0.6790398400E-02   -0.1021213924E-01
    0.4393346380       -0.6957589823E-02    0.5459016586E-02    0.6474913204E-02   -0.9572819840E-02
    0.4412915851       -0.6605798078E-02    0.5124846915E-02    0.6176695338E-02   -0.8953680167E-02
    0.4432485323       -0.6272191336E-02    0.4801611530E-02    0.5895463661E-02   -0.8354161669E-02
    0.4452054795       -0.5956472974E-02    0.4488918805E-02    0.5630946547E-02   -0.7773659238E-02
    0.4471624266       -0.5658352966E-02    0.4186352193E-02    0.5382880925E-02   -0.7211525090E-02
    0.4491193738       -0.5377555744E-02    0.3893462452E-02    0.5151017887E-02   -0.6667065839E-02
    0.4510763209       -0.5113817341E-02    0.3609775351E-02    0.4935121472E-02   -0.6139546551E-02
    0.4530332681       -0.4866894379E-02    0.3334782343E-02    0.4734975013E-02   -0.5628186946E-02
    0.4549902153       -0.4636560672E-02    0.3067949123E-02    0.4550379592E-02   -0.5132165635E-02
    0.4569471624       -0.4422617617E-02    0.2808704356E-02    0.4381161297E-02   -0.4650615183E-02
    0.4589041096       -0.4224890095E-02    0.2556449285E-02    0.4227169245E-02   -0.4182626549E-02
    0.4608610568       -0.4043238630E-02    0.2310543993E-02    0.4088283994E-02   -0.3727242708E-02
    0.4628180039       -0.3877554388E-02    0.2070318381E-02    0.3964415006E-02   -0.3283463350E-02
    0.4647749511       -0.3727773615E-02    0.1835055241E-02    0.3855510530E-02   -0.2850236645E-02
    0.4667318982       -0.3593871412E-02    0.1604003092E-02    0.3761554322E-02   -0.2426464350E-02
    0.4686888454       -0.3475879190E-02    0.1376355064E-02    0.3682577466E-02   -0.2010991166E-02
    0.4706457926       -0.3373876740E-02    0.1151264346E-02    0.3618654036E-02   -0.1602610501E-02
    0.4726027397       -0.3288013765E-02    0.9278174376E-03    0.3569915543E-02   -0.1200050660E-02
    0.4745596869       -0.3218499458E-02    0.7050534259E-03    0.3536545042E-02   -0.8019817137E-03
    0.4765166341       -0.3165629727E-02    0.4819293993E-03    0.3518795232E-02   -0.4069974023E-03
    0.4784735812       -0.3129772921E-02    0.2573456408E-03    0.3516980131E-02   -0.1362394379E-04
    0.4804305284       -0.3111405341E-02    0.3009964305E-04    0.3531498490E-02    0.3797041167E-03
    0.4823874755       -0.3111090601E-02   -0.2010790132E-03    0.3562821426E-02    0.7746315674E-03
    0.4843444227       -0.3129527929E-02   -0.4375922743E-03    0.3611524007E-02    0.1172915756E-02
    0.4863013699       -0.3167520113E-02   -0.6809216022E-03    0.3678265616E-02    0.1576407455E-02
    0.4882583170       -0.3226043336E-02   -0.9327214277E-03    0.3763835253E-02    0.1987098978E-02
    0.4902152642       -0.3306192229E-02   -0.1194733362E-02    0.3869117302E-02    0.2407090767E-02
    0.4921722114       -0.3409291350E-02   -0.1468937739E-02    0.3995163322E-02    0.2838667681E-02
    0.4941291585       -0.3536785720E-02   -0.1757388765E-02    0.4143123033E-02    0.3284230548E-02
    0.4960861057       -0.3690455211E-02   -0.2062510486E-02    0.4314381554E-02    0.3746441085E-02
    0.4980430528       -0.3872124029E-02   -0.2386673808E-02    0.4510375008E-02    0.4228034903E-02
    0.5000000000       -0.4084326065E-02   -0.2733124706E-02    0.4733014544E-02    0.4732265589E-02
