   -0.5000000000        0.9066250514E-03    0.4445821792E-03    0.1384081822E-02    0.3601952709E-03
   -0.4980430528        0.9515384311E-03    0.5339182200E-03    0.1437588017E-02    0.4246331699E-03
   -0.4960861057        0.1002855896E-02    0.6250958481E-03    0.1499002621E-02    0.4914722113E-03
   -0.4941291585        0.1060665416E-02    0.7187391806E-03    0.1568486120E-02    0.5610309569E-03
   -0.4921722114        0.1125035505E-02    0.8153264096E-03    0.1646202237E-02    0.6336202029E-03
   -0.4902152642        0.1196090921E-02    0.9153769511E-03    0.1732353862E-02    0.7095526776E-03
   -0.4882583170        0.1273969789E-02    0.1019361874E-02    0.1827161841E-02    0.7891393138E-03
   -0.4863013699        0.1358846033E-02    0.1127763032E-02    0.1930875335E-02    0.8726927415E-03
   -0.4843444227        0.1450910272E-02    0.1241036793E-02    0.2043762014E-02    0.9605259198E-03
   -0.4823874755        0.1550380173E-02    0.1359643740E-02    0.2166112536E-02    0.1052953997E-02
   -0.4804305284        0.1657489242E-02    0.1484029049E-02    0.2298234510E-02    0.1150293582E-02
   -0.4784735812        0.1772492534E-02    0.1614640387E-02    0.2440454667E-02    0.1252863845E-02
   -0.4765166341        0.1895659091E-02    0.1751915524E-02    0.2593114549E-02    0.1360985991E-02
   -0.4745596869        0.2027275382E-02    0.1896294203E-02    0.2756571516E-02    0.1474983892E-02
   -0.4726027397        0.2167639730E-02    0.2048209473E-02    0.2931195347E-02    0.1595183603E-02
   -0.4706457926        0.2317064471E-02    0.2208096012E-02    0.3117368563E-02    0.1721913673E-02
   -0.4686888454        0.2475871572E-02    0.2376383577E-02    0.3315483547E-02    0.1855504626E-02
   -0.4667318982        0.2644393975E-02    0.2553503030E-02    0.3525942418E-02    0.1996289027E-02
   -0.4647749511        0.2822971981E-02    0.2739881098E-02    0.3749154457E-02    0.2144600898E-02
   -0.4628180039        0.3011954034E-02    0.2935944802E-02    0.3985535648E-02    0.2300775585E-02
   -0.4608610568        0.3211693604E-02    0.3142117058E-02    0.4235506295E-02    0.2465149101E-02
   -0.4589041096        0.3422549569E-02    0.3358819956E-02    0.4499490305E-02    0.2638057817E-02
   -0.4569471624        0.3644883439E-02    0.3586470930E-02    0.4777912919E-02    0.2819837739E-02
   -0.4549902153        0.3879059424E-02    0.3825485164E-02    0.5071199796E-02    0.3010824048E-02
   -0.4530332681        0.4125441903E-02    0.4076272165E-02    0.5379774809E-02    0.3211350308E-02
   -0.4510763209        0.4384395246E-02    0.4339237504E-02    0.5704058969E-02    0.3421747884E-02
   -0.4491193738        0.4656281457E-02    0.4614779675E-02    0.6044468275E-02    0.3642345089E-02
   -0.4471624266        0.4941459812E-02    0.4903291329E-02    0.6401412508E-02    0.3873466504E-02
   -0.4452054795        0.5240284632E-02    0.5205156350E-02    0.6775293128E-02    0.4115432069E-02
   -0.4432485323        0.5553104777E-02    0.5520750688E-02    0.7166501983E-02    0.4368556334E-02
   -0.4412915851        0.5880261539E-02    0.5850439628E-02    0.7575419247E-02    0.4633147507E-02
   -0.4393346380        0.6222088026E-02    0.6194578309E-02    0.8002412084E-02    0.4909506661E-02
   -0.4373776908        0.6578907166E-02    0.6553509160E-02    0.8447832651E-02    0.5197926757E-02
   -0.4354207436        0.6951031024E-02    0.6927562195E-02    0.8912016749E-02    0.5498691828E-02
   -0.4334637965        0.7338758920E-02    0.7317052604E-02    0.9395281912E-02    0.5812076005E-02
   -0.4315068493        0.7742376723E-02    0.7722280894E-02    0.9897926090E-02    0.6138342699E-02
   -0.4295499022        0.8162155082E-02    0.8143530645E-02    0.1042022585E-01    0.6477743654E-02
   -0.4275929550        0.8598348742E-02    0.8581068554E-02    0.1096243512E-01    0.6830518156E-02
   -0.4256360078        0.9051194917E-02    0.9035142368E-02    0.1152478359E-01    0.7196892138E-02
   -0.4236790607        0.9520912573E-02    0.9505980819E-02    0.1210747540E-01    0.7577077383E-02
   -0.4217221135        0.1000769955E-01    0.9993790326E-02    0.1271068596E-01    0.7971269577E-02
   -0.4197651663        0.1051172853E-01    0.1049875156E-01    0.1333455655E-01    0.8379644898E-02
   -0.4178082192        0.1103314432E-01    0.1102101631E-01    0.1397919123E-01    0.8802358138E-02
   -0.4158512720        0.1157206256E-01    0.1156070675E-01    0.1464465510E-01    0.9239541456E-02
   -0.4138943249        0.1212856767E-01    0.1211791299E-01    0.1533097199E-01    0.9691303002E-02
   -0.4119373777        0.1270271158E-01    0.1269269225E-01    0.1603812277E-01    0.1015772568E-01
   -0.4099804305        0.1329451182E-01    0.1328506668E-01    0.1676604331E-01    0.1063886584E-01
   -0.4080234834        0.1390395029E-01    0.1389502247E-01    0.1751462282E-01    0.1113475212E-01
   -0.4060665362        0.1453097152E-01    0.1452250788E-01    0.1828370203E-01    0.1164538419E-01
   -0.4041095890        0.1517548158E-01    0.1516743242E-01    0.1907307178E-01    0.1217073170E-01
   -0.4021526419        0.1583734647E-01    0.1582966505E-01    0.1988247138E-01    0.1271073315E-01
   -0.4001956947        0.1651639123E-01    0.1650903356E-01    0.2071158745E-01    0.1326529495E-01
   -0.3982387476        0.1721239854E-01    0.1720532294E-01    0.2156005257E-01    0.1383429044E-01
   -0.3962818004        0.1792510799E-01    0.1791827493E-01    0.2242744440E-01    0.1441755909E-01
   -0.3943248532        0.1865421496E-01    0.1864758669E-01    0.2331328467E-01    0.1501490570E-01
   -0.3923679061        0.1939937014E-01    0.1939291054E-01    0.2421703862E-01    0.1562609982E-01
   -0.3904109589        0.2016017867E-01    0.2015385290E-01    0.2513811434E-01    0.1625087509E-01
   -0.3884540117        0.2093619989E-01    0.2092997432E-01    0.2607586260E-01    0.1688892889E-01
   -0.3864970646        0.2172694687E-01    0.2172078875E-01    0.2702957659E-01    0.1753992194E-01
   -0.3845401174        0.2253188643E-01    0.2252576380E-01    0.2799849214E-01    0.1820347816E-01
   -0.3825831703        0.2335043896E-01    0.2334432038E-01    0.2898178790E-01    0.1887918453E-01
   -0.3806262231        0.2418197882E-01    0.2417583331E-01    0.2997858599E-01    0.1956659118E-01
   -0.3786692759        0.2502583454E-01    0.2501963128E-01    0.3098795267E-01    0.2026521157E-01
   -0.3767123288        0.2588128949E-01    0.2587499781E-01    0.3200889937E-01    0.2097452280E-01
   -0.3747553816        0.2674758256E-01    0.2674117167E-01    0.3304038393E-01    0.2169396618E-01
   -0.3727984344        0.2762390856E-01    0.2761734750E-01    0.3408131137E-01    0.2242294728E-01
   -0.3708414873        0.2850941468E-01    0.2850267209E-01    0.3513052988E-01    0.2316083308E-01
   -0.3688845401        0.2940319816E-01    0.2939624224E-01    0.3618682828E-01    0.2390694976E-01
   -0.3669275930        0.3030430651E-01    0.3029710478E-01    0.3724893674E-01    0.2466058292E-01
   -0.3649706458        0.3121173849E-01    0.3120425778E-01    0.3831552827E-01    0.2542097805E-01
   -0.3630136986        0.3212444502E-01    0.3211665122E-01    0.3938522036E-01    0.2618734122E-01
   -0.3610567515        0.3304133051E-01    0.3303318854E-01    0.4045657686E-01    0.2695883986E-01
   -0.3590998043        0.3396125413E-01    0.3395272773E-01    0.4152811007E-01    0.2773460373E-01
   -0.3571428571        0.3488303148E-01    0.3487408316E-01    0.4259828310E-01    0.2851372598E-01
   -0.3551859100        0.3580543624E-01    0.3579602708E-01    0.4366551238E-01    0.2929526443E-01
   -0.3532289628        0.3672720227E-01    0.3671729185E-01    0.4472817052E-01    0.3007824294E-01
   -0.3512720157        0.3764702558E-01    0.3763657177E-01    0.4578458924E-01    0.3086165292E-01
   -0.3493150685        0.3856356675E-01    0.3855252569E-01    0.4683306268E-01    0.3164445505E-01
   -0.3473581213        0.3947545336E-01    0.3946377919E-01    0.4787185073E-01    0.3242558107E-01
   -0.3454011742        0.4038128267E-01    0.4036892750E-01    0.4889918274E-01    0.3320393575E-01
   -0.3434442270        0.4127962441E-01    0.4126653812E-01    0.4991326129E-01    0.3397839900E-01
   -0.3414872798        0.4216902385E-01    0.4215515396E-01    0.5091226625E-01    0.3474782806E-01
   -0.3395303327        0.4304800479E-01    0.4303329630E-01    0.5189435890E-01    0.3551105990E-01
   -0.3375733855        0.4391507301E-01    0.4389946827E-01    0.5285768632E-01    0.3626691367E-01
   -0.3356164384        0.4476871953E-01    0.4475215804E-01    0.5380038583E-01    0.3701419328E-01
   -0.3336594912        0.4560742428E-01    0.4558984257E-01    0.5472058963E-01    0.3775169012E-01
   -0.3317025440        0.4642965965E-01    0.4641099107E-01    0.5561642953E-01    0.3847818583E-01
   -0.3297455969        0.4723389432E-01    0.4721406891E-01    0.5648604178E-01    0.3919245520E-01
   -0.3277886497        0.4801859709E-01    0.4799754133E-01    0.5732757199E-01    0.3989326915E-01
   -0.3258317025        0.4878224078E-01    0.4875987748E-01    0.5813918014E-01    0.4057939774E-01
   -0.3238747554        0.4952330616E-01    0.4949955420E-01    0.5891904544E-01    0.4124961321E-01
   -0.3219178082        0.5024028345E-01    0.5021505763E-01    0.5966536840E-01    0.4190269096E-01
   -0.3199608611        0.5093166916E-01    0.5090487994E-01    0.6037636721E-01    0.4253740668E-01
   -0.3180039139        0.5159596799E-01    0.5156752132E-01    0.6105028013E-01    0.4315253757E-01
   -0.3160469667        0.5223169644E-01    0.5220149351E-01    0.6168537013E-01    0.4374686518E-01
   -0.3140900196        0.5283738657E-01    0.5280532361E-01    0.6227992950E-01    0.4431917829E-01
   -0.3121330724        0.5341158969E-01    0.5337755771E-01    0.6283228450E-01    0.4486827583E-01
   -0.3101761252        0.5395288019E-01    0.5391676474E-01    0.6334079998E-01    0.4539296979E-01
   -0.3082191781        0.5445985923E-01    0.5442154014E-01    0.6380388399E-01    0.4589208815E-01
   -0.3062622309        0.5493115854E-01    0.5489050967E-01    0.6421999231E-01    0.4636447789E-01
   -0.3043052838        0.5536544413E-01    0.5532233309E-01    0.6458763299E-01    0.4680900789E-01
   -0.3023483366        0.5576142002E-01    0.5571570787E-01    0.6490537074E-01    0.4722457191E-01
   -0.3003913894        0.5611783183E-01    0.5606937280E-01    0.6517183126E-01    0.4761009148E-01
   -0.2984344423        0.5643347044E-01    0.5638211164E-01    0.6538570549E-01    0.4796451878E-01
   -0.2964774951        0.5670717545E-01    0.5665275650E-01    0.6554575370E-01    0.4828683949E-01
   -0.2945205479        0.5693783866E-01    0.5688019141E-01    0.6565080943E-01    0.4857607559E-01
   -0.2925636008        0.5712440734E-01    0.5706335549E-01    0.6569978329E-01    0.4883128806E-01
   -0.2906066536        0.5726588750E-01    0.5720124631E-01    0.6569166663E-01    0.4905157954E-01
   -0.2886497065        0.5736134696E-01    0.5729292277E-01    0.6562553495E-01    0.4923609689E-01
   -0.2866927593        0.5740991832E-01    0.5733750828E-01    0.6550055116E-01    0.4938403368E-01
   -0.2847358121        0.5741080172E-01    0.5733419332E-01    0.6531596860E-01    0.4949463254E-01
   -0.2827788650        0.5736326759E-01    0.5728223826E-01    0.6507113387E-01    0.4956718743E-01
   -0.2808219178        0.5726665898E-01    0.5718097568E-01    0.6476548934E-01    0.4960104578E-01
   -0.2788649706        0.5712039399E-01    0.5702981275E-01    0.6439857552E-01    0.4959561048E-01
   -0.2769080235        0.5692396776E-01    0.5682823321E-01    0.6397003307E-01    0.4955034178E-01
   -0.2749510763        0.5667695451E-01    0.5657579941E-01    0.6347960463E-01    0.4946475902E-01
   -0.2729941292        0.5637900857E-01    0.5627215330E-01    0.6292713569E-01    0.4933844172E-01
   -0.2710371820        0.5602986119E-01    0.5591701326E-01    0.6231257070E-01    0.4917102699E-01
   -0.2690802348        0.5562931748E-01    0.5551017097E-01    0.6163594930E-01    0.4896220701E-01
   -0.2671232877        0.5517725717E-01    0.5505149224E-01    0.6089740684E-01    0.4871172984E-01
   -0.2651663405        0.5467363570E-01    0.5454091801E-01    0.6009717512E-01    0.4841940050E-01
   -0.2632093933        0.5411848520E-01    0.5397846534E-01    0.5923558297E-01    0.4808508197E-01
   -0.2612524462        0.5351191513E-01    0.5336422803E-01    0.5831305650E-01    0.4770869595E-01
   -0.2592954990        0.5285411289E-01    0.5269837722E-01    0.5733011912E-01    0.4729022353E-01
   -0.2573385519        0.5214534413E-01    0.5198116163E-01    0.5628739135E-01    0.4682970575E-01
   -0.2553816047        0.5138595292E-01    0.5121290780E-01    0.5518559038E-01    0.4632724398E-01
   -0.2534246575        0.5057636171E-01    0.5039401993E-01    0.5402552934E-01    0.4578300014E-01
   -0.2514677104        0.4971707113E-01    0.4952497973E-01    0.5280811636E-01    0.4519719683E-01
   -0.2495107632        0.4880865952E-01    0.4860634587E-01    0.5153435337E-01    0.4457011721E-01
   -0.2475538160        0.4785178236E-01    0.4763875345E-01    0.5020533468E-01    0.4390210488E-01
   -0.2455968689        0.4684717139E-01    0.4662291304E-01    0.4882224523E-01    0.4319356343E-01
   -0.2436399217        0.4579563370E-01    0.4555960976E-01    0.4738635876E-01    0.4244495601E-01
   -0.2416829746        0.4469805043E-01    0.4444970196E-01    0.4589903557E-01    0.4165680462E-01
   -0.2397260274        0.4355537541E-01    0.4329411988E-01    0.4436172019E-01    0.4082968932E-01
   -0.2377690802        0.4236863362E-01    0.4209386395E-01    0.4277593870E-01    0.3996424727E-01
   -0.2358121331        0.4113891939E-01    0.4085000312E-01    0.4114329599E-01    0.3906117162E-01
   -0.2338551859        0.3986739445E-01    0.3956367275E-01    0.3946547264E-01    0.3812121031E-01
   -0.2318982387        0.3855528583E-01    0.3823607260E-01    0.3774422174E-01    0.3714516460E-01
   -0.2299412916        0.3720388359E-01    0.3686846439E-01    0.3598136538E-01    0.3613388761E-01
   -0.2279843444        0.3581453834E-01    0.3546216943E-01    0.3417879113E-01    0.3508828266E-01
   -0.2260273973        0.3438865864E-01    0.3401856586E-01    0.3233844813E-01    0.3400930144E-01
   -0.2240704501        0.3292770826E-01    0.3253908599E-01    0.3046234322E-01    0.3289794214E-01
   -0.2221135029        0.3143320254E-01    0.3102521252E-01    0.2855253613E-01    0.3175524663E-01
   -0.2201565558        0.2990670323E-01    0.2947847345E-01    0.2661113314E-01    0.3058229605E-01
   -0.2181996086        0.2834981495E-01    0.2790043850E-01    0.2464028268E-01    0.2938020805E-01
   -0.2162426614        0.2676418256E-01    0.2629271642E-01    0.2264217150E-01    0.2815013495E-01
   -0.2142857143        0.2515148830E-01    0.2465695213E-01    0.2061902087E-01    0.2689326173E-01
   -0.2123287671        0.2351344898E-01    0.2299482385E-01    0.1857308268E-01    0.2561080401E-01
   -0.2103718200        0.2185181301E-01    0.2130804011E-01    0.1650663548E-01    0.2430400599E-01
   -0.2084148728        0.2016835742E-01    0.1959833672E-01    0.1442198045E-01    0.2297413821E-01
   -0.2064579256        0.1846488476E-01    0.1786747366E-01    0.1232143734E-01    0.2162249543E-01
   -0.2045009785        0.1674322005E-01    0.1611723196E-01    0.1020734039E-01    0.2025039432E-01
   -0.2025440313        0.1500520756E-01    0.1434941048E-01    0.8082034174E-02    0.1885917116E-01
   -0.2005870841        0.1325270772E-01    0.1256582272E-01    0.5947869506E-02    0.1745017951E-01
   -0.1986301370        0.1148759378E-01    0.1076829351E-01    0.3807199271E-02    0.1602478786E-01
   -0.1966731898        0.9711748681E-02    0.8958655813E-02    0.1662374312E-02    0.1458437716E-01
   -0.1947162427        0.7927061768E-02    0.7138747362E-02   -0.4842607047E-03    0.1313033850E-01
   -0.1927592955        0.6135425553E-02    0.5310407439E-02   -0.2630371361E-02    0.1166407056E-01
   -0.1908023483        0.4338732452E-02    0.3475473519E-02   -0.4773637562E-02    0.1018697726E-01
   -0.1888454012        0.2538871591E-02    0.1635778073E-02   -0.6911757525E-02    0.8700465238E-02
   -0.1868884540        0.7377255595E-03   -0.2068547691E-03   -0.9042451749E-02    0.7205941455E-02
   -0.1849315068       -0.1062832742E-02   -0.2050612370E-02   -0.1116346689E-01    0.5704810709E-02
   -0.1829745597       -0.2860943279E-02   -0.3893696854E-02   -0.1327257960E-01    0.4198473222E-02
   -0.1810176125       -0.4654761956E-02   -0.5734328191E-02   -0.1536760023E-01    0.2688322225E-02
   -0.1790606654       -0.6442463704E-02   -0.7570747369E-02   -0.1744637649E-01    0.1175741569E-02
   -0.1771037182       -0.8222245446E-02   -0.9401219379E-02   -0.1950679699E-01   -0.3378966396E-03
   -0.1751467710       -0.9992329070E-02   -0.1122403627E-01   -0.2154679469E-01   -0.1851234368E-02
   -0.1731898239       -0.1175096421E-01   -0.1303751995E-01   -0.2356435009E-01   -0.3362929931E-02
   -0.1712328767       -0.1349643058E-01   -0.1484002456E-01   -0.2555749351E-01   -0.4871660079E-02
   -0.1692759295       -0.1522703971E-01   -0.1662993818E-01   -0.2752430658E-01   -0.6376121758E-02
   -0.1673189824       -0.1694113709E-01   -0.1840568503E-01   -0.2946292452E-01   -0.7875033805E-02
   -0.1653620352       -0.1863710414E-01   -0.2016572744E-01   -0.3137153834E-01   -0.9367138594E-02
   -0.1634050881       -0.2031336017E-01   -0.2190856791E-01   -0.3324839702E-01   -0.1085120362E-01
   -0.1614481409       -0.2196836420E-01   -0.2363275094E-01   -0.3509180939E-01   -0.1232602306E-01
   -0.1594911937       -0.2360061680E-01   -0.2533686489E-01   -0.3690014612E-01   -0.1379041918E-01
   -0.1575342466       -0.2520866165E-01   -0.2701954366E-01   -0.3867184133E-01   -0.1524324383E-01
   -0.1555772994       -0.2679108720E-01   -0.2867946833E-01   -0.4040539424E-01   -0.1668337973E-01
   -0.1536203523       -0.2834652810E-01   -0.3031536860E-01   -0.4209937064E-01   -0.1810974178E-01
   -0.1516634051       -0.2987366662E-01   -0.3192602434E-01   -0.4375240415E-01   -0.1952127828E-01
   -0.1497064579       -0.3137123383E-01   -0.3351026679E-01   -0.4536319748E-01   -0.2091697204E-01
   -0.1477495108       -0.3283801090E-01   -0.3506697983E-01   -0.4693052342E-01   -0.2229584152E-01
   -0.1457925636       -0.3427283008E-01   -0.3659510108E-01   -0.4845322578E-01   -0.2365694179E-01
   -0.1438356164       -0.3567457568E-01   -0.3809362293E-01   -0.4993022013E-01   -0.2499936548E-01
   -0.1418786693       -0.3704218497E-01   -0.3956159339E-01   -0.5136049446E-01   -0.2632224364E-01
   -0.1399217221       -0.3837464890E-01   -0.4099811696E-01   -0.5274310967E-01   -0.2762474655E-01
   -0.1379647750       -0.3967101277E-01   -0.4240235525E-01   -0.5407719992E-01   -0.2890608443E-01
   -0.1360078278       -0.4093037677E-01   -0.4377352763E-01   -0.5536197286E-01   -0.3016550808E-01
   -0.1340508806       -0.4215189642E-01   -0.4511091169E-01   -0.5659670971E-01   -0.3140230946E-01
   -0.1320939335       -0.4333478295E-01   -0.4641384362E-01   -0.5778076523E-01   -0.3261582220E-01
   -0.1301369863       -0.4447830347E-01   -0.4768171848E-01   -0.5891356755E-01   -0.3380542202E-01
   -0.1281800391       -0.4558178119E-01   -0.4891399041E-01   -0.5999461785E-01   -0.3497052707E-01
   -0.1262230920       -0.4664459537E-01   -0.5011017265E-01   -0.6102348996E-01   -0.3611059827E-01
   -0.1242661448       -0.4766618135E-01   -0.5126983760E-01   -0.6199982981E-01   -0.3722513945E-01
   -0.1223091977       -0.4864602991E-01   -0.5239261616E-01   -0.6292335420E-01   -0.3831369724E-01
   -0.1203522505       -0.4958368520E-01   -0.5347819567E-01   -0.6379384765E-01   -0.3937585962E-01
   -0.1183953033       -0.5047874360E-01   -0.5452631862E-01   -0.6461116042E-01   -0.4041125524E-01
   -0.1164383562       -0.5133085303E-01   -0.5553678207E-01   -0.6537520733E-01   -0.4141955313E-01
   -0.1144814090       -0.5213971231E-01   -0.5650943696E-01   -0.6608596655E-01   -0.4240046240E-01
   -0.1125244618       -0.5290507046E-01   -0.5744418747E-01   -0.6674347829E-01   -0.4335373194E-01
   -0.1105675147       -0.5362672589E-01   -0.5834099015E-01   -0.6734784340E-01   -0.4427914997E-01
   -0.1086105675       -0.5430452553E-01   -0.5919985311E-01   -0.6789922199E-01   -0.4517654364E-01
   -0.1066536204       -0.5493836399E-01   -0.6002083512E-01   -0.6839783186E-01   -0.4604577855E-01
   -0.1046966732       -0.5552818251E-01   -0.6080404460E-01   -0.6884394699E-01   -0.4688675821E-01
   -0.1027397260       -0.5607396800E-01   -0.6154963865E-01   -0.6923789583E-01   -0.4769942345E-01
   -0.1007827789       -0.5657575198E-01   -0.6225782192E-01   -0.6958005971E-01   -0.4848375190E-01
   -0.9882583170E-01   -0.5703360942E-01   -0.6292884551E-01   -0.6987087103E-01   -0.4923975722E-01
   -0.9686888454E-01   -0.5744765764E-01   -0.6356300580E-01   -0.7011081154E-01   -0.4996748856E-01
   -0.9491193738E-01   -0.5781805508E-01   -0.6416064320E-01   -0.7030041049E-01   -0.5066702975E-01
   -0.9295499022E-01   -0.5814500010E-01   -0.6472214095E-01   -0.7044024278E-01   -0.5133849860E-01
   -0.9099804305E-01   -0.5842872969E-01   -0.6524792376E-01   -0.7053092707E-01   -0.5198204616E-01
   -0.8904109589E-01   -0.5866951819E-01   -0.6573845652E-01   -0.7057312388E-01   -0.5259785587E-01
   -0.8708414873E-01   -0.5886767597E-01   -0.6619424293E-01   -0.7056753364E-01   -0.5318614281E-01
   -0.8512720157E-01   -0.5902354810E-01   -0.6661582410E-01   -0.7051489469E-01   -0.5374715280E-01
   -0.8317025440E-01   -0.5913751295E-01   -0.6700377716E-01   -0.7041598136E-01   -0.5428116159E-01
   -0.8121330724E-01   -0.5920998085E-01   -0.6735871378E-01   -0.7027160193E-01   -0.5478847399E-01
   -0.7925636008E-01   -0.5924139266E-01   -0.6768127874E-01   -0.7008259664E-01   -0.5526942294E-01
   -0.7729941292E-01   -0.5923221839E-01   -0.6797214848E-01   -0.6984983568E-01   -0.5572436864E-01
   -0.7534246575E-01   -0.5918295577E-01   -0.6823202956E-01   -0.6957421718E-01   -0.5615369766E-01
   -0.7338551859E-01   -0.5909412876E-01   -0.6846165711E-01   -0.6925666510E-01   -0.5655782192E-01
   -0.7142857143E-01   -0.5896628509E-01   -0.6866179220E-01   -0.6889812608E-01   -0.5693717680E-01
   -0.6947162427E-01   -0.5879999333E-01   -0.6883321867E-01   -0.6849956566E-01   -0.5729221878E-01
   -0.6751467710E-01   -0.5859584118E-01   -0.6897674123E-01   -0.6806196607E-01   -0.5762342419E-01
   -0.6555772994E-01   -0.5835443415E-01   -0.6909318410E-01   -0.6758632438E-01   -0.5793128825E-01
   -0.6360078278E-01   -0.5807639414E-01   -0.6918338933E-01   -0.6707365056E-01   -0.5821632411E-01
   -0.6164383562E-01   -0.5776235814E-01   -0.6924821549E-01   -0.6652496567E-01   -0.5847906191E-01
   -0.5968688845E-01   -0.5741297690E-01   -0.6928853604E-01   -0.6594130006E-01   -0.5872004784E-01
   -0.5772994129E-01   -0.5702891360E-01   -0.6930523794E-01   -0.6532369157E-01   -0.5893984319E-01
   -0.5577299413E-01   -0.5661084262E-01   -0.6929922019E-01   -0.6467318379E-01   -0.5913902345E-01
   -0.5381604697E-01   -0.5615944829E-01   -0.6927139241E-01   -0.6399082439E-01   -0.5931817742E-01
   -0.5185909980E-01   -0.5567542366E-01   -0.6922267343E-01   -0.6327766339E-01   -0.5947790633E-01
   -0.4990215264E-01   -0.5515946933E-01   -0.6915398989E-01   -0.6253475159E-01   -0.5961882295E-01
   -0.4794520548E-01   -0.5461229232E-01   -0.6906627491E-01   -0.6176313899E-01   -0.5974155080E-01
   -0.4598825832E-01   -0.5403460493E-01   -0.6896046673E-01   -0.6096387321E-01   -0.5984672327E-01
   -0.4403131115E-01   -0.5342712370E-01   -0.6883750740E-01   -0.6013799801E-01   -0.5993498286E-01
   -0.4207436399E-01   -0.5279056834E-01   -0.6869834153E-01   -0.5928655184E-01   -0.6000698037E-01
   -0.4011741683E-01   -0.5212566072E-01   -0.6854391496E-01   -0.5841056646E-01   -0.6006337416E-01
   -0.3816046967E-01   -0.5143312394E-01   -0.6837517360E-01   -0.5751106551E-01   -0.6010482943E-01
   -0.3620352250E-01   -0.5071368138E-01   -0.6819306220E-01   -0.5658906325E-01   -0.6013201747E-01
   -0.3424657534E-01   -0.4996805581E-01   -0.6799852317E-01   -0.5564556328E-01   -0.6014561499E-01
   -0.3228962818E-01   -0.4919696859E-01   -0.6779249543E-01   -0.5468155730E-01   -0.6014630348E-01
   -0.3033268102E-01   -0.4840113879E-01   -0.6757591333E-01   -0.5369802394E-01   -0.6013476855E-01
   -0.2837573386E-01   -0.4758128249E-01   -0.6734970553E-01   -0.5269592761E-01   -0.6011169931E-01
   -0.2641878669E-01   -0.4673811204E-01   -0.6711479397E-01   -0.5167621747E-01   -0.6007778781E-01
   -0.2446183953E-01   -0.4587233537E-01   -0.6687209282E-01   -0.5063982632E-01   -0.6003372847E-01
   -0.2250489237E-01   -0.4498465527E-01   -0.6662250741E-01   -0.4958766956E-01   -0.5998021741E-01
   -0.2054794521E-01   -0.4407576810E-01   -0.6636693257E-01   -0.4852064364E-01   -0.5991795124E-01
   -0.1859099804E-01   -0.4314636298E-01   -0.6610625145E-01   -0.4743962492E-01   -0.5984762628E-01
   -0.1663405088E-01   -0.4219712126E-01   -0.6584133460E-01   -0.4634546891E-01   -0.5976993801E-01
   -0.1467710372E-01   -0.4122871614E-01   -0.6557303919E-01   -0.4523900946E-01   -0.5968558072E-01
   -0.1272015656E-01   -0.4024181225E-01   -0.6530220813E-01   -0.4412105808E-01   -0.5959524704E-01
   -0.1076320939E-01   -0.3923706530E-01   -0.6502966937E-01   -0.4299240329E-01   -0.5949962762E-01
   -0.8806262231E-02   -0.3821512181E-01   -0.6475623514E-01   -0.4185381002E-01   -0.5939941071E-01
   -0.6849315068E-02   -0.3717661881E-01   -0.6448270123E-01   -0.4070601898E-01   -0.5929528188E-01
   -0.4892367906E-02   -0.3612218366E-01   -0.6420984635E-01   -0.3954974620E-01   -0.5918792366E-01
   -0.2935420744E-02   -0.3505243387E-01   -0.6393843146E-01   -0.3838568245E-01   -0.5907801526E-01
   -0.9784735812E-03   -0.3396797692E-01   -0.6366919912E-01   -0.3721449288E-01   -0.5896623231E-01
    0.9784735812E-03   -0.3286941021E-01   -0.6340287299E-01   -0.3603681650E-01   -0.5885324651E-01
    0.2935420744E-02   -0.3175732098E-01   -0.6314015715E-01   -0.3485326588E-01   -0.5873972547E-01
    0.4892367906E-02   -0.3063228628E-01   -0.6288173570E-01   -0.3366442674E-01   -0.5862633236E-01
    0.6849315068E-02   -0.2949487297E-01   -0.6262827210E-01   -0.3247085766E-01   -0.5851372569E-01
    0.8806262231E-02   -0.2834563782E-01   -0.6238040885E-01   -0.3127308980E-01   -0.5840255908E-01
    0.1076320939E-01   -0.2718512751E-01   -0.6213876689E-01   -0.3007162660E-01   -0.5829348092E-01
    0.1272015656E-01   -0.2601387884E-01   -0.6190394527E-01   -0.2886694362E-01   -0.5818713412E-01
    0.1467710372E-01   -0.2483241879E-01   -0.6167652068E-01   -0.2765948828E-01   -0.5808415578E-01
    0.1663405088E-01   -0.2364126475E-01   -0.6145704708E-01   -0.2644967975E-01   -0.5798517682E-01
    0.1859099804E-01   -0.2244092470E-01   -0.6124605536E-01   -0.2523790875E-01   -0.5789082159E-01
    0.2054794521E-01   -0.2123189748E-01   -0.6104405299E-01   -0.2402453748E-01   -0.5780170735E-01
    0.2250489237E-01   -0.2001467300E-01   -0.6085152365E-01   -0.2280989950E-01   -0.5771844372E-01
    0.2446183953E-01   -0.1878973260E-01   -0.6066892704E-01   -0.2159429974E-01   -0.5764163197E-01
    0.2641878669E-01   -0.1755754928E-01   -0.6049669847E-01   -0.2037801437E-01   -0.5757186422E-01
    0.2837573386E-01   -0.1631858800E-01   -0.6033524886E-01   -0.1916129092E-01   -0.5750972240E-01
    0.3033268102E-01   -0.1507330568E-01   -0.6018496467E-01   -0.1794434831E-01   -0.5745577710E-01
    0.3228962818E-01   -0.1382215158E-01   -0.6004620779E-01   -0.1672737698E-01   -0.5741058608E-01
    0.3424657534E-01   -0.1256556764E-01   -0.5991931538E-01   -0.1551053902E-01   -0.5737469243E-01
    0.3620352250E-01   -0.1130398887E-01   -0.5980459969E-01   -0.1429396848E-01   -0.5734862237E-01
    0.3816046967E-01   -0.1003784375E-01   -0.5970234793E-01   -0.1307777170E-01   -0.5733288253E-01
    0.4011741683E-01   -0.8767554664E-02   -0.5961282221E-01   -0.1186202782E-01   -0.5732795668E-01
    0.4207436399E-01   -0.7493538296E-02   -0.5953625933E-01   -0.1064678944E-01   -0.5733430187E-01
    0.4403131115E-01   -0.6216206114E-02   -0.5947287083E-01   -0.9432083568E-02   -0.5735234387E-01
    0.4598825832E-01   -0.4935964795E-02   -0.5942284281E-01   -0.8217912847E-02   -0.5738247192E-01
    0.4794520548E-01   -0.3653216710E-02   -0.5938633593E-01   -0.7004257174E-02   -0.5742503301E-01
    0.4990215264E-01   -0.2368360378E-02   -0.5936348539E-01   -0.5791075807E-02   -0.5748032576E-01
    0.5185909980E-01   -0.1081790964E-02   -0.5935440088E-01   -0.4578310015E-02   -0.5754859435E-01
    0.5381604697E-01    0.2060992546E-03   -0.5935916656E-01   -0.3365886285E-02   -0.5763002308E-01
    0.5577299413E-01    0.1494920378E-02   -0.5937784114E-01   -0.2153720085E-02   -0.5772473214E-01
    0.5772994129E-01    0.2784284411E-02   -0.5941045781E-01   -0.9417200133E-03   -0.5783277511E-01
    0.5968688845E-01    0.4073804750E-02   -0.5945702437E-01    0.2702077897E-03   -0.5795413864E-01
    0.6164383562E-01    0.5363095704E-02   -0.5951752317E-01    0.1482155275E-02   -0.5808874421E-01
    0.6360078278E-01    0.6651771986E-02   -0.5959191132E-01    0.2694208321E-02   -0.5823645184E-01
    0.6555772994E-01    0.7939448233E-02   -0.5968012061E-01    0.3906443005E-02   -0.5839706505E-01
    0.6751467710E-01    0.9225738502E-02   -0.5978205773E-01    0.5118922362E-02   -0.5857033656E-01
    0.6947162427E-01    0.1051025581E-01   -0.5989760431E-01    0.6331693698E-02   -0.5875597415E-01
    0.7142857143E-01    0.1179261161E-01   -0.6002661705E-01    0.7544786400E-02   -0.5895364629E-01
    0.7338551859E-01    0.1307241538E-01   -0.6016892785E-01    0.8758210208E-02   -0.5916298725E-01
    0.7534246575E-01    0.1434927411E-01   -0.6032434398E-01    0.9971953846E-02   -0.5938360160E-01
    0.7729941292E-01    0.1562279196E-01   -0.6049264838E-01    0.1118598403E-01   -0.5961506832E-01
    0.7925636008E-01    0.1689257047E-01   -0.6067360121E-01    0.1240024494E-01   -0.5985694561E-01
    0.8121330724E-01    0.1815820867E-01   -0.6086694088E-01    0.1361465795E-01   -0.6010877455E-01
    0.8317025440E-01    0.1941930281E-01   -0.6107238441E-01    0.1482912135E-01   -0.6037008154E-01
    0.8512720157E-01    0.2067544613E-01   -0.6128962767E-01    0.1604351016E-01   -0.6064038016E-01
    0.8708414873E-01    0.2192622860E-01   -0.6151834574E-01    0.1725767607E-01   -0.6091917273E-01
    0.8904109589E-01    0.2317123669E-01   -0.6175819312E-01    0.1847144747E-01   -0.6120595156E-01
    0.9099804305E-01    0.2441005316E-01   -0.6200880416E-01    0.1968462947E-01   -0.6150020004E-01
    0.9295499022E-01    0.2564225688E-01   -0.6226979332E-01    0.2089700404E-01   -0.6180139344E-01
    0.9491193738E-01    0.2686742262E-01   -0.6254075560E-01    0.2210833015E-01   -0.6210899969E-01
    0.9686888454E-01    0.2808512092E-01   -0.6282126687E-01    0.2331834397E-01   -0.6242247996E-01
    0.9882583170E-01    0.2929491792E-01   -0.6311088428E-01    0.2452675909E-01   -0.6274128914E-01
    0.1007827789        0.3049637526E-01   -0.6340914666E-01    0.2573326676E-01   -0.6306487630E-01
    0.1027397260        0.3168904996E-01   -0.6371557497E-01    0.2693753615E-01   -0.6339268504E-01
    0.1046966732        0.3287249436E-01   -0.6402967268E-01    0.2813921470E-01   -0.6372415385E-01
    0.1066536204        0.3404625601E-01   -0.6435092633E-01    0.2933792837E-01   -0.6405871636E-01
    0.1086105675        0.3520987771E-01   -0.6467880587E-01    0.3053328204E-01   -0.6439580162E-01
    0.1105675147        0.3636289739E-01   -0.6501276529E-01    0.3172485984E-01   -0.6473483436E-01
    0.1125244618        0.3750484818E-01   -0.6535224299E-01    0.3291222553E-01   -0.6507523522E-01
    0.1144814090        0.3863525843E-01   -0.6569666241E-01    0.3409492296E-01   -0.6541642096E-01
    0.1164383562        0.3975365173E-01   -0.6604543248E-01    0.3527247643E-01   -0.6575780469E-01
    0.1183953033        0.4085954700E-01   -0.6639794822E-01    0.3644439117E-01   -0.6609879612E-01
    0.1203522505        0.4195245855E-01   -0.6675359128E-01    0.3761015380E-01   -0.6643880175E-01
    0.1223091977        0.4303189626E-01   -0.6711173054E-01    0.3876923283E-01   -0.6677722511E-01
    0.1242661448        0.4409736566E-01   -0.6747172268E-01    0.3992107916E-01   -0.6711346700E-01
    0.1262230920        0.4514836813E-01   -0.6783291285E-01    0.4106512666E-01   -0.6744692581E-01
    0.1281800391        0.4618440182E-01   -0.6819463623E-01    0.4220079333E-01   -0.6777699877E-01
    0.1301369863        0.4720496366E-01   -0.6855622118E-01    0.4332748362E-01   -0.6810308493E-01
    0.1320939335        0.4820955014E-01   -0.6891699041E-01    0.4444458954E-01   -0.6842458604E-01
    0.1340508806        0.4919765776E-01   -0.6927626182E-01    0.4555149152E-01   -0.6874090690E-01
    0.1360078278        0.5016878343E-01   -0.6963334919E-01    0.4664755924E-01   -0.6905145576E-01
    0.1379647750        0.5112242495E-01   -0.6998756295E-01    0.4773215248E-01   -0.6935564463E-01
    0.1399217221        0.5205808149E-01   -0.7033821095E-01    0.4880462198E-01   -0.6965288967E-01
    0.1418786693        0.5297525400E-01   -0.7068459926E-01    0.4986431038E-01   -0.6994261160E-01
    0.1438356164        0.5387344580E-01   -0.7102603290E-01    0.5091055305E-01   -0.7022423606E-01
    0.1457925636        0.5475216299E-01   -0.7136181668E-01    0.5194267904E-01   -0.7049719400E-01
    0.1477495108        0.5561091506E-01   -0.7169125597E-01    0.5296001201E-01   -0.7076092215E-01
    0.1497064579        0.5644921532E-01   -0.7201365749E-01    0.5396187116E-01   -0.7101486336E-01
    0.1516634051        0.5726658152E-01   -0.7232833013E-01    0.5494757216E-01   -0.7125846708E-01
    0.1536203523        0.5806253632E-01   -0.7263458576E-01    0.5591642811E-01   -0.7149118975E-01
    0.1555772994        0.5883660792E-01   -0.7293173996E-01    0.5686775053E-01   -0.7171249525E-01
    0.1575342466        0.5958833053E-01   -0.7321911293E-01    0.5780085029E-01   -0.7192185532E-01
    0.1594911937        0.6031724502E-01   -0.7349603022E-01    0.5871503861E-01   -0.7211875002E-01
    0.1614481409        0.6102289942E-01   -0.7376182353E-01    0.5960962803E-01   -0.7230266816E-01
    0.1634050881        0.6170484951E-01   -0.7401583153E-01    0.6048393339E-01   -0.7247310773E-01
    0.1653620352        0.6236265939E-01   -0.7425740063E-01    0.6133727283E-01   -0.7262957635E-01
    0.1673189824        0.6299590207E-01   -0.7448588574E-01    0.6216896875E-01   -0.7277159170E-01
    0.1692759295        0.6360416001E-01   -0.7470065110E-01    0.6297834880E-01   -0.7289868200E-01
    0.1712328767        0.6418702571E-01   -0.7490107097E-01    0.6376474689E-01   -0.7301038638E-01
    0.1731898239        0.6474410226E-01   -0.7508653045E-01    0.6452750410E-01   -0.7310625537E-01
    0.1751467710        0.6527500391E-01   -0.7525642612E-01    0.6526596971E-01   -0.7318585127E-01
    0.1771037182        0.6577935697E-01   -0.7541016734E-01    0.6597950251E-01   -0.7324874902E-01
    0.1790606654        0.6625680370E-01   -0.7554718053E-01    0.6666747506E-01   -0.7329454027E-01
    0.1810176125        0.6670700559E-01   -0.7566691296E-01    0.6732927746E-01   -0.7332283675E-01
    0.1829745597        0.6712964424E-01   -0.7576883379E-01    0.6796431871E-01   -0.7333327098E-01
    0.1849315068        0.6752442199E-01   -0.7585243470E-01    0.6857202781E-01   -0.7332549659E-01
    0.1868884540        0.6789106253E-01   -0.7591723056E-01    0.6915185480E-01   -0.7329918871E-01
    0.1888454012        0.6822931142E-01   -0.7596276005E-01    0.6970327177E-01   -0.7325404429E-01
    0.1908023483        0.6853893665E-01   -0.7598858626E-01    0.7022577389E-01   -0.7318978242E-01
    0.1927592955        0.6881972909E-01   -0.7599429723E-01    0.7071888029E-01   -0.7310614458E-01
    0.1947162427        0.6907150298E-01   -0.7597950643E-01    0.7118213503E-01   -0.7300289487E-01
    0.1966731898        0.6929409631E-01   -0.7594385331E-01    0.7161510786E-01   -0.7287982030E-01
    0.1986301370        0.6948737123E-01   -0.7588700364E-01    0.7201739513E-01   -0.7273673089E-01
    0.2005870841        0.6965121433E-01   -0.7580864993E-01    0.7238862047E-01   -0.7257345989E-01
    0.2025440313        0.6978553701E-01   -0.7570851180E-01    0.7272843554E-01   -0.7238986385E-01
    0.2045009785        0.6989027564E-01   -0.7558633625E-01    0.7303652068E-01   -0.7218582275E-01
    0.2064579256        0.6996539187E-01   -0.7544189789E-01    0.7331258550E-01   -0.7196124003E-01
    0.2084148728        0.7001087267E-01   -0.7527499920E-01    0.7355636945E-01   -0.7171604263E-01
    0.2103718200        0.7002673058E-01   -0.7508547065E-01    0.7376764230E-01   -0.7145018095E-01
    0.2123287671        0.7001300367E-01   -0.7487317083E-01    0.7394620457E-01   -0.7116362880E-01
    0.2142857143        0.6996975565E-01   -0.7463798650E-01    0.7409188794E-01   -0.7085638337E-01
    0.2162426614        0.6989707580E-01   -0.7437983261E-01    0.7420455555E-01   -0.7052846501E-01
    0.2181996086        0.6979507895E-01   -0.7409865227E-01    0.7428410223E-01   -0.7017991717E-01
    0.2201565558        0.6966390534E-01   -0.7379441669E-01    0.7433045478E-01   -0.6981080615E-01
    0.2221135029        0.6950372047E-01   -0.7346712498E-01    0.7434357203E-01   -0.6942122086E-01
    0.2240704501        0.6931471493E-01   -0.7311680409E-01    0.7432344496E-01   -0.6901127263E-01
    0.2260273973        0.6909710416E-01   -0.7274350849E-01    0.7427009679E-01   -0.6858109487E-01
    0.2279843444        0.6885112985E-01   -0.7234732176E-01    0.7418358479E-01   -0.6813084453E-01
    0.2299412916        0.6857706462E-01   -0.7192836142E-01    0.7406400601E-01   -0.6766070703E-01
    0.2318982387        0.6827521303E-01   -0.7148678008E-01    0.7391149880E-01   -0.6717089728E-01
    0.2338551859        0.6794591109E-01   -0.7102276477E-01    0.7372624251E-01   -0.6666165904E-01
    0.2358121331        0.6758952559E-01   -0.7053653642E-01    0.7350845707E-01   -0.6613326424E-01
    0.2377690802        0.6720645350E-01   -0.7002834903E-01    0.7325840256E-01   -0.6558601223E-01
    0.2397260274        0.6679712116E-01   -0.6949848902E-01    0.7297637863E-01   -0.6502022905E-01
    0.2416829746        0.6636198352E-01   -0.6894727426E-01    0.7266272383E-01   -0.6443626652E-01
    0.2436399217        0.6590152327E-01   -0.6837505337E-01    0.7231781488E-01   -0.6383450142E-01
    0.2455968689        0.6541624994E-01   -0.6778220456E-01    0.7194206587E-01   -0.6321533456E-01
    0.2475538160        0.6490669895E-01   -0.6716913486E-01    0.7153592735E-01   -0.6257918982E-01
    0.2495107632        0.6437343054E-01   -0.6653627888E-01    0.7109988537E-01   -0.6192651316E-01
    0.2514677104        0.6381702879E-01   -0.6588409787E-01    0.7063446044E-01   -0.6125777160E-01
    0.2534246575        0.6323810044E-01   -0.6521307846E-01    0.7014020642E-01   -0.6057345213E-01
    0.2553816047        0.6263727376E-01   -0.6452373162E-01    0.6961770933E-01   -0.5987406067E-01
    0.2573385519        0.6201519743E-01   -0.6381659129E-01    0.6906758612E-01   -0.5916012087E-01
    0.2592954990        0.6137253919E-01   -0.6309221326E-01    0.6849048335E-01   -0.5843217306E-01
    0.2612524462        0.6070998470E-01   -0.6235117377E-01    0.6788707588E-01   -0.5769077301E-01
    0.2632093933        0.6002823619E-01   -0.6159406831E-01    0.6725806539E-01   -0.5693649077E-01
    0.2651663405        0.5932801116E-01   -0.6082151015E-01    0.6660417897E-01   -0.5616990945E-01
    0.2671232877        0.5861004104E-01   -0.6003412911E-01    0.6592616761E-01   -0.5539162403E-01
    0.2690802348        0.5787506988E-01   -0.5923257002E-01    0.6522480464E-01   -0.5460224010E-01
    0.2710371820        0.5712385290E-01   -0.5841749147E-01    0.6450088414E-01   -0.5380237263E-01
    0.2729941292        0.5635715517E-01   -0.5758956429E-01    0.6375521939E-01   -0.5299264471E-01
    0.2749510763        0.5557575015E-01   -0.5674947013E-01    0.6298864110E-01   -0.5217368632E-01
    0.2769080235        0.5478041881E-01   -0.5589790048E-01    0.6220199634E-01   -0.5134613345E-01
    0.2788649706        0.5397195240E-01   -0.5503555967E-01    0.6139615148E-01   -0.5051063072E-01
    0.2808219178        0.5315115547E-01   -0.5416316771E-01    0.6057199530E-01   -0.4966783404E-01
    0.2827788650        0.5231884451E-01   -0.5328145909E-01    0.5973043742E-01   -0.4881840946E-01
    0.2847358121        0.5147584614E-01   -0.5239118070E-01    0.5887240609E-01   -0.4796303138E-01
    0.2866927593        0.5062299514E-01   -0.5149309004E-01    0.5799884603E-01   -0.4710238100E-01
    0.2886497065        0.4976113273E-01   -0.5058795319E-01    0.5711071617E-01   -0.4623714458E-01
    0.2906066536        0.4889110462E-01   -0.4967654306E-01    0.5620898749E-01   -0.4536801185E-01
    0.2925636008        0.4801375929E-01   -0.4875963736E-01    0.5529464079E-01   -0.4449567437E-01
    0.2945205479        0.4712994609E-01   -0.4783801690E-01    0.5436866445E-01   -0.4362082399E-01
    0.2964774951        0.4624051355E-01   -0.4691246359E-01    0.5343205230E-01   -0.4274415121E-01
    0.2984344423        0.4534630755E-01   -0.4598375882E-01    0.5248580139E-01   -0.4186634371E-01
    0.3003913894        0.4444816966E-01   -0.4505268154E-01    0.5153090988E-01   -0.4098808485E-01
    0.3023483366        0.4354693543E-01   -0.4412000667E-01    0.5056837487E-01   -0.4011005218E-01
    0.3043052838        0.4264343277E-01   -0.4318650329E-01    0.4959919040E-01   -0.3923291606E-01
    0.3062622309        0.4173848035E-01   -0.4225293311E-01    0.4862434530E-01   -0.3835733827E-01
    0.3082191781        0.4083288609E-01   -0.4132004882E-01    0.4764482129E-01   -0.3748397070E-01
    0.3101761252        0.3992744562E-01   -0.4038859263E-01    0.4666159098E-01   -0.3661345408E-01
    0.3121330724        0.3902294090E-01   -0.3945929469E-01    0.4567561603E-01   -0.3574641677E-01
    0.3140900196        0.3812013881E-01   -0.3853287182E-01    0.4468784529E-01   -0.3488347358E-01
    0.3160469667        0.3721978992E-01   -0.3761002602E-01    0.4369921304E-01   -0.3402522469E-01
    0.3180039139        0.3632262712E-01   -0.3669144333E-01    0.4271063733E-01   -0.3317225459E-01
    0.3199608611        0.3542936459E-01   -0.3577779247E-01    0.4172301836E-01   -0.3232513111E-01
    0.3219178082        0.3454069657E-01   -0.3486972384E-01    0.4073723689E-01   -0.3148440448E-01
    0.3238747554        0.3365729643E-01   -0.3396786833E-01    0.3975415286E-01   -0.3065060651E-01
    0.3258317025        0.3277981564E-01   -0.3307283643E-01    0.3877460395E-01   -0.2982424977E-01
    0.3277886497        0.3190888412E-01   -0.3218521837E-01    0.3779940576E-01   -0.2900582799E-01
    0.3297455969        0.3104511379E-01   -0.3130558792E-01    0.3682935595E-01   -0.2819581949E-01
    0.3317025440        0.3018909907E-01   -0.3043450251E-01    0.3586523452E-01   -0.2739468764E-01
    0.3336594912        0.2934141552E-01   -0.2957250223E-01    0.3490780215E-01   -0.2660287981E-01
    0.3356164384        0.2850261888E-01   -0.2872010844E-01    0.3395779863E-01   -0.2582082637E-01
    0.3375733855        0.2767324382E-01   -0.2787782281E-01    0.3301594131E-01   -0.2504893979E-01
    0.3395303327        0.2685380313E-01   -0.2704612615E-01    0.3208292374E-01   -0.2428761376E-01
    0.3414872798        0.2604478666E-01   -0.2622547764E-01    0.3115941434E-01   -0.2353722243E-01
    0.3434442270        0.2524666071E-01   -0.2541631384E-01    0.3024605524E-01   -0.2279811979E-01
    0.3454011742        0.2445986718E-01   -0.2461904813E-01    0.2934346121E-01   -0.2207063902E-01
    0.3473581213        0.2368482309E-01   -0.2383406988E-01    0.2845221871E-01   -0.2135509199E-01
    0.3493150685        0.2292191998E-01   -0.2306174412E-01    0.2757288501E-01   -0.2065176889E-01
    0.3512720157        0.2217152357E-01   -0.2230241084E-01    0.2670598752E-01   -0.1996093780E-01
    0.3532289628        0.2143397336E-01   -0.2155638486E-01    0.2585202311E-01   -0.1928284451E-01
    0.3551859100        0.2070958247E-01   -0.2082395538E-01    0.2501145767E-01   -0.1861771225E-01
    0.3571428571        0.1999863741E-01   -0.2010538594E-01    0.2418472563E-01   -0.1796574167E-01
    0.3590998043        0.1930139813E-01   -0.1940091416E-01    0.2337222976E-01   -0.1732711072E-01
    0.3610567515        0.1861809789E-01   -0.1871075192E-01    0.2257434090E-01   -0.1670197474E-01
    0.3630136986        0.1794894352E-01   -0.1803508520E-01    0.2179139797E-01   -0.1609046653E-01
    0.3649706458        0.1729411546E-01   -0.1737407447E-01    0.2102370788E-01   -0.1549269655E-01
    0.3669275930        0.1665376811E-01   -0.1672785464E-01    0.2027154575E-01   -0.1490875314E-01
    0.3688845401        0.1602803008E-01   -0.1609653560E-01    0.1953515503E-01   -0.1433870278E-01
    0.3708414873        0.1541700464E-01   -0.1548020231E-01    0.1881474786E-01   -0.1378259049E-01
    0.3727984344        0.1482077012E-01   -0.1487891551E-01    0.1811050540E-01   -0.1324044022E-01
    0.3747553816        0.1423938045E-01   -0.1429271186E-01    0.1742257832E-01   -0.1271225526E-01
    0.3767123288        0.1367286582E-01   -0.1372160495E-01    0.1675108751E-01   -0.1219801891E-01
    0.3786692759        0.1312123497E-01   -0.1316558711E-01    0.1609612658E-01   -0.1169769639E-01
    0.3806262231        0.1258447762E-01   -0.1262463229E-01    0.1545776489E-01   -0.1121123713E-01
    0.3825831703        0.1206256520E-01   -0.1209869625E-01    0.1483604817E-01   -0.1073857524E-01
    0.3845401174        0.1155545093E-01   -0.1158771711E-01    0.1423099866E-01   -0.1027962971E-01
    0.3864970646        0.1106307039E-01   -0.1109161531E-01    0.1364261554E-01   -0.9834304725E-02
    0.3884540117        0.1058534174E-01   -0.1061029435E-01    0.1307087527E-01   -0.9402490010E-02
    0.3904109589        0.1012216637E-01   -0.1014364087E-01    0.1251573217E-01   -0.8984061196E-02
    0.3923679061        0.9673429291E-02   -0.9691525461E-02    0.1197711893E-01   -0.8578880290E-02
    0.3943248532        0.9238999890E-02   -0.9253802858E-02    0.1145494732E-01   -0.8186796132E-02
    0.3962818004        0.8818732361E-02   -0.8830312892E-02    0.1094910883E-01   -0.7807644928E-02
    0.3982387476        0.8412466596E-02   -0.8420880672E-02    0.1045947552E-01   -0.7441250782E-02
    0.4001956947        0.8020028675E-02   -0.8025317695E-02    0.9985900725E-02   -0.7087426294E-02
    0.4021526419        0.7641231837E-02   -0.7643422027E-02    0.9528220068E-02   -0.6745973134E-02
    0.4041095890        0.7275877021E-02   -0.7274979511E-02    0.9086252222E-02   -0.6416682693E-02
    0.4060665362        0.6923753899E-02   -0.6919763950E-02    0.8659799983E-02   -0.6099336688E-02
    0.4080234834        0.6584641448E-02   -0.6577538386E-02    0.8248651132E-02   -0.5793707841E-02
    0.4099804305        0.6258309041E-02   -0.6248055268E-02    0.7852579557E-02   -0.5499560507E-02
    0.4119373777        0.5944517023E-02   -0.5931057786E-02    0.7471346150E-02   -0.5216651362E-02
    0.4138943249        0.5643017848E-02   -0.5626279999E-02    0.7104699988E-02   -0.4944730035E-02
    0.4158512720        0.5353556648E-02   -0.5333448214E-02    0.6752379245E-02   -0.4683539801E-02
    0.4178082192        0.5075872401E-02   -0.5052281051E-02    0.6414112401E-02   -0.4432818190E-02
    0.4197651663        0.4809698477E-02   -0.4782490856E-02    0.6089619162E-02   -0.4192297677E-02
    0.4217221135        0.4554763832E-02   -0.4523783676E-02    0.5778611681E-02   -0.3961706259E-02
    0.4236790607        0.4310793520E-02   -0.4275860705E-02    0.5480795469E-02   -0.3740768123E-02
    0.4256360078        0.4077509896E-02   -0.4038418135E-02    0.5195870612E-02   -0.3529204180E-02
    0.4275929550        0.3854633353E-02   -0.3811148895E-02    0.4923532987E-02   -0.3326732924E-02
    0.4295499022        0.3641884754E-02   -0.3593743555E-02    0.4663477036E-02   -0.3133071963E-02
    0.4315068493        0.3438986135E-02   -0.3385892111E-02    0.4415396978E-02   -0.2947938836E-02
    0.4334637965        0.3245661677E-02   -0.3187283238E-02    0.4178987703E-02   -0.2771051199E-02
    0.4354207436        0.3061637765E-02   -0.2997605532E-02    0.3953945209E-02   -0.2602127090E-02
    0.4373776908        0.2886644026E-02   -0.2816546593E-02    0.3739967524E-02   -0.2440885076E-02
    0.4393346380        0.2720413371E-02   -0.2643794360E-02    0.3536755163E-02   -0.2287044511E-02
    0.4412915851        0.2562683139E-02   -0.2479036022E-02    0.3344012125E-02   -0.2140325654E-02
    0.4432485323        0.2413195113E-02   -0.2321959441E-02    0.3161446349E-02   -0.2000449909E-02
    0.4452054795        0.2271696780E-02   -0.2172251838E-02    0.2988770787E-02   -0.1867139900E-02
    0.4471624266        0.2137941308E-02   -0.2029601325E-02    0.2825703853E-02   -0.1740119678E-02
    0.4491193738        0.2011688940E-02   -0.1893695297E-02    0.2671970575E-02   -0.1619114735E-02
    0.4510763209        0.1892706924E-02   -0.1764222089E-02    0.2527303024E-02   -0.1503852167E-02
    0.4530332681        0.1780771070E-02   -0.1640869009E-02    0.2391441561E-02   -0.1394060613E-02
    0.4549902153        0.1675665616E-02   -0.1523324133E-02    0.2264135241E-02   -0.1289470363E-02
    0.4569471624        0.1577185004E-02   -0.1411273901E-02    0.2145143173E-02   -0.1189813198E-02
    0.4589041096        0.1485133663E-02   -0.1304405088E-02    0.2034234895E-02   -0.1094822437E-02
    0.4608610568        0.1399328057E-02   -0.1202401841E-02    0.1931191875E-02   -0.1004232662E-02
    0.4628180039        0.1319596383E-02   -0.1104947890E-02    0.1835807861E-02   -0.9177796814E-03
    0.4647749511        0.1245780973E-02   -0.1011722865E-02    0.1747890563E-02   -0.8352001284E-03
    0.4667318982        0.1177737875E-02   -0.9224048512E-03    0.1667261969E-02   -0.7562313303E-03
    0.4686888454        0.1115339741E-02   -0.8366657619E-03    0.1593760283E-02   -0.6806107413E-03
    0.4706457926        0.1058475247E-02   -0.7541743843E-03    0.1527240185E-02   -0.6080757178E-03
    0.4726027397        0.1007052635E-02   -0.6745905000E-03    0.1467575123E-02   -0.5383627480E-03
    0.4745596869        0.9609989056E-03   -0.5975686624E-03    0.1414657499E-02   -0.4712071217E-03
    0.4765166341        0.9202642734E-03   -0.5227505874E-03    0.1368401441E-02   -0.4063419099E-03
    0.4784735812        0.8848209837E-03   -0.4497700858E-03    0.1328742857E-02   -0.3434975262E-03
    0.4804305284        0.8546690938E-03   -0.3782429537E-03    0.1295642918E-02   -0.2824003853E-03
    0.4823874755        0.8298346201E-03   -0.3077738311E-03    0.1269087832E-02   -0.2227723657E-03
    0.4843444227        0.8103773360E-03   -0.2379422550E-03    0.1249093403E-02   -0.1643290381E-03
    0.4863013699        0.7963876227E-03   -0.1683129778E-03    0.1235704238E-02   -0.1067790735E-03
    0.4882583170        0.7879975830E-03   -0.9841558055E-04    0.1229000025E-02   -0.4982185181E-04
    0.4902152642        0.7853750955E-03   -0.2776170581E-04    0.1229093470E-02    0.6853043526E-05
    0.4921722114        0.7887411588E-03    0.4418775528E-04    0.1236139746E-02    0.6356923012E-04
    0.4941291585        0.7983568573E-03    0.1179890652E-03    0.1250331052E-02    0.1206634775E-03
    0.4960861057        0.8145556639E-03    0.1942790689E-03    0.1271913590E-02    0.1784912367E-03
    0.4980430528        0.8377056780E-03    0.2736877624E-03    0.1301169995E-02    0.2374239433E-03
    0.5000000000        0.8683063908E-03    0.3570345807E-03    0.1338468565E-02    0.2978628790E-03
